*3DSMAX_ASCIIEXPORT	110
*COMMENT "This file is part of Gothic Free Aim Copyright (C) 2016-2017  mud-freak (@szapp)"
*COMMENT "<http://github.com/szapp/GothicFreeAim>"
*COMMENT "Animations: first iteration"
*SCENE {
	*SCENE_FILENAME "cbowIK_T2_left.max"
	*SCENE_FIRSTFRAME 1
	*SCENE_LASTFRAME 26
	*SCENE_FRAMESPEED 25
	*SCENE_TICKSPERFRAME 192
	*SCENE_BACKGROUND_STATIC 0	0	0
	*SCENE_AMBIENT_STATIC 0.2	0.2	0.2
}
*HELPEROBJECT {
	*NODE_NAME "Bip01"
	*NODE_TM {
		*NODE_NAME "Bip01"
		*TM_ROW0 -0.223483	-0.973914	-0.0393292
		*TM_ROW1 0.974662	-0.222899	-0.0187185
		*TM_ROW2 0.00946376	-0.0425159	0.999051
		*TM_ROW3 75.1116	6.59634	52.2476
		*TM_POS 75.1116	6.59634	52.2476
		*TM_ROTAXIS -0.012208	-0.0250306	0.999612
		*TM_ROTANGLE 1.79637
		*TM_SCALE 1	1	1
		*TM_SCALEAXIS 0	0	0
		*TM_SCALEAXISANG 0	0	0
	}
	*TM_ANIMATION {
		*NODE_NAME "Bip01"
		*CONTROL_POS_TRACK {
			*CONTROL_POS_SAMPLE 192	-5.98947	6.52958	48.4179
			*CONTROL_POS_SAMPLE 384	-3.11959	6.53793	50.408
			*CONTROL_POS_SAMPLE 576	-0.249709	6.54627	52.2551
			*CONTROL_POS_SAMPLE 768	2.62017	6.55462	54.0068
			*CONTROL_POS_SAMPLE 960	5.49005	6.56296	54.948
			*CONTROL_POS_SAMPLE 1152	8.35993	6.57131	54.5459
			*CONTROL_POS_SAMPLE 1344	11.2298	6.57965	53.6457
			*CONTROL_POS_SAMPLE 1536	14.0997	6.588	52.7406
			*CONTROL_POS_SAMPLE 1728	16.9696	6.59634	52.324
			*CONTROL_POS_SAMPLE 1920	20.3897	6.59634	52.3883
			*CONTROL_POS_SAMPLE 2112	23.8098	6.59634	52.5767
			*CONTROL_POS_SAMPLE 2304	27.2299	6.59634	52.858
			*CONTROL_POS_SAMPLE 2496	30.6501	6.59634	53.2016
			*CONTROL_POS_SAMPLE 2688	34.0702	6.59634	53.5763
			*CONTROL_POS_SAMPLE 2880	37.4903	6.59634	53.9514
			*CONTROL_POS_SAMPLE 3072	40.9104	6.59634	54.2959
			*CONTROL_POS_SAMPLE 3264	44.3305	6.59634	54.5788
			*CONTROL_POS_SAMPLE 3456	47.7507	6.59634	54.7694
			*CONTROL_POS_SAMPLE 3648	51.1708	6.59634	54.8366
			*CONTROL_POS_SAMPLE 3840	54.5909	6.59634	54.7014
			*CONTROL_POS_SAMPLE 4032	58.011	6.59634	54.3529
			*CONTROL_POS_SAMPLE 4224	61.4312	6.59634	53.8621
			*CONTROL_POS_SAMPLE 4416	64.8513	6.59634	53.3003
			*CONTROL_POS_SAMPLE 4608	68.2714	6.59634	52.7384
			*CONTROL_POS_SAMPLE 4800	71.6915	6.59634	52.2476
			*CONTROL_POS_SAMPLE 4992	75.1116	6.59634	52.2476
		}
		*CONTROL_ROT_TRACK {
			*CONTROL_ROT_SAMPLE 192	-0.012208	-0.0250306	0.999612	1.79637
			*CONTROL_ROT_SAMPLE 384	-0.012208	-0.0250306	0.999612	1.79637
			*CONTROL_ROT_SAMPLE 576	-0.012208	-0.0250306	0.999612	1.79637
			*CONTROL_ROT_SAMPLE 768	-0.012208	-0.0250306	0.999612	1.79637
			*CONTROL_ROT_SAMPLE 960	-0.012208	-0.0250306	0.999612	1.79637
			*CONTROL_ROT_SAMPLE 1152	-0.012208	-0.0250306	0.999612	1.79637
			*CONTROL_ROT_SAMPLE 1344	-0.012208	-0.0250306	0.999612	1.79637
			*CONTROL_ROT_SAMPLE 1536	-0.012208	-0.0250306	0.999612	1.79637
			*CONTROL_ROT_SAMPLE 1728	-0.012208	-0.0250306	0.999612	1.79637
			*CONTROL_ROT_SAMPLE 1920	-0.012208	-0.0250306	0.999612	1.79637
			*CONTROL_ROT_SAMPLE 2112	-0.012208	-0.0250306	0.999612	1.79637
			*CONTROL_ROT_SAMPLE 2304	-0.012208	-0.0250306	0.999612	1.79637
			*CONTROL_ROT_SAMPLE 2496	-0.012208	-0.0250306	0.999612	1.79637
			*CONTROL_ROT_SAMPLE 2688	-0.012208	-0.0250306	0.999612	1.79637
			*CONTROL_ROT_SAMPLE 2880	-0.012208	-0.0250306	0.999612	1.79637
			*CONTROL_ROT_SAMPLE 3072	-0.012208	-0.0250306	0.999612	1.79637
			*CONTROL_ROT_SAMPLE 3264	-0.012208	-0.0250306	0.999612	1.79637
			*CONTROL_ROT_SAMPLE 3456	-0.012208	-0.0250306	0.999612	1.79637
			*CONTROL_ROT_SAMPLE 3648	-0.012208	-0.0250306	0.999612	1.79637
			*CONTROL_ROT_SAMPLE 3840	-0.012208	-0.0250306	0.999612	1.79637
			*CONTROL_ROT_SAMPLE 4032	-0.012208	-0.0250306	0.999612	1.79637
			*CONTROL_ROT_SAMPLE 4224	-0.012208	-0.0250306	0.999612	1.79637
			*CONTROL_ROT_SAMPLE 4416	-0.012208	-0.0250306	0.999612	1.79637
			*CONTROL_ROT_SAMPLE 4608	-0.012208	-0.0250306	0.999612	1.79637
			*CONTROL_ROT_SAMPLE 4800	-0.012208	-0.0250306	0.999612	1.79637
			*CONTROL_ROT_SAMPLE 4992	-0.012208	-0.0250306	0.999612	1.79637
		}
	}
}
*HELPEROBJECT {
	*NODE_NAME "Bip01 Footsteps"
	*NODE_PARENT "Bip01"
	*NODE_TM {
		*NODE_NAME "Bip01 Footsteps"
		*TM_ROW0 1	0	0
		*TM_ROW1 0	1	0
		*TM_ROW2 0	0	1
		*TM_ROW3 75.1116	6.59634	0.551465
		*TM_POS 75.1116	6.59634	0.551465
		*TM_ROTAXIS 0	0	0
		*TM_ROTANGLE 0
		*TM_SCALE 1	1	1
		*TM_SCALEAXIS 0	0	0
		*TM_SCALEAXISANG 0	0	0
	}
}
*HELPEROBJECT {
	*NODE_NAME "Bip01 Pelvis"
	*NODE_PARENT "Bip01"
	*NODE_TM {
		*NODE_NAME "Bip01 Pelvis"
		*TM_ROW0 -0.244782	0.0170215	0.969429
		*TM_ROW1 -0.223482	-0.973914	-0.0393292
		*TM_ROW2 0.943471	-0.226277	0.242201
		*TM_ROW3 74.8396	7.76672	52.3
		*TM_POS 74.8396	7.76672	52.3
		*TM_ROTAXIS -0.611498	0.0849064	-0.786677
		*TM_ROTANGLE 2.98813
		*TM_SCALE 1	1	1
		*TM_SCALEAXIS 0	0	0
		*TM_SCALEAXISANG 0	0	0
	}
	*TM_ANIMATION {
		*NODE_NAME "Bip01 Pelvis"
		*CONTROL_POS_TRACK {
			*CONTROL_POS_SAMPLE 192	-6.26149	7.69997	48.4703
			*CONTROL_POS_SAMPLE 384	-3.39161	7.70831	50.4604
			*CONTROL_POS_SAMPLE 576	-0.521729	7.71666	52.3075
			*CONTROL_POS_SAMPLE 768	2.34815	7.725	54.0592
			*CONTROL_POS_SAMPLE 960	5.21803	7.73335	55.0004
			*CONTROL_POS_SAMPLE 1152	8.08791	7.74169	54.5983
			*CONTROL_POS_SAMPLE 1344	10.9578	7.75003	53.6981
			*CONTROL_POS_SAMPLE 1536	13.8277	7.75838	52.793
			*CONTROL_POS_SAMPLE 1728	16.6975	7.76672	52.3764
			*CONTROL_POS_SAMPLE 1920	20.1177	7.76672	52.4407
			*CONTROL_POS_SAMPLE 2112	23.5378	7.76672	52.629
			*CONTROL_POS_SAMPLE 2304	26.9579	7.76672	52.9104
			*CONTROL_POS_SAMPLE 2496	30.378	7.76672	53.2539
			*CONTROL_POS_SAMPLE 2688	33.7982	7.76672	53.6287
			*CONTROL_POS_SAMPLE 2880	37.2183	7.76672	54.0038
			*CONTROL_POS_SAMPLE 3072	40.6384	7.76672	54.3483
			*CONTROL_POS_SAMPLE 3264	44.0585	7.76672	54.6312
			*CONTROL_POS_SAMPLE 3456	47.4786	7.76672	54.8218
			*CONTROL_POS_SAMPLE 3648	50.8988	7.76672	54.889
			*CONTROL_POS_SAMPLE 3840	54.3189	7.76672	54.7538
			*CONTROL_POS_SAMPLE 4032	57.739	7.76672	54.4053
			*CONTROL_POS_SAMPLE 4224	61.1591	7.76672	53.9145
			*CONTROL_POS_SAMPLE 4416	64.5793	7.76672	53.3526
			*CONTROL_POS_SAMPLE 4608	67.9994	7.76672	52.7907
			*CONTROL_POS_SAMPLE 4800	71.4195	7.76672	52.3
			*CONTROL_POS_SAMPLE 4992	74.8396	7.76672	52.3
		}
		*CONTROL_ROT_TRACK {
			*CONTROL_ROT_SAMPLE 192	-0.611498	0.0849064	-0.786677	2.98813
			*CONTROL_ROT_SAMPLE 384	-0.611498	0.0849064	-0.786677	2.98813
			*CONTROL_ROT_SAMPLE 576	-0.611498	0.0849064	-0.786677	2.98813
			*CONTROL_ROT_SAMPLE 768	-0.611498	0.0849064	-0.786677	2.98813
			*CONTROL_ROT_SAMPLE 960	-0.611498	0.0849064	-0.786677	2.98813
			*CONTROL_ROT_SAMPLE 1152	-0.611498	0.0849064	-0.786677	2.98813
			*CONTROL_ROT_SAMPLE 1344	-0.611498	0.0849064	-0.786677	2.98813
			*CONTROL_ROT_SAMPLE 1536	-0.611498	0.0849064	-0.786677	2.98813
			*CONTROL_ROT_SAMPLE 1728	-0.611498	0.0849064	-0.786677	2.98813
			*CONTROL_ROT_SAMPLE 1920	-0.611498	0.0849064	-0.786677	2.98813
			*CONTROL_ROT_SAMPLE 2112	-0.611498	0.0849064	-0.786677	2.98813
			*CONTROL_ROT_SAMPLE 2304	-0.611498	0.0849064	-0.786677	2.98813
			*CONTROL_ROT_SAMPLE 2496	-0.611498	0.0849064	-0.786677	2.98813
			*CONTROL_ROT_SAMPLE 2688	-0.611498	0.0849064	-0.786677	2.98813
			*CONTROL_ROT_SAMPLE 2880	-0.611498	0.0849064	-0.786677	2.98813
			*CONTROL_ROT_SAMPLE 3072	-0.611498	0.0849064	-0.786677	2.98813
			*CONTROL_ROT_SAMPLE 3264	-0.611498	0.0849064	-0.786677	2.98813
			*CONTROL_ROT_SAMPLE 3456	-0.611498	0.0849064	-0.786677	2.98813
			*CONTROL_ROT_SAMPLE 3648	-0.611498	0.0849064	-0.786677	2.98813
			*CONTROL_ROT_SAMPLE 3840	-0.611498	0.0849064	-0.786677	2.98813
			*CONTROL_ROT_SAMPLE 4032	-0.611498	0.0849064	-0.786677	2.98813
			*CONTROL_ROT_SAMPLE 4224	-0.611498	0.0849064	-0.786677	2.98813
			*CONTROL_ROT_SAMPLE 4416	-0.611498	0.0849064	-0.786677	2.98813
			*CONTROL_ROT_SAMPLE 4608	-0.611498	0.0849064	-0.786677	2.98813
			*CONTROL_ROT_SAMPLE 4800	-0.611498	0.0849064	-0.786677	2.98813
			*CONTROL_ROT_SAMPLE 4992	-0.611498	0.0849064	-0.786677	2.98813
		}
	}
}
*HELPEROBJECT {
	*NODE_NAME "Bip01 Spine"
	*NODE_PARENT "Bip01 Pelvis"
	*NODE_TM {
		*NODE_NAME "Bip01 Spine"
		*TM_ROW0 0.0615986	0.0199475	0.997902
		*TM_ROW1 -0.58775	-0.807343	0.052419
		*TM_ROW2 0.806694	-0.589745	-0.038007
		*TM_ROW3 74.8851	7.75018	54.7008
		*TM_POS 74.8851	7.75018	54.7008
		*TM_ROTAXIS -0.709918	0.211381	-0.671814
		*TM_ROTANGLE 2.67227
		*TM_SCALE 1	1	1
		*TM_SCALEAXIS 0	0	0
		*TM_SCALEAXISANG 0	0	0
	}
}
*HELPEROBJECT {
	*NODE_NAME "Bip01 Spine1"
	*NODE_PARENT "Bip01 Spine"
	*NODE_TM {
		*NODE_NAME "Bip01 Spine1"
		*TM_ROW0 0.0362388	-0.0686068	0.996985
		*TM_ROW1 -0.769827	-0.638054	-0.0159252
		*TM_ROW2 0.637223	-0.766929	-0.0759376
		*TM_ROW3 75.4983	7.95271	64.5076
		*TM_POS 75.4983	7.95271	64.5076
		*TM_ROTAXIS -0.689853	0.330468	-0.644123
		*TM_ROTANGLE 2.56601
		*TM_SCALE 1	1	1
		*TM_SCALEAXIS 0	0	0
		*TM_SCALEAXISANG 0	0	0
	}
}
*HELPEROBJECT {
	*NODE_NAME "Bip01 Spine2"
	*NODE_PARENT "Bip01 Spine1"
	*NODE_TM {
		*NODE_NAME "Bip01 Spine2"
		*TM_ROW0 -0.0121297	-0.182261	0.983175
		*TM_ROW1 -0.92638	-0.368069	-0.0796618
		*TM_ROW2 0.376396	-0.91176	-0.164379
		*TM_ROW3 75.9839	7.08403	77.2607
		*TM_POS 75.9839	7.08403	77.2607
		*TM_ROTAXIS -0.654915	0.477575	-0.585669
		*TM_ROTANGLE 2.45323
		*TM_SCALE 1	1	1
		*TM_SCALEAXIS 0	0	0
		*TM_SCALEAXISANG 0	0	0
	}
}
*HELPEROBJECT {
	*NODE_NAME "Bip01 Neck"
	*NODE_PARENT "Bip01 Spine2"
	*NODE_TM {
		*NODE_NAME "Bip01 Neck"
		*TM_ROW0 -0.39014	-0.0816202	0.917131
		*TM_ROW1 -0.451599	-0.851068	-0.267847
		*TM_ROW2 0.802402	-0.518673	0.295176
		*TM_ROW3 75.6227	1.62373	106.742
		*TM_POS 75.6227	1.62373	106.742
		*TM_ROTAXIS -0.543529	0.248612	-0.801728
		*TM_ROTANGLE 2.90876
		*TM_SCALE 1	1	1
		*TM_SCALEAXIS 0	0	0
		*TM_SCALEAXISANG 0	0	0
	}
}
*HELPEROBJECT {
	*NODE_NAME "Bip01 Head"
	*NODE_PARENT "Bip01 Neck"
	*NODE_TM {
		*NODE_NAME "Bip01 Head"
		*TM_ROW0 -0.445847	0.0435763	0.894048
		*TM_ROW1 0.0163127	-0.998253	0.0567902
		*TM_ROW2 0.894961	0.0399041	0.444357
		*TM_ROW3 72.9544	1.06551	113.014
		*TM_POS 72.9544	1.06551	113.014
		*TM_ROTAXIS -0.526336	-0.028448	-0.8498
		*TM_ROTANGLE 3.12555
		*TM_SCALE 1	1	1
		*TM_SCALEAXIS 0	0	0
		*TM_SCALEAXISANG 0	0	0
	}
}
*HELPEROBJECT {
	*NODE_NAME "zs_Helmet"
	*NODE_PARENT "Bip01 Head"
	*NODE_TM {
		*NODE_NAME "zs_Helmet"
		*TM_ROW0 0.894961	0.039905	0.444357
		*TM_ROW1 0.0187171	0.991757	-0.126761
		*TM_ROW2 -0.445752	0.121763	0.886836
		*TM_ROW3 -51.4651	-58.6932	368.969
		*TM_POS -51.4651	-58.6932	368.969
		*TM_ROTAXIS 0.26885	0.962909	-0.0229209
		*TM_ROTANGLE 0.480472
		*TM_SCALE 1	1	1
		*TM_SCALEAXIS 0	0	0
		*TM_SCALEAXISANG 0	0	0
	}
}
*HELPEROBJECT {
	*NODE_NAME "Bip01 L Clavicle"
	*NODE_PARENT "Bip01 Neck"
	*NODE_TM {
		*NODE_NAME "Bip01 L Clavicle"
		*TM_ROW0 0.392173	-0.885572	-0.248921
		*TM_ROW1 0.919598	0.384257	0.0817693
		*TM_ROW2 0.0232372	-0.260975	0.965066
		*TM_ROW3 80.9727	-3.75413	100.351
		*TM_POS 80.9727	-3.75413	100.351
		*TM_ROTAXIS -0.184523	-0.146521	0.971845
		*TM_ROTANGLE 1.19098
		*TM_SCALE 1	1	1
		*TM_SCALEAXIS 0	0	0
		*TM_SCALEAXISANG 0	0	0
	}
}
*HELPEROBJECT {
	*NODE_NAME "Bip01 L UpperArm"
	*NODE_PARENT "Bip01 L Clavicle"
	*NODE_TM {
		*NODE_NAME "Bip01 L UpperArm"
		*TM_ROW0 -0.512908	-0.737503	-0.439336
		*TM_ROW1 0.445851	0.208483	-0.870489
		*TM_ROW2 0.733582	-0.642359	0.221883
		*TM_ROW3 86.1988	-15.5553	97.0341
		*TM_POS 86.1988	-15.5553	97.0341
		*TM_ROTAXIS -0.135655	0.697461	-0.703666
		*TM_ROTANGLE 4.14044
		*TM_SCALE 1	1	1
		*TM_SCALEAXIS 0	0	0
		*TM_SCALEAXISANG 0	0	0
	}
}
*HELPEROBJECT {
	*NODE_NAME "Bip01 L Forearm"
	*NODE_PARENT "Bip01 L UpperArm"
	*NODE_TM {
		*NODE_NAME "Bip01 L Forearm"
		*TM_ROW0 -0.436474	-0.195072	0.878315
		*TM_ROW1 -0.52091	-0.741163	-0.423475
		*TM_ROW2 0.733582	-0.642359	0.221883
		*TM_ROW3 71.8855	-36.1362	84.7739
		*TM_POS 71.8855	-36.1362	84.7739
		*TM_ROTAXIS -0.523191	0.345949	-0.778839
		*TM_ROTANGLE 2.93085
		*TM_SCALE 1	1	1
		*TM_SCALEAXIS 0	0	0
		*TM_SCALEAXISANG 0	0	0
	}
}
*HELPEROBJECT {
	*NODE_NAME "Bip01 L Hand"
	*NODE_PARENT "Bip01 L Forearm"
	*NODE_TM {
		*NODE_NAME "Bip01 L Hand"
		*TM_ROW0 -0.985851	0.0836732	-0.145248
		*TM_ROW1 -0.126203	0.199785	0.971678
		*TM_ROW2 0.110322	0.97626	-0.186399
		*TM_ROW3 59.7444	-41.5624	109.205
		*TM_POS 59.7444	-41.5624	109.205
		*TM_ROTAXIS 0.0138549	-0.772735	-0.634578
		*TM_ROTANGLE 2.97546
		*TM_SCALE 1	1	1
		*TM_SCALEAXIS 0	0	0
		*TM_SCALEAXISANG 0	0	0
	}
}
*HELPEROBJECT {
	*NODE_NAME "Bip01 L Finger0"
	*NODE_PARENT "Bip01 L Hand"
	*NODE_TM {
		*NODE_NAME "Bip01 L Finger0"
		*TM_ROW0 -0.98585	0.0836757	-0.145251
		*TM_ROW1 -0.12629	0.199039	0.97182
		*TM_ROW2 0.110228	0.976413	-0.185655
		*TM_ROW3 47.0567	-40.4855	107.336
		*TM_POS 47.0567	-40.4855	107.336
		*TM_ROTAXIS 0.0138868	-0.772492	-0.634873
		*TM_ROTANGLE 2.97547
		*TM_SCALE 1	1	1
		*TM_SCALEAXIS 0	0	0
		*TM_SCALEAXISANG 0	0	0
	}
}
*HELPEROBJECT {
	*NODE_NAME "zs_LeftHand"
	*NODE_PARENT "Bip01 L Hand"
	*NODE_TM {
		*NODE_NAME "zs_LeftHand"
		*TM_ROW0 0.0243749	0.998895	-0.040184
		*TM_ROW1 0.0675177	-0.0417491	-0.996844
		*TM_ROW2 -0.99742	0.0215849	-0.0684607
		*TM_ROW3 -65.404	-179.206	305.412
		*TM_POS -65.404	-179.206	305.412
		*TM_ROTAXIS -0.606362	-0.569929	0.554532
		*TM_ROTANGLE 4.13848
		*TM_SCALE 1	1	1
		*TM_SCALEAXIS 0	0	0
		*TM_SCALEAXISANG 0	0	0
	}
}
*HELPEROBJECT {
	*NODE_NAME "zs_LeftArm"
	*NODE_PARENT "Bip01 L Forearm"
	*NODE_TM {
		*NODE_NAME "zs_LeftArm"
		*TM_ROW0 -0.536218	-0.270946	0.799411
		*TM_ROW1 -0.405677	-0.7478	-0.525568
		*TM_ROW2 0.7402	-0.606122	0.291067
		*TM_ROW3 85.2158	11.0412	400.422
		*TM_POS 85.2158	11.0412	400.422
		*TM_ROTAXIS -0.48014	0.352927	-0.803062
		*TM_ROTANGLE 3.05761
		*TM_SCALE 1	1	1
		*TM_SCALEAXIS 0	0	0
		*TM_SCALEAXISANG 0	0	0
	}
}
*HELPEROBJECT {
	*NODE_NAME "Bip01 R Clavicle"
	*NODE_PARENT "Bip01 Neck"
	*NODE_TM {
		*NODE_NAME "Bip01 R Clavicle"
		*TM_ROW0 -0.874707	0.475434	-0.0940753
		*TM_ROW1 0.456922	0.873692	0.166988
		*TM_ROW2 0.161585	0.103081	-0.981461
		*TM_ROW3 74.9775	10.7683	102.969
		*TM_POS 74.9775	10.7683	102.969
		*TM_ROTAXIS -0.241913	-0.967764	-0.0700733
		*TM_ROTANGLE 3.00912
		*TM_SCALE 1	1	1
		*TM_SCALEAXIS 0	0	0
		*TM_SCALEAXISANG 0	0	0
	}
}
*HELPEROBJECT {
	*NODE_NAME "Bip01 R UpperArm"
	*NODE_PARENT "Bip01 R Clavicle"
	*NODE_TM {
		*NODE_NAME "Bip01 R UpperArm"
		*TM_ROW0 -0.916774	-0.33527	-0.217069
		*TM_ROW1 -0.289976	0.932453	-0.215514
		*TM_ROW2 0.274662	-0.134633	-0.952069
		*TM_ROW3 63.3211	17.104	101.716
		*TM_POS 63.3211	17.104	101.716
		*TM_ROTAXIS 0.161635	-0.98269	0.0905183
		*TM_ROTANGLE 2.88871
		*TM_SCALE 1	1	1
		*TM_SCALEAXIS 0	0	0
		*TM_SCALEAXISANG 0	0	0
	}
}
*HELPEROBJECT {
	*NODE_NAME "Bip01 R Forearm"
	*NODE_PARENT "Bip01 R UpperArm"
	*NODE_TM {
		*NODE_NAME "Bip01 R Forearm"
		*TM_ROW0 0.483406	-0.836587	0.25776
		*TM_ROW1 -0.831192	-0.531033	-0.164696
		*TM_ROW2 0.274662	-0.134633	-0.952069
		*TM_ROW3 37.7374	7.74785	95.6582
		*TM_POS 37.7374	7.74785	95.6582
		*TM_ROTAXIS -0.86121	0.484175	-0.154568
		*TM_ROTANGLE 3.15905
		*TM_SCALE 1	1	1
		*TM_SCALEAXIS 0	0	0
		*TM_SCALEAXISANG 0	0	0
	}
}
*HELPEROBJECT {
	*NODE_NAME "Bip01 R Hand"
	*NODE_PARENT "Bip01 R Forearm"
	*NODE_TM {
		*NODE_NAME "Bip01 R Hand"
		*TM_ROW0 0.755101	-0.626242	0.194021
		*TM_ROW1 -0.132232	0.144381	0.980647
		*TM_ROW2 -0.642135	-0.766143	0.0262131
		*TM_ROW3 51.184	-15.5229	102.828
		*TM_POS 51.184	-15.5229	102.828
		*TM_ROTAXIS -0.873998	0.418367	0.247176
		*TM_ROTANGLE 1.60796
		*TM_SCALE 1	1	1
		*TM_SCALEAXIS 0	0	0
		*TM_SCALEAXISANG 0	0	0
	}
}
*HELPEROBJECT {
	*NODE_NAME "Bip01 R Finger0"
	*NODE_PARENT "Bip01 R Hand"
	*NODE_TM {
		*NODE_NAME "Bip01 R Finger0"
		*TM_ROW0 0.7551	-0.626243	0.194021
		*TM_ROW1 -0.132722	0.143796	0.980667
		*TM_ROW2 -0.642035	-0.766252	0.0254636
		*TM_ROW3 60.902	-23.5826	105.325
		*TM_POS 60.902	-23.5826	105.325
		*TM_ROTAXIS -0.874085	0.418327	0.246937
		*TM_ROTANGLE 1.60863
		*TM_SCALE 1	1	1
		*TM_SCALEAXIS 0	0	0
		*TM_SCALEAXISANG 0	0	0
	}
}
*HELPEROBJECT {
	*NODE_NAME "zs_RightHand"
	*NODE_PARENT "Bip01 R Hand"
	*NODE_TM {
		*NODE_NAME "zs_RightHand"
		*TM_ROW0 0.0365619	0.998993	0.0260055
		*TM_ROW1 -0.993092	0.0392247	-0.110586
		*TM_ROW2 -0.111495	-0.0217826	0.993526
		*TM_ROW3 123.727	-83.0502	177.573
		*TM_POS 123.727	-83.0502	177.573
		*TM_ROTAXIS 0.0444283	0.0687914	-0.996641
		*TM_ROTANGLE 1.53613
		*TM_SCALE 1	1	1
		*TM_SCALEAXIS 0	0	0
		*TM_SCALEAXISANG 0	0	0
	}
}
*HELPEROBJECT {
	*NODE_NAME "zs_Crossbow"
	*NODE_PARENT "Bip01 Spine2"
	*NODE_TM {
		*NODE_NAME "zs_Crossbow"
		*TM_ROW0 -0.256691	0.141333	0.956104
		*TM_ROW1 -0.301124	0.928315	-0.21807
		*TM_ROW2 -0.918387	-0.343883	-0.195731
		*TM_ROW3 344.212	220.229	1512.19
		*TM_POS 344.212	220.229	1512.19
		*TM_ROTAXIS -0.0651843	0.971185	-0.22924
		*TM_ROTANGLE 1.83595
		*TM_SCALE 1	1	1
		*TM_SCALEAXIS 0	0	0
		*TM_SCALEAXISANG 0	0	0
	}
}
*HELPEROBJECT {
	*NODE_NAME "zs_Longsword"
	*NODE_PARENT "Bip01 Spine2"
	*NODE_TM {
		*NODE_NAME "zs_Longsword"
		*TM_ROW0 -0.425396	0.214058	0.879328
		*TM_ROW1 -0.162262	0.937841	-0.3068
		*TM_ROW2 -0.890343	-0.273192	-0.36422
		*TM_ROW3 121.082	279.144	1191.29
		*TM_POS 121.082	279.144	1191.29
		*TM_ROTAXIS 0.0185721	0.97796	-0.207963
		*TM_ROTANGLE 2.01074
		*TM_SCALE 1	1	1
		*TM_SCALEAXIS 0	0	0
		*TM_SCALEAXISANG 0	0	0
	}
}
*HELPEROBJECT {
	*NODE_NAME "zs_Shield"
	*NODE_PARENT "Bip01 Spine2"
	*NODE_TM {
		*NODE_NAME "zs_Shield"
		*TM_ROW0 0.276303	0.294224	-0.914926
		*TM_ROW1 0.02342	0.949642	0.312461
		*TM_ROW2 0.960785	-0.107762	0.255498
		*TM_ROW3 533.914	-76.2681	371.908
		*TM_POS 533.914	-76.2681	371.908
		*TM_ROTAXIS -0.216477	-0.966269	-0.139504
		*TM_ROTANGLE 1.32769
		*TM_SCALE 1	1	1
		*TM_SCALEAXIS 0	0	0
		*TM_SCALEAXISANG 0	0	0
	}
}
*HELPEROBJECT {
	*NODE_NAME "zs_Bow"
	*NODE_PARENT "Bip01 Spine2"
	*NODE_TM {
		*NODE_NAME "zs_Bow"
		*TM_ROW0 -0.374991	0.0532368	0.925499
		*TM_ROW1 0.89189	0.292979	0.344521
		*TM_ROW2 -0.25281	0.954636	-0.157346
		*TM_ROW3 565.073	171.729	214.398
		*TM_POS 565.073	171.729	214.398
		*TM_ROTAXIS -0.38868	-0.750654	-0.534273
		*TM_ROTANGLE 4.04406
		*TM_SCALE 1	1	1
		*TM_SCALEAXIS 0	0	0
		*TM_SCALEAXISANG 0	0	0
	}
}
*HELPEROBJECT {
	*NODE_NAME "zs_Sword"
	*NODE_PARENT "Bip01 Spine"
	*NODE_TM {
		*NODE_NAME "zs_Sword"
		*TM_ROW0 -0.134461	-0.245788	0.959952
		*TM_ROW1 0.575474	0.769274	0.277574
		*TM_ROW2 -0.806691	0.58975	0.0380072
		*TM_ROW3 373.561	-116.664	77.5795
		*TM_POS 373.561	-116.664	77.5795
		*TM_ROTAXIS 0.15822	0.895384	0.416238
		*TM_ROTANGLE 1.73512
		*TM_SCALE 1	1	1
		*TM_SCALEAXIS 0	0	0
		*TM_SCALEAXISANG 0	0	0
	}
}
*HELPEROBJECT {
	*NODE_NAME "Bip01 L Thigh"
	*NODE_PARENT "Bip01 Pelvis"
	*NODE_TM {
		*NODE_NAME "Bip01 L Thigh"
		*TM_ROW0 0.204011	-0.977456	-0.0543911
		*TM_ROW1 -0.168177	-0.0897266	0.981665
		*TM_ROW2 -0.964415	-0.191124	-0.182691
		*TM_ROW3 83.3405	5.72791	54.4823
		*TM_POS 83.3405	5.72791	54.4823
		*TM_ROTAXIS -0.693665	0.538249	0.478662
		*TM_ROTANGLE 2.13436
		*TM_SCALE 1	1	1
		*TM_SCALEAXIS 0	0	0
		*TM_SCALEAXISANG 0	0	0
	}
	*TM_ANIMATION {
		*NODE_NAME "Bip01 L Thigh"
		*CONTROL_POS_TRACK {
			*CONTROL_POS_SAMPLE 192	2.23939	5.66115	50.6526
			*CONTROL_POS_SAMPLE 384	5.10927	5.66949	52.6427
			*CONTROL_POS_SAMPLE 576	7.97915	5.67784	54.4897
			*CONTROL_POS_SAMPLE 768	10.849	5.68618	56.2414
			*CONTROL_POS_SAMPLE 960	13.7189	5.69453	57.1826
			*CONTROL_POS_SAMPLE 1152	16.5888	5.70287	56.7806
			*CONTROL_POS_SAMPLE 1344	19.4587	5.71122	55.8804
			*CONTROL_POS_SAMPLE 1536	22.3285	5.71956	54.9753
			*CONTROL_POS_SAMPLE 1728	25.1984	5.72791	54.5587
			*CONTROL_POS_SAMPLE 1920	28.6185	5.72791	54.623
			*CONTROL_POS_SAMPLE 2112	32.0387	5.72791	54.8113
			*CONTROL_POS_SAMPLE 2304	35.4588	5.72791	55.0927
			*CONTROL_POS_SAMPLE 2496	38.8789	5.72791	55.4362
			*CONTROL_POS_SAMPLE 2688	42.299	5.72791	55.811
			*CONTROL_POS_SAMPLE 2880	45.7192	5.72791	56.186
			*CONTROL_POS_SAMPLE 3072	49.1393	5.72791	56.5305
			*CONTROL_POS_SAMPLE 3264	52.5594	5.72791	56.8135
			*CONTROL_POS_SAMPLE 3456	55.9795	5.72791	57.004
			*CONTROL_POS_SAMPLE 3648	59.3997	5.72791	57.0712
			*CONTROL_POS_SAMPLE 3840	62.8198	5.72791	56.9361
			*CONTROL_POS_SAMPLE 4032	66.2399	5.72791	56.5875
			*CONTROL_POS_SAMPLE 4224	69.66	5.72791	56.0968
			*CONTROL_POS_SAMPLE 4416	73.0801	5.72791	55.5349
			*CONTROL_POS_SAMPLE 4608	76.5003	5.72791	54.973
			*CONTROL_POS_SAMPLE 4800	79.9204	5.72791	54.4823
			*CONTROL_POS_SAMPLE 4992	83.3405	5.72791	54.4823
		}
		*CONTROL_ROT_TRACK {
			*CONTROL_ROT_SAMPLE 192	-0.726031	0.487788	0.484708	2.29297
			*CONTROL_ROT_SAMPLE 384	-0.743297	0.497212	0.447537	2.24676
			*CONTROL_ROT_SAMPLE 576	-0.738126	0.533508	0.412965	2.26943
			*CONTROL_ROT_SAMPLE 768	-0.754626	0.530943	0.385538	2.31148
			*CONTROL_ROT_SAMPLE 960	-0.772105	0.524077	0.359441	2.36763
			*CONTROL_ROT_SAMPLE 1152	-0.787732	0.515714	0.336922	2.42351
			*CONTROL_ROT_SAMPLE 1344	-0.805504	0.492753	0.329178	2.47827
			*CONTROL_ROT_SAMPLE 1536	-0.823083	0.459561	0.333672	2.53103
			*CONTROL_ROT_SAMPLE 1728	-0.834361	0.431398	0.343128	2.56936
			*CONTROL_ROT_SAMPLE 1920	-0.815457	0.451635	0.362015	2.52672
			*CONTROL_ROT_SAMPLE 2112	-0.800652	0.459897	0.383994	2.5002
			*CONTROL_ROT_SAMPLE 2304	-0.785914	0.46425	0.408426	2.47577
			*CONTROL_ROT_SAMPLE 2496	-0.770855	0.465949	0.434367	2.45334
			*CONTROL_ROT_SAMPLE 2688	-0.755011	0.466393	0.460907	2.43252
			*CONTROL_ROT_SAMPLE 2880	-0.738576	0.466892	0.48633	2.41501
			*CONTROL_ROT_SAMPLE 3072	-0.721519	0.46719	0.511023	2.39963
			*CONTROL_ROT_SAMPLE 3264	-0.702895	0.465902	0.53747	2.38213
			*CONTROL_ROT_SAMPLE 3456	-0.681459	0.461568	0.567952	2.35901
			*CONTROL_ROT_SAMPLE 3648	-0.658394	0.454529	0.599934	2.33516
			*CONTROL_ROT_SAMPLE 3840	-0.635846	0.444623	0.63088	2.31508
			*CONTROL_ROT_SAMPLE 4032	0.614609	-0.431424	-0.660401	3.98856
			*CONTROL_ROT_SAMPLE 4224	0.627165	-0.449924	-0.635792	4.02477
			*CONTROL_ROT_SAMPLE 4416	-0.642925	0.472701	0.602662	2.22169
			*CONTROL_ROT_SAMPLE 4608	-0.660176	0.497428	0.562791	2.18732
			*CONTROL_ROT_SAMPLE 4800	-0.677187	0.521378	0.519214	2.15707
			*CONTROL_ROT_SAMPLE 4992	-0.693665	0.538249	0.478662	2.13436
		}
	}
}
*HELPEROBJECT {
	*NODE_NAME "Bip01 L Calf"
	*NODE_PARENT "Bip01 L Thigh"
	*NODE_TM {
		*NODE_NAME "Bip01 L Calf"
		*TM_ROW0 0.0230326	0.62762	-0.778179
		*TM_ROW1 0.263389	-0.754695	-0.600884
		*TM_ROW2 -0.964415	-0.191124	-0.182691
		*TM_ROW3 91.3673	-32.7299	52.3422
		*TM_POS 91.3673	-32.7299	52.3422
		*TM_ROTAXIS -0.707692	-0.321646	0.629059
		*TM_ROTANGLE 3.4353
		*TM_SCALE 1	1	1
		*TM_SCALEAXIS 0	0	0
		*TM_SCALEAXISANG 0	0	0
	}
	*TM_ANIMATION {
		*NODE_NAME "Bip01 L Calf"
		*CONTROL_POS_TRACK {
			*CONTROL_POS_SAMPLE 192	10.6804	-31.7935	42.0552
			*CONTROL_POS_SAMPLE 384	15.831	-31.7052	46.6268
			*CONTROL_POS_SAMPLE 576	17.8971	-32.2227	50.8562
			*CONTROL_POS_SAMPLE 768	21.8236	-31.9101	52.4871
			*CONTROL_POS_SAMPLE 960	25.8107	-31.4966	52.8672
			*CONTROL_POS_SAMPLE 1152	29.7594	-31.0393	51.8246
			*CONTROL_POS_SAMPLE 1344	34.1003	-30.1851	49.1651
			*CONTROL_POS_SAMPLE 1536	38.5861	-28.8833	45.6828
			*CONTROL_POS_SAMPLE 1728	42.5385	-27.6503	43.016
			*CONTROL_POS_SAMPLE 1920	44.0143	-28.8151	43.771
			*CONTROL_POS_SAMPLE 2112	45.9441	-29.4072	43.8488
			*CONTROL_POS_SAMPLE 2304	47.9305	-29.8428	43.8147
			*CONTROL_POS_SAMPLE 2496	49.9272	-30.1742	43.732
			*CONTROL_POS_SAMPLE 2688	51.888	-30.4496	43.6761
			*CONTROL_POS_SAMPLE 2880	53.8154	-30.6921	43.6939
			*CONTROL_POS_SAMPLE 3072	55.7175	-30.8975	43.7508
			*CONTROL_POS_SAMPLE 3264	57.5622	-31.0609	43.7916
			*CONTROL_POS_SAMPLE 3456	59.3075	-31.1794	43.7833
			*CONTROL_POS_SAMPLE 3648	61.0289	-31.2333	43.6834
			*CONTROL_POS_SAMPLE 3840	62.8492	-31.1891	43.3291
			*CONTROL_POS_SAMPLE 4032	64.8884	-31.0824	42.7604
			*CONTROL_POS_SAMPLE 4224	69.9862	-31.7516	44.1302
			*CONTROL_POS_SAMPLE 4416	75.3584	-32.338	45.8492
			*CONTROL_POS_SAMPLE 4608	80.8136	-32.7294	47.8706
			*CONTROL_POS_SAMPLE 4800	86.1777	-32.8662	50.0827
			*CONTROL_POS_SAMPLE 4992	91.3673	-32.7299	52.3422
		}
		*CONTROL_ROT_TRACK {
			*CONTROL_ROT_SAMPLE 192	-0.718032	-0.380715	0.582654	3.53418
			*CONTROL_ROT_SAMPLE 384	-0.716409	-0.391566	0.577438	3.45795
			*CONTROL_ROT_SAMPLE 576	-0.74251	-0.379459	0.551987	3.42468
			*CONTROL_ROT_SAMPLE 768	-0.759203	-0.383737	0.525697	3.38557
			*CONTROL_ROT_SAMPLE 960	-0.777137	-0.389021	0.494693	3.35418
			*CONTROL_ROT_SAMPLE 1152	-0.79386	-0.39199	0.464899	3.32863
			*CONTROL_ROT_SAMPLE 1344	-0.807843	-0.387565	0.444052	3.31048
			*CONTROL_ROT_SAMPLE 1536	-0.819811	-0.376068	0.431837	3.30063
			*CONTROL_ROT_SAMPLE 1728	-0.827974	-0.362537	0.427816	3.29798
			*CONTROL_ROT_SAMPLE 1920	-0.814612	-0.364457	0.451198	3.33006
			*CONTROL_ROT_SAMPLE 2112	-0.802367	-0.365952	0.471472	3.36753
			*CONTROL_ROT_SAMPLE 2304	-0.789797	-0.365623	0.492485	3.4069
			*CONTROL_ROT_SAMPLE 2496	-0.777131	-0.363469	0.513769	3.4473
			*CONTROL_ROT_SAMPLE 2688	-0.764636	-0.359424	0.534926	3.48801
			*CONTROL_ROT_SAMPLE 2880	-0.753227	-0.353989	0.554384	3.52838
			*CONTROL_ROT_SAMPLE 3072	-0.742414	-0.347439	0.572807	3.56843
			*CONTROL_ROT_SAMPLE 3264	-0.730216	-0.338937	0.593216	3.60844
			*CONTROL_ROT_SAMPLE 3456	-0.71458	-0.327221	0.618306	3.64825
			*CONTROL_ROT_SAMPLE 3648	-0.696927	-0.31308	0.645192	3.68601
			*CONTROL_ROT_SAMPLE 3840	-0.678697	-0.298001	0.671242	3.71897
			*CONTROL_ROT_SAMPLE 4032	0.658487	0.28354	-0.697137	2.53841
			*CONTROL_ROT_SAMPLE 4224	0.664905	0.291968	-0.687499	2.58073
			*CONTROL_ROT_SAMPLE 4416	-0.674252	-0.301573	0.674121	3.64807
			*CONTROL_ROT_SAMPLE 4608	-0.685426	-0.310598	0.658575	3.58279
			*CONTROL_ROT_SAMPLE 4800	-0.697152	-0.317692	0.64269	3.50995
			*CONTROL_ROT_SAMPLE 4992	-0.707692	-0.321646	0.629059	3.4353
		}
	}
}
*HELPEROBJECT {
	*NODE_NAME "Bip01 L Foot"
	*NODE_PARENT "Bip01 L Calf"
	*NODE_TM {
		*NODE_NAME "Bip01 L Foot"
		*TM_ROW0 0.000569515	-0.000255938	-1
		*TM_ROW1 0.173637	-0.98481	0.000350937
		*TM_ROW2 -0.98481	-0.173637	-0.000516424
		*TM_ROW3 92.4981	-1.91525	14.1355
		*TM_POS 92.4981	-1.91525	14.1355
		*TM_ROTAXIS -0.705955	-0.0616344	0.705569
		*TM_ROTANGLE 3.01805
		*TM_SCALE 1	1	1
		*TM_SCALEAXIS 0	0	0
		*TM_SCALEAXISANG 0	0	0
	}
	*TM_ANIMATION {
		*NODE_NAME "Bip01 L Foot"
		*CONTROL_POS_TRACK {
			*CONTROL_POS_SAMPLE 192	14.0188	4.97311	9.68776
			*CONTROL_POS_SAMPLE 384	18.3172	3.97739	12.9942
			*CONTROL_POS_SAMPLE 576	23.8134	2.46346	16.6151
			*CONTROL_POS_SAMPLE 768	29.9406	2.50884	18.4278
			*CONTROL_POS_SAMPLE 960	36.4551	2.98057	19.5715
			*CONTROL_POS_SAMPLE 1152	42.8624	3.49554	19.479
			*CONTROL_POS_SAMPLE 1344	49.3286	4.00493	17.3889
			*CONTROL_POS_SAMPLE 1536	55.6877	4.55755	14.0628
			*CONTROL_POS_SAMPLE 1728	60.9462	4.91683	11.2178
			*CONTROL_POS_SAMPLE 1920	60.3708	4.23051	11.3513
			*CONTROL_POS_SAMPLE 2112	60.5084	4.24488	11.1992
			*CONTROL_POS_SAMPLE 2304	60.7313	4.3568	10.9954
			*CONTROL_POS_SAMPLE 2496	61.0345	4.5112	10.8058
			*CONTROL_POS_SAMPLE 2688	61.4134	4.65298	10.6965
			*CONTROL_POS_SAMPLE 2880	61.9981	4.79043	10.7604
			*CONTROL_POS_SAMPLE 3072	62.72	4.93808	10.9278
			*CONTROL_POS_SAMPLE 3264	63.2763	5.05038	11.0212
			*CONTROL_POS_SAMPLE 3456	63.3693	5.07008	10.9191
			*CONTROL_POS_SAMPLE 3648	63.276	5.05004	10.6826
			*CONTROL_POS_SAMPLE 3840	63.276	5.05	10.2062
			*CONTROL_POS_SAMPLE 4032	63.276	5.05	9.55758
			*CONTROL_POS_SAMPLE 4224	68.497	3.80555	10.3063
			*CONTROL_POS_SAMPLE 4416	74.2635	2.43107	11.201
			*CONTROL_POS_SAMPLE 4608	80.3417	0.982291	12.1792
			*CONTROL_POS_SAMPLE 4800	86.4979	-0.485053	13.1782
			*CONTROL_POS_SAMPLE 4992	92.4981	-1.91525	14.1355
		}
		*CONTROL_ROT_TRACK {
			*CONTROL_ROT_SAMPLE 192	-0.698136	-0.270994	0.662698	3.19318
			*CONTROL_ROT_SAMPLE 384	-0.705648	-0.178789	0.685635	3.11497
			*CONTROL_ROT_SAMPLE 576	-0.705986	-0.061617	0.70554	3.01802
			*CONTROL_ROT_SAMPLE 768	0.704726	0.0356943	-0.708581	3.28623
			*CONTROL_ROT_SAMPLE 960	0.704768	0.0364364	-0.708502	3.28563
			*CONTROL_ROT_SAMPLE 1152	0.705055	0.0416266	-0.70793	3.28142
			*CONTROL_ROT_SAMPLE 1344	0.705267	0.0457028	-0.707467	3.27811
			*CONTROL_ROT_SAMPLE 1536	0.705672	0.0542199	-0.706461	3.27119
			*CONTROL_ROT_SAMPLE 1728	-0.705982	-0.0616195	0.705544	3.01802
			*CONTROL_ROT_SAMPLE 1920	-0.705982	-0.0616192	0.705544	3.01802
			*CONTROL_ROT_SAMPLE 2112	-0.705982	-0.0616194	0.705544	3.01802
			*CONTROL_ROT_SAMPLE 2304	-0.705982	-0.0616196	0.705545	3.01802
			*CONTROL_ROT_SAMPLE 2496	-0.705981	-0.0616199	0.705545	3.01802
			*CONTROL_ROT_SAMPLE 2688	-0.70598	-0.0616205	0.705546	3.01802
			*CONTROL_ROT_SAMPLE 2880	-0.705978	-0.0616215	0.705548	3.01803
			*CONTROL_ROT_SAMPLE 3072	-0.705976	-0.0616228	0.70555	3.01803
			*CONTROL_ROT_SAMPLE 3264	-0.705974	-0.0616242	0.705552	3.01803
			*CONTROL_ROT_SAMPLE 3456	-0.705971	-0.0616256	0.705554	3.01803
			*CONTROL_ROT_SAMPLE 3648	-0.705969	-0.0616271	0.705556	3.01804
			*CONTROL_ROT_SAMPLE 3840	-0.705967	-0.0616284	0.705559	3.01804
			*CONTROL_ROT_SAMPLE 4032	-0.705964	-0.0616296	0.705561	3.01804
			*CONTROL_ROT_SAMPLE 4224	-0.705963	-0.0616305	0.705563	3.01804
			*CONTROL_ROT_SAMPLE 4416	-0.705961	-0.0616315	0.705564	3.01804
			*CONTROL_ROT_SAMPLE 4608	-0.705959	-0.0616324	0.705566	3.01805
			*CONTROL_ROT_SAMPLE 4800	-0.705957	-0.0616335	0.705568	3.01805
			*CONTROL_ROT_SAMPLE 4992	-0.705955	-0.0616344	0.705569	3.01805
		}
	}
}
*HELPEROBJECT {
	*NODE_NAME "Bip01 L Toe0"
	*NODE_PARENT "Bip01 L Foot"
	*NODE_TM {
		*NODE_NAME "Bip01 L Toe0"
		*TM_ROW0 0.173635	-0.98481	0.000271828
		*TM_ROW1 -0.000553809	0.000178377	1
		*TM_ROW2 -0.98481	-0.173635	-0.000514411
		*TM_ROW3 96.4371	-24.2183	1.5167
		*TM_POS 96.4371	-24.2183	1.5167
		*TM_ROTAXIS -0.644449	0.540914	0.54046
		*TM_ROTANGLE 1.99693
		*TM_SCALE 1	1	1
		*TM_SCALEAXIS 0	0	0
		*TM_SCALEAXISANG 0	0	0
	}
	*TM_ANIMATION {
		*NODE_NAME "Bip01 L Toe0"
		*CONTROL_POS_TRACK {
			*CONTROL_POS_SAMPLE 192	21.4976	-9.11101	-10.7544
			*CONTROL_POS_SAMPLE 384	24.3933	-14.256	-4.40697
			*CONTROL_POS_SAMPLE 576	27.7535	-19.8401	3.99751
			*CONTROL_POS_SAMPLE 768	33.3679	-20.4988	6.97875
			*CONTROL_POS_SAMPLE 960	39.8972	-20.0079	8.08848
			*CONTROL_POS_SAMPLE 1152	46.408	-19.3575	7.75953
			*CONTROL_POS_SAMPLE 1344	52.9552	-18.7396	5.48468
			*CONTROL_POS_SAMPLE 1536	59.4825	-17.9544	1.7751
			*CONTROL_POS_SAMPLE 1728	64.8861	-17.3867	-1.39993
			*CONTROL_POS_SAMPLE 1920	64.3107	-18.073	-1.26642
			*CONTROL_POS_SAMPLE 2112	64.4483	-18.0586	-1.41855
			*CONTROL_POS_SAMPLE 2304	64.6712	-17.9467	-1.62238
			*CONTROL_POS_SAMPLE 2496	64.9744	-17.7923	-1.81195
			*CONTROL_POS_SAMPLE 2688	65.3533	-17.6505	-1.92127
			*CONTROL_POS_SAMPLE 2880	65.9379	-17.513	-1.85751
			*CONTROL_POS_SAMPLE 3072	66.6597	-17.3653	-1.69019
			*CONTROL_POS_SAMPLE 3264	67.2159	-17.253	-1.59687
			*CONTROL_POS_SAMPLE 3456	67.3089	-17.2333	-1.69904
			*CONTROL_POS_SAMPLE 3648	67.2155	-17.2533	-1.93564
			*CONTROL_POS_SAMPLE 3840	67.2154	-17.2533	-2.41218
			*CONTROL_POS_SAMPLE 4032	67.2153	-17.2532	-3.06085
			*CONTROL_POS_SAMPLE 4224	72.4363	-18.4977	-2.31218
			*CONTROL_POS_SAMPLE 4416	78.2027	-19.8721	-1.41753
			*CONTROL_POS_SAMPLE 4608	84.2809	-21.3209	-0.439449
			*CONTROL_POS_SAMPLE 4800	90.4369	-22.7882	0.559484
			*CONTROL_POS_SAMPLE 4992	96.4371	-24.2183	1.5167
		}
		*CONTROL_ROT_TRACK {
			*CONTROL_ROT_SAMPLE 192	-0.767195	0.338147	0.54504	2.20759
			*CONTROL_ROT_SAMPLE 384	-0.719311	0.428479	0.546807	2.10781
			*CONTROL_ROT_SAMPLE 576	-0.644455	0.54095	0.540417	1.99695
			*CONTROL_ROT_SAMPLE 768	-0.62567	0.565302	0.537559	1.97493
			*CONTROL_ROT_SAMPLE 960	-0.626219	0.564608	0.53765	1.97555
			*CONTROL_ROT_SAMPLE 1152	-0.630041	0.55975	0.538264	1.97989
			*CONTROL_ROT_SAMPLE 1344	-0.633019	0.555927	0.538731	1.98332
			*CONTROL_ROT_SAMPLE 1536	-0.639177	0.547921	0.539663	1.99057
			*CONTROL_ROT_SAMPLE 1728	-0.644454	0.540945	0.540424	1.99695
			*CONTROL_ROT_SAMPLE 1920	-0.644454	0.540945	0.540423	1.99695
			*CONTROL_ROT_SAMPLE 2112	-0.644454	0.540945	0.540424	1.99695
			*CONTROL_ROT_SAMPLE 2304	-0.644454	0.540944	0.540424	1.99695
			*CONTROL_ROT_SAMPLE 2496	-0.644454	0.540944	0.540425	1.99695
			*CONTROL_ROT_SAMPLE 2688	-0.644454	0.540942	0.540427	1.99695
			*CONTROL_ROT_SAMPLE 2880	-0.644453	0.54094	0.540429	1.99694
			*CONTROL_ROT_SAMPLE 3072	-0.644453	0.540938	0.540432	1.99694
			*CONTROL_ROT_SAMPLE 3264	-0.644453	0.540935	0.540435	1.99694
			*CONTROL_ROT_SAMPLE 3456	-0.644452	0.540932	0.540438	1.99694
			*CONTROL_ROT_SAMPLE 3648	-0.644452	0.540929	0.540441	1.99694
			*CONTROL_ROT_SAMPLE 3840	-0.644452	0.540927	0.540445	1.99694
			*CONTROL_ROT_SAMPLE 4032	-0.644451	0.540924	0.540448	1.99693
			*CONTROL_ROT_SAMPLE 4224	-0.644451	0.540922	0.540451	1.99693
			*CONTROL_ROT_SAMPLE 4416	-0.64445	0.54092	0.540453	1.99693
			*CONTROL_ROT_SAMPLE 4608	-0.64445	0.540918	0.540456	1.99693
			*CONTROL_ROT_SAMPLE 4800	-0.64445	0.540916	0.540458	1.99693
			*CONTROL_ROT_SAMPLE 4992	-0.644449	0.540914	0.54046	1.99693
		}
	}
}
*HELPEROBJECT {
	*NODE_NAME "Bip01 R Thigh"
	*NODE_PARENT "Bip01 Pelvis"
	*NODE_TM {
		*NODE_NAME "Bip01 R Thigh"
		*TM_ROW0 -0.161128	0.121996	-0.979365
		*TM_ROW1 -0.120528	-0.987335	-0.103159
		*TM_ROW2 -0.979546	0.101419	0.173791
		*TM_ROW3 66.3387	9.80553	50.1177
		*TM_POS 66.3387	9.80553	50.1177
		*TM_ROTAXIS 0.644776	0.000572715	-0.764371
		*TM_ROTANGLE 2.98228
		*TM_SCALE 1	1	1
		*TM_SCALEAXIS 0	0	0
		*TM_SCALEAXISANG 0	0	0
	}
	*TM_ANIMATION {
		*NODE_NAME "Bip01 R Thigh"
		*CONTROL_POS_TRACK {
			*CONTROL_POS_SAMPLE 192	-14.7624	9.73878	46.288
			*CONTROL_POS_SAMPLE 384	-11.8925	9.74712	48.2781
			*CONTROL_POS_SAMPLE 576	-9.02261	9.75547	50.1252
			*CONTROL_POS_SAMPLE 768	-6.15273	9.76381	51.8769
			*CONTROL_POS_SAMPLE 960	-3.28285	9.77216	52.8181
			*CONTROL_POS_SAMPLE 1152	-0.412972	9.7805	52.4161
			*CONTROL_POS_SAMPLE 1344	2.45691	9.78885	51.5158
			*CONTROL_POS_SAMPLE 1536	5.32678	9.79719	50.6107
			*CONTROL_POS_SAMPLE 1728	8.19666	9.80554	50.1941
			*CONTROL_POS_SAMPLE 1920	11.6168	9.80554	50.2585
			*CONTROL_POS_SAMPLE 2112	15.0369	9.80554	50.4468
			*CONTROL_POS_SAMPLE 2304	18.457	9.80554	50.7281
			*CONTROL_POS_SAMPLE 2496	21.8772	9.80554	51.0717
			*CONTROL_POS_SAMPLE 2688	25.2973	9.80554	51.4464
			*CONTROL_POS_SAMPLE 2880	28.7174	9.80554	51.8215
			*CONTROL_POS_SAMPLE 3072	32.1375	9.80554	52.166
			*CONTROL_POS_SAMPLE 3264	35.5576	9.80554	52.449
			*CONTROL_POS_SAMPLE 3456	38.9778	9.80554	52.6395
			*CONTROL_POS_SAMPLE 3648	42.3979	9.80554	52.7067
			*CONTROL_POS_SAMPLE 3840	45.818	9.80554	52.5715
			*CONTROL_POS_SAMPLE 4032	49.2381	9.80554	52.223
			*CONTROL_POS_SAMPLE 4224	52.6583	9.80554	51.7322
			*CONTROL_POS_SAMPLE 4416	56.0784	9.80553	51.1704
			*CONTROL_POS_SAMPLE 4608	59.4985	9.80553	50.6085
			*CONTROL_POS_SAMPLE 4800	62.9186	9.80553	50.1177
			*CONTROL_POS_SAMPLE 4992	66.3387	9.80553	50.1177
		}
		*CONTROL_ROT_TRACK {
			*CONTROL_ROT_SAMPLE 192	0.579479	0.0558829	-0.813069	3.06221
			*CONTROL_ROT_SAMPLE 384	0.569088	0.03076	-0.821701	3.05112
			*CONTROL_ROT_SAMPLE 576	0.555487	0.0160471	-0.83137	3.03484
			*CONTROL_ROT_SAMPLE 768	0.536855	0.01228	-0.843585	3.03859
			*CONTROL_ROT_SAMPLE 960	0.515846	0.0138376	-0.85657	3.04912
			*CONTROL_ROT_SAMPLE 1152	0.49088	0.0198762	-0.871	3.06308
			*CONTROL_ROT_SAMPLE 1344	0.46341	0.0254745	-0.885778	3.07273
			*CONTROL_ROT_SAMPLE 1536	0.424407	0.0200608	-0.905249	3.06856
			*CONTROL_ROT_SAMPLE 1728	0.419588	0.0385633	-0.906895	3.08515
			*CONTROL_ROT_SAMPLE 1920	0.428358	0.0326876	-0.903018	3.07791
			*CONTROL_ROT_SAMPLE 2112	0.438482	0.0264828	-0.89835	3.06285
			*CONTROL_ROT_SAMPLE 2304	0.45009	0.0197991	-0.892764	3.03839
			*CONTROL_ROT_SAMPLE 2496	0.463175	0.0122755	-0.886182	3.00429
			*CONTROL_ROT_SAMPLE 2688	0.477566	0.00339962	-0.878589	2.96181
			*CONTROL_ROT_SAMPLE 2880	0.492922	-0.00739374	-0.870042	2.91373
			*CONTROL_ROT_SAMPLE 3072	0.508746	-0.0205998	-0.86067	2.86391
			*CONTROL_ROT_SAMPLE 3264	0.527086	-0.0388014	-0.848926	2.81355
			*CONTROL_ROT_SAMPLE 3456	0.54749	-0.0609281	-0.834591	2.76173
			*CONTROL_ROT_SAMPLE 3648	0.566158	-0.0823389	-0.820174	2.70912
			*CONTROL_ROT_SAMPLE 3840	0.580158	-0.0999278	-0.808351	2.65653
			*CONTROL_ROT_SAMPLE 4032	0.587207	-0.112853	-0.801531	2.60612
			*CONTROL_ROT_SAMPLE 4224	0.528251	-0.124355	-0.839933	2.60793
			*CONTROL_ROT_SAMPLE 4416	0.549197	-0.101479	-0.829508	2.69929
			*CONTROL_ROT_SAMPLE 4608	0.580527	-0.0710811	-0.811132	2.79758
			*CONTROL_ROT_SAMPLE 4800	0.614597	-0.035711	-0.788033	2.89415
			*CONTROL_ROT_SAMPLE 4992	0.644776	0.000572715	-0.764371	2.98228
		}
	}
}
*HELPEROBJECT {
	*NODE_NAME "Bip01 R Calf"
	*NODE_PARENT "Bip01 R Thigh"
	*NODE_TM {
		*NODE_NAME "Bip01 R Calf"
		*TM_ROW0 0.137421	0.968081	0.209608
		*TM_ROW1 -0.146985	0.229203	-0.962217
		*TM_ROW2 -0.979546	0.101419	0.173791
		*TM_ROW3 59.9992	14.6054	11.5848
		*TM_POS 59.9992	14.6054	11.5848
		*TM_ROTAXIS 0.546441	0.610926	-0.572863
		*TM_ROTANGLE 1.80266
		*TM_SCALE 1	1	1
		*TM_SCALEAXIS 0	0	0
		*TM_SCALEAXISANG 0	0	0
	}
	*TM_ANIMATION {
		*NODE_NAME "Bip01 R Calf"
		*CONTROL_POS_TRACK {
			*CONTROL_POS_SAMPLE 192	-27.6012	14.8198	9.44563
			*CONTROL_POS_SAMPLE 384	-25.644	14.0428	11.6659
			*CONTROL_POS_SAMPLE 576	-23.9316	13.9403	13.9558
			*CONTROL_POS_SAMPLE 768	-22.6697	13.6938	16.3838
			*CONTROL_POS_SAMPLE 960	-21.5652	13.4447	18.173
			*CONTROL_POS_SAMPLE 1152	-20.7045	13.2349	18.8849
			*CONTROL_POS_SAMPLE 1344	-19.9162	13.1146	19.3227
			*CONTROL_POS_SAMPLE 1536	-19.7584	13.0652	20.4765
			*CONTROL_POS_SAMPLE 1728	-17.2429	13.0908	20.3604
			*CONTROL_POS_SAMPLE 1920	-13.2241	13.1672	19.9328
			*CONTROL_POS_SAMPLE 2112	-9.08007	13.4981	19.5801
			*CONTROL_POS_SAMPLE 2304	-4.77987	14.1235	19.2731
			*CONTROL_POS_SAMPLE 2496	-0.295442	15.0233	18.991
			*CONTROL_POS_SAMPLE 2688	4.38864	16.1136	18.7195
			*CONTROL_POS_SAMPLE 2880	9.2619	17.2552	18.4449
			*CONTROL_POS_SAMPLE 3072	14.2764	18.2793	18.1485
			*CONTROL_POS_SAMPLE 3264	19.5896	19.0007	17.6857
			*CONTROL_POS_SAMPLE 3456	25.1838	19.4499	17.0765
			*CONTROL_POS_SAMPLE 3648	30.7371	19.8309	16.4916
			*CONTROL_POS_SAMPLE 3840	35.9698	20.336	15.9637
			*CONTROL_POS_SAMPLE 4032	40.6347	21.0471	15.513
			*CONTROL_POS_SAMPLE 4224	39.216	21.8064	16.7566
			*CONTROL_POS_SAMPLE 4416	43.112	19.6004	15.3381
			*CONTROL_POS_SAMPLE 4608	48.2014	17.4171	13.697
			*CONTROL_POS_SAMPLE 4800	54.0429	15.6988	12.2428
			*CONTROL_POS_SAMPLE 4992	59.9992	14.6054	11.5848
		}
		*CONTROL_ROT_TRACK {
			*CONTROL_ROT_SAMPLE 192	0.407156	0.67668	-0.613456	1.65604
			*CONTROL_ROT_SAMPLE 384	0.452311	0.608301	-0.652215	1.69936
			*CONTROL_ROT_SAMPLE 576	0.477222	0.549363	-0.685901	1.73459
			*CONTROL_ROT_SAMPLE 768	0.47535	0.509886	-0.716979	1.75553
			*CONTROL_ROT_SAMPLE 960	0.461308	0.482129	-0.744813	1.76559
			*CONTROL_ROT_SAMPLE 1152	0.436472	0.464033	-0.770821	1.75952
			*CONTROL_ROT_SAMPLE 1344	0.410054	0.443965	-0.796712	1.74981
			*CONTROL_ROT_SAMPLE 1536	0.386208	0.403577	-0.829439	1.72697
			*CONTROL_ROT_SAMPLE 1728	0.365527	0.404421	-0.838352	1.76598
			*CONTROL_ROT_SAMPLE 1920	0.374199	0.427125	-0.823128	1.71482
			*CONTROL_ROT_SAMPLE 2112	0.385156	0.453675	-0.803638	1.65892
			*CONTROL_ROT_SAMPLE 2304	0.399387	0.482678	-0.779431	1.60234
			*CONTROL_ROT_SAMPLE 2496	0.417805	0.512146	-0.750431	1.54902
			*CONTROL_ROT_SAMPLE 2688	0.441082	0.539396	-0.717286	1.50274
			*CONTROL_ROT_SAMPLE 2880	0.469442	0.561196	-0.681677	1.46685
			*CONTROL_ROT_SAMPLE 3072	0.502492	0.574166	-0.646402	1.44403
			*CONTROL_ROT_SAMPLE 3264	0.544093	0.573659	-0.612273	1.44026
			*CONTROL_ROT_SAMPLE 3456	0.591935	0.558407	-0.581201	1.45437
			*CONTROL_ROT_SAMPLE 3648	0.637439	0.532482	-0.556897	1.47589
			*CONTROL_ROT_SAMPLE 3840	0.675096	0.502465	-0.540161	1.49296
			*CONTROL_ROT_SAMPLE 4032	0.702578	0.475087	-0.52979	1.49527
			*CONTROL_ROT_SAMPLE 4224	0.684815	0.43997	-0.580908	1.39715
			*CONTROL_ROT_SAMPLE 4416	0.65272	0.480745	-0.585526	1.47426
			*CONTROL_ROT_SAMPLE 4608	0.617395	0.528404	-0.582762	1.5764
			*CONTROL_ROT_SAMPLE 4800	0.580669	0.574714	-0.576652	1.68942
			*CONTROL_ROT_SAMPLE 4992	0.546441	0.610926	-0.572863	1.80266
		}
	}
}
*HELPEROBJECT {
	*NODE_NAME "Bip01 R Foot"
	*NODE_PARENT "Bip01 R Calf"
	*NODE_TM {
		*NODE_NAME "Bip01 R Foot"
		*TM_ROW0 0.0737534	0.341563	-0.936961
		*TM_ROW1 -0.253312	-0.90229	-0.348863
		*TM_ROW2 -0.964569	0.263073	0.0199748
