*3DSMAX_ASCIIEXPORT	110
*COMMENT "This file is part of Gothic Free Aim Copyright (C) 2016-2017  mud-freak (@szapp)"
*COMMENT "<http://github.com/szapp/GothicFreeAim>"
*COMMENT "Animations: first iteration"
*SCENE {
	*SCENE_FILENAME "cbowIK_front.max"
	*SCENE_FIRSTFRAME 1
	*SCENE_LASTFRAME 26
	*SCENE_FRAMESPEED 25
	*SCENE_TICKSPERFRAME 192
	*SCENE_BACKGROUND_STATIC 0	0	0
	*SCENE_AMBIENT_STATIC 0.2	0.2	0.2
}
*HELPEROBJECT {
	*NODE_NAME "Bip01"
	*NODE_TM {
		*NODE_NAME "Bip01"
		*TM_ROW0 -0.223483	-0.973914	-0.0393292
		*TM_ROW1 0.974662	-0.222899	-0.0187185
		*TM_ROW2 0.00946376	-0.0425159	0.999051
		*TM_ROW3 -5.98919	6.59634	95.9329
		*TM_POS -5.98919	6.59634	95.9329
		*TM_ROTAXIS -0.012208	-0.0250306	0.999612
		*TM_ROTANGLE 1.79637
		*TM_SCALE 1	1	1
		*TM_SCALEAXIS 0	0	0
		*TM_SCALEAXISANG 0	0	0
	}
	*TM_ANIMATION {
		*NODE_NAME "Bip01"
		*CONTROL_POS_TRACK {
			*CONTROL_POS_SAMPLE 192	-5.98919	6.59634	95.9329
			*CONTROL_POS_SAMPLE 384	-5.98919	2.29818	94.7057
			*CONTROL_POS_SAMPLE 576	-5.98919	-1.99998	94.0555
			*CONTROL_POS_SAMPLE 768	-5.98919	-6.29813	93.3635
			*CONTROL_POS_SAMPLE 960	-5.98919	-10.5963	92.7586
			*CONTROL_POS_SAMPLE 1152	-5.98919	-14.8945	92.0481
			*CONTROL_POS_SAMPLE 1344	-5.98919	-19.1926	91.2491
			*CONTROL_POS_SAMPLE 1536	-5.98919	-23.4908	90.5018
			*CONTROL_POS_SAMPLE 1728	-5.98919	-27.7889	89.9466
			*CONTROL_POS_SAMPLE 1920	-5.98919	-32.0871	89.724
			*CONTROL_POS_SAMPLE 2112	-5.98919	-41.4082	89.9087
			*CONTROL_POS_SAMPLE 2304	-5.98919	-50.7293	90.3931
			*CONTROL_POS_SAMPLE 2496	-5.98919	-60.0503	91.0438
			*CONTROL_POS_SAMPLE 2688	-5.98919	-64.667	91.7274
			*CONTROL_POS_SAMPLE 2880	-5.98919	-69.2837	92.3104
			*CONTROL_POS_SAMPLE 3072	-5.98919	-73.9003	92.6595
			*CONTROL_POS_SAMPLE 3264	-5.98919	-78.517	92.717
			*CONTROL_POS_SAMPLE 3456	-5.98919	-83.1336	92.5779
			*CONTROL_POS_SAMPLE 3648	-5.98919	-87.7503	92.338
			*CONTROL_POS_SAMPLE 3840	-5.98919	-92.367	92.0931
			*CONTROL_POS_SAMPLE 4032	-5.98919	-96.9836	91.9389
			*CONTROL_POS_SAMPLE 4224	-5.98919	-101.6	91.9712
			*CONTROL_POS_SAMPLE 4416	-5.98919	-108.04	92.3671
			*CONTROL_POS_SAMPLE 4608	-5.98919	-114.481	93.1259
			*CONTROL_POS_SAMPLE 4800	-5.98919	-120.921	94.0768
			*CONTROL_POS_SAMPLE 4992	-5.98919	-127.361	95.9329
		}
		*CONTROL_ROT_TRACK {
			*CONTROL_ROT_SAMPLE 192	-0.012208	-0.0250306	0.999612	1.79637
			*CONTROL_ROT_SAMPLE 384	-0.0136155	-0.0266198	0.999553	1.81739
			*CONTROL_ROT_SAMPLE 576	-0.0147116	-0.0273107	0.999519	1.83056
			*CONTROL_ROT_SAMPLE 768	-0.0155422	-0.0273126	0.999506	1.83734
			*CONTROL_ROT_SAMPLE 960	-0.0161464	-0.0268198	0.99951	1.83916
			*CONTROL_ROT_SAMPLE 1152	-0.0165585	-0.0260202	0.999524	1.83748
			*CONTROL_ROT_SAMPLE 1344	-0.0168104	-0.0251004	0.999544	1.83374
			*CONTROL_ROT_SAMPLE 1536	-0.0169325	-0.0242486	0.999563	1.8294
			*CONTROL_ROT_SAMPLE 1728	-0.0169547	-0.0236566	0.999576	1.82591
			*CONTROL_ROT_SAMPLE 1920	-0.0169072	-0.0235176	0.99958	1.8247
			*CONTROL_ROT_SAMPLE 2112	-0.0167476	-0.0237306	0.999578	1.82481
			*CONTROL_ROT_SAMPLE 2304	-0.0164313	-0.0240504	0.999576	1.82435
			*CONTROL_ROT_SAMPLE 2496	-0.0159857	-0.0244551	0.999573	1.82339
			*CONTROL_ROT_SAMPLE 2688	-0.0154382	-0.0249224	0.99957	1.82201
			*CONTROL_ROT_SAMPLE 2880	-0.0148161	-0.0254303	0.999567	1.82029
			*CONTROL_ROT_SAMPLE 3072	-0.014147	-0.0259567	0.999563	1.8183
			*CONTROL_ROT_SAMPLE 3264	-0.0134583	-0.0264791	0.999559	1.81614
			*CONTROL_ROT_SAMPLE 3456	-0.0127777	-0.0269753	0.999554	1.81387
			*CONTROL_ROT_SAMPLE 3648	-0.0121333	-0.0274225	0.99955	1.81158
			*CONTROL_ROT_SAMPLE 3840	-0.0115531	-0.0277981	0.999547	1.80934
			*CONTROL_ROT_SAMPLE 4032	-0.0110653	-0.0280793	0.999544	1.80723
			*CONTROL_ROT_SAMPLE 4224	-0.0106984	-0.0282431	0.999544	1.80533
			*CONTROL_ROT_SAMPLE 4416	-0.0106959	-0.0279476	0.999552	1.80335
			*CONTROL_ROT_SAMPLE 4608	-0.0111147	-0.0270895	0.999571	1.80108
			*CONTROL_ROT_SAMPLE 4800	-0.011703	-0.0260048	0.999593	1.7987
			*CONTROL_ROT_SAMPLE 4992	-0.012208	-0.0250306	0.999612	1.79637
		}
	}
}
*HELPEROBJECT {
	*NODE_NAME "Bip01 Footsteps"
	*NODE_PARENT "Bip01"
	*NODE_TM {
		*NODE_NAME "Bip01 Footsteps"
		*TM_ROW0 1	0	0
		*TM_ROW1 0	1	0
		*TM_ROW2 0	0	1
		*TM_ROW3 -5.98919	6.59634	-1.8668
		*TM_POS -5.98919	6.59634	-1.8668
		*TM_ROTAXIS 0	0	0
		*TM_ROTANGLE 0
		*TM_SCALE 1	1	1
		*TM_SCALEAXIS 0	0	0
		*TM_SCALEAXISANG 0	0	0
	}
}
*HELPEROBJECT {
	*NODE_NAME "Bip01 Pelvis"
	*NODE_PARENT "Bip01"
	*NODE_TM {
		*NODE_NAME "Bip01 Pelvis"
		*TM_ROW0 -0.0773238	-0.0225082	0.996752
		*TM_ROW1 -0.223482	-0.973914	-0.0393292
		*TM_ROW2 0.971636	-0.225797	0.0702766
		*TM_ROW3 -4.79364	8.33362	95.9955
		*TM_POS -4.79364	8.33362	95.9955
		*TM_ROTAXIS -0.67732	0.0912295	-0.73001
		*TM_ROTANGLE 3.0035
		*TM_SCALE 1	1	1
		*TM_SCALEAXIS 0	0	0
		*TM_SCALEAXISANG 0	0	0
	}
	*TM_ANIMATION {
		*NODE_NAME "Bip01 Pelvis"
		*CONTROL_POS_TRACK {
			*CONTROL_POS_SAMPLE 192	-4.79364	8.33362	95.9955
			*CONTROL_POS_SAMPLE 384	-4.75745	4.00977	94.7741
			*CONTROL_POS_SAMPLE 576	-4.73505	-0.304891	94.1279
			*CONTROL_POS_SAMPLE 768	-4.72364	-4.61166	93.4386
			*CONTROL_POS_SAMPLE 960	-4.72061	-8.91218	92.8351
			*CONTROL_POS_SAMPLE 1152	-4.72347	-13.2082	92.1253
			*CONTROL_POS_SAMPLE 1344	-4.7298	-17.5016	91.3262
			*CONTROL_POS_SAMPLE 1536	-4.73716	-21.7943	90.5785
			*CONTROL_POS_SAMPLE 1728	-4.7431	-26.0881	90.0229
			*CONTROL_POS_SAMPLE 1920	-4.74515	-30.3847	89.8
			*CONTROL_POS_SAMPLE 2112	-4.74495	-39.706	89.9844
			*CONTROL_POS_SAMPLE 2304	-4.74572	-49.0264	90.4681
			*CONTROL_POS_SAMPLE 2496	-4.74733	-58.3463	91.1177
			*CONTROL_POS_SAMPLE 2688	-4.74965	-62.9612	91.8
			*CONTROL_POS_SAMPLE 2880	-4.75255	-67.5757	92.3815
			*CONTROL_POS_SAMPLE 3072	-4.75591	-72.1899	92.729
			*CONTROL_POS_SAMPLE 3264	-4.75958	-76.8038	92.7848
			*CONTROL_POS_SAMPLE 3456	-4.76344	-81.4177	92.644
			*CONTROL_POS_SAMPLE 3648	-4.76736	-86.0315	92.4025
			*CONTROL_POS_SAMPLE 3840	-4.7712	-90.6454	92.1561
			*CONTROL_POS_SAMPLE 4032	-4.77482	-95.2594	92.0007
			*CONTROL_POS_SAMPLE 4224	-4.77809	-99.8737	92.032
			*CONTROL_POS_SAMPLE 4416	-4.7815	-106.312	92.4276
			*CONTROL_POS_SAMPLE 4608	-4.78543	-112.749	93.187
			*CONTROL_POS_SAMPLE 4800	-4.78958	-119.186	94.1388
			*CONTROL_POS_SAMPLE 4992	-4.79364	-125.624	95.9955
		}
		*CONTROL_ROT_TRACK {
			*CONTROL_ROT_SAMPLE 192	-0.67732	0.0912295	-0.73001	3.0035
			*CONTROL_ROT_SAMPLE 384	-0.675749	0.0995579	-0.730378	2.99029
			*CONTROL_ROT_SAMPLE 576	-0.674288	0.104715	-0.731006	2.98187
			*CONTROL_ROT_SAMPLE 768	-0.672983	0.107299	-0.731834	2.97738
			*CONTROL_ROT_SAMPLE 960	-0.671861	0.107903	-0.732776	2.97595
			*CONTROL_ROT_SAMPLE 1152	-0.670936	0.107117	-0.733738	2.97673
			*CONTROL_ROT_SAMPLE 1344	-0.670223	0.105528	-0.734619	2.97882
			*CONTROL_ROT_SAMPLE 1536	-0.669734	0.103721	-0.735322	2.98135
			*CONTROL_ROT_SAMPLE 1728	-0.669486	0.102283	-0.735749	2.98342
			*CONTROL_ROT_SAMPLE 1920	-0.669496	0.101796	-0.735808	2.98415
			*CONTROL_ROT_SAMPLE 2112	-0.669755	0.101867	-0.735562	2.98415
			*CONTROL_ROT_SAMPLE 2304	-0.670217	0.101728	-0.73516	2.98454
			*CONTROL_ROT_SAMPLE 2496	-0.670848	0.101408	-0.734629	2.98528
			*CONTROL_ROT_SAMPLE 2688	-0.671612	0.100933	-0.733996	2.98631
			*CONTROL_ROT_SAMPLE 2880	-0.672475	0.100331	-0.733288	2.98758
			*CONTROL_ROT_SAMPLE 3072	-0.673401	0.0996306	-0.732533	2.98902
			*CONTROL_ROT_SAMPLE 3264	-0.674356	0.0988592	-0.731759	2.99058
			*CONTROL_ROT_SAMPLE 3456	-0.675305	0.0980447	-0.730992	2.9922
			*CONTROL_ROT_SAMPLE 3648	-0.676215	0.0972152	-0.730262	2.99382
			*CONTROL_ROT_SAMPLE 3840	-0.677049	0.0963988	-0.729597	2.9954
			*CONTROL_ROT_SAMPLE 4032	-0.677776	0.0956237	-0.729024	2.99687
			*CONTROL_ROT_SAMPLE 4224	-0.67836	0.0949185	-0.728573	2.99818
			*CONTROL_ROT_SAMPLE 4416	-0.67856	0.0941464	-0.728487	2.99945
			*CONTROL_ROT_SAMPLE 4608	-0.678305	0.093213	-0.728844	3.0008
			*CONTROL_ROT_SAMPLE 4800	-0.677817	0.0922101	-0.729425	3.00217
			*CONTROL_ROT_SAMPLE 4992	-0.67732	0.0912295	-0.73001	3.0035
		}
	}
}
*HELPEROBJECT {
	*NODE_NAME "Bip01 Spine"
	*NODE_PARENT "Bip01 Pelvis"
	*NODE_TM {
		*NODE_NAME "Bip01 Spine"
		*TM_ROW0 0.0614996	0.0199716	0.997907
		*TM_ROW1 -0.587698	-0.807383	0.0523775
		*TM_ROW2 0.80674	-0.589689	-0.0379165
		*TM_ROW3 -4.74815	8.31708	98.3963
		*TM_POS -4.74815	8.31708	98.3963
		*TM_ROTAXIS -0.709886	0.21136	-0.671855
		*TM_ROTANGLE 2.67233
		*TM_SCALE 1	1	1
		*TM_SCALEAXIS 0	0	0
		*TM_SCALEAXISANG 0	0	0
	}
}
*HELPEROBJECT {
	*NODE_NAME "Bip01 Spine1"
	*NODE_PARENT "Bip01 Spine"
	*NODE_TM {
		*NODE_NAME "Bip01 Spine1"
		*TM_ROW0 0.0399068	-0.0650475	0.997084
		*TM_ROW1 -0.769578	-0.638461	-0.0108506
		*TM_ROW2 0.637305	-0.7669	-0.0755381
		*TM_ROW3 -4.13594	8.51985	108.203
		*TM_POS -4.13594	8.51985	108.203
		*TM_ROTAXIS -0.690921	0.328786	-0.643839
		*TM_ROTANGLE 2.56266
		*TM_SCALE 1	1	1
		*TM_SCALEAXIS 0	0	0
		*TM_SCALEAXISANG 0	0	0
	}
}
*HELPEROBJECT {
	*NODE_NAME "Bip01 Spine2"
	*NODE_PARENT "Bip01 Spine1"
	*NODE_TM {
		*NODE_NAME "Bip01 Spine2"
		*TM_ROW0 -0.225318	-0.26445	0.937709
		*TM_ROW1 -0.897605	-0.31792	-0.30534
		*TM_ROW2 0.378864	-0.910491	-0.165738
		*TM_ROW3 -3.60411	7.6955	120.963
		*TM_POS -3.60411	7.6955	120.963
		*TM_ROTAXIS -0.582468	0.537898	-0.609423
		*TM_ROTANGLE 2.59536
		*TM_SCALE 1	1	1
		*TM_SCALEAXIS 0	0	0
		*TM_SCALEAXISANG 0	0	0
	}
}
*HELPEROBJECT {
	*NODE_NAME "Bip01 Neck"
	*NODE_PARENT "Bip01 Spine2"
	*NODE_TM {
		*NODE_NAME "Bip01 Neck"
		*TM_ROW0 -0.527762	-0.359674	0.769482
		*TM_ROW1 -0.76022	-0.204054	-0.616789
		*TM_ROW2 0.378858	-0.910493	-0.165739
		*TM_ROW3 -10.3559	-0.232652	149.082
		*TM_POS -10.3559	-0.232652	149.082
		*TM_ROTAXIS -0.464802	0.618182	-0.633885
		*TM_ROTANGLE 2.82014
		*TM_SCALE 1	1	1
		*TM_SCALEAXIS 0	0	0
		*TM_SCALEAXISANG 0	0	0
	}
}
*HELPEROBJECT {
	*NODE_NAME "Bip01 Head"
	*NODE_PARENT "Bip01 Neck"
	*NODE_TM {
		*NODE_NAME "Bip01 Head"
		*TM_ROW0 -0.0939628	-0.0912125	0.991389
		*TM_ROW1 -0.253519	-0.960775	-0.112424
		*TM_ROW2 0.962756	-0.2619	0.067153
		*TM_ROW3 -13.9654	-2.69254	154.345
		*TM_POS -13.9654	-2.69254	154.345
		*TM_ROTAXIS -0.6718	0.128686	-0.729469
		*TM_ROTANGLE 3.03011
		*TM_SCALE 1	1	1
		*TM_SCALEAXIS 0	0	0
		*TM_SCALEAXISANG 0	0	0
	}
}
*HELPEROBJECT {
	*NODE_NAME "zs_Helmet"
	*NODE_PARENT "Bip01 Head"
	*NODE_TM {
		*NODE_NAME "zs_Helmet"
		*TM_ROW0 0.962756	-0.261899	0.0671531
		*TM_ROW1 0.260109	0.96497	0.0342951
		*TM_ROW2 -0.0737826	-0.0155506	0.997153
		*TM_ROW3 -58.7288	-97.7175	425.511
		*TM_POS -58.7288	-97.7175	425.511
		*TM_ROTAXIS -0.0917983	0.259554	0.961356
		*TM_ROTANGLE 0.274947
		*TM_SCALE 1	1	1
		*TM_SCALEAXIS 0	0	0
		*TM_SCALEAXISANG 0	0	0
	}
}
*HELPEROBJECT {
	*NODE_NAME "Bip01 L Clavicle"
	*NODE_PARENT "Bip01 Neck"
	*NODE_TM {
		*NODE_NAME "Bip01 L Clavicle"
		*TM_ROW0 0.181335	-0.883752	-0.431394
		*TM_ROW1 0.964792	0.0748915	0.252125
		*TM_ROW2 -0.190508	-0.461924	0.866217
		*TM_ROW3 -3.91478	-5.27972	143.481
		*TM_POS -3.91478	-5.27972	143.481
		*TM_ROTAXIS -0.357696	-0.120669	0.926009
		*TM_ROTANGLE 1.50954
		*TM_SCALE 1	1	1
		*TM_SCALEAXIS 0	0	0
		*TM_SCALEAXISANG 0	0	0
	}
}
*HELPEROBJECT {
	*NODE_NAME "Bip01 L UpperArm"
	*NODE_PARENT "Bip01 L Clavicle"
	*NODE_TM {
		*NODE_NAME "Bip01 L UpperArm"
		*TM_ROW0 0.0116335	0.0272918	-0.99956
		*TM_ROW1 0.999905	0.00714061	0.0118325
		*TM_ROW2 0.00746041	-0.999602	-0.0272061
		*TM_ROW3 -1.49831	-17.0566	137.732
		*TM_POS -1.49831	-17.0566	137.732
		*TM_ROTAXIS -0.585607	-0.583051	0.56313
		*TM_ROTANGLE 2.09927
		*TM_SCALE 1	1	1
		*TM_SCALEAXIS 0	0	0
		*TM_SCALEAXISANG 0	0	0
	}
}
*HELPEROBJECT {
	*NODE_NAME "Bip01 L Forearm"
	*NODE_PARENT "Bip01 L UpperArm"
	*NODE_TM {
		*NODE_NAME "Bip01 L Forearm"
		*TM_ROW0 -0.822996	0.00931611	-0.567971
		*TM_ROW1 0.567998	0.0266279	-0.822599
		*TM_ROW2 0.00746043	-0.999602	-0.0272062
		*TM_ROW3 -1.17366	-16.295	109.838
		*TM_POS -1.17366	-16.295	109.838
		*TM_ROTAXIS -0.215509	-0.700612	0.680219
		*TM_ROTANGLE 2.71841
		*TM_SCALE 1	1	1
		*TM_SCALEAXIS 0	0	0
		*TM_SCALEAXISANG 0	0	0
	}
}
*HELPEROBJECT {
	*NODE_NAME "Bip01 L Hand"
	*NODE_PARENT "Bip01 L Forearm"
	*NODE_TM {
		*NODE_NAME "Bip01 L Hand"
		*TM_ROW0 -0.80886	0.390363	-0.43973
		*TM_ROW1 -0.502906	-0.0717693	0.861356
		*TM_ROW2 0.304683	0.917859	0.254367
		*TM_ROW3 -24.0664	-16.0359	94.0396
		*TM_POS -24.0664	-16.0359	94.0396
		*TM_ROTAXIS 0.0485353	-0.639441	-0.767307
		*TM_ROTANGLE 2.52031
		*TM_SCALE 1	1	1
		*TM_SCALEAXIS 0	0	0
		*TM_SCALEAXISANG 0	0	0
	}
}
*HELPEROBJECT {
	*NODE_NAME "Bip01 L Finger0"
	*NODE_PARENT "Bip01 L Hand"
	*NODE_TM {
		*NODE_NAME "Bip01 L Finger0"
		*TM_ROW0 -0.80886	0.390363	-0.439729
		*TM_ROW1 -0.503138	-0.0724715	0.861162
		*TM_ROW2 0.304298	0.917804	0.255026
		*TM_ROW3 -34.4763	-11.0119	88.3803
		*TM_POS -34.4763	-11.0119	88.3803
		*TM_ROTAXIS 0.0486573	-0.639144	-0.767547
		*TM_ROTANGLE 2.52035
		*TM_SCALE 1	1	1
		*TM_SCALEAXIS 0	0	0
		*TM_SCALEAXISANG 0	0	0
	}
}
*HELPEROBJECT {
	*NODE_NAME "zs_LeftHand"
	*NODE_PARENT "Bip01 L Hand"
	*NODE_TM {
		*NODE_NAME "zs_LeftHand"
		*TM_ROW0 0.340717	0.857979	0.384428
		*TM_ROW1 -0.660134	0.509466	-0.551968
		*TM_ROW2 -0.669429	-0.0657092	0.739964
		*TM_ROW3 -153.024	14.4022	101.158
		*TM_POS -153.024	14.4022	101.158
		*TM_ROTAXIS 0.254459	0.551484	-0.794428
		*TM_ROTANGLE 1.27126
		*TM_SCALE 1	1	1
		*TM_SCALEAXIS 0	0	0
		*TM_SCALEAXISANG 0	0	0
	}
}
*HELPEROBJECT {
	*NODE_NAME "zs_LeftArm"
	*NODE_PARENT "Bip01 L Forearm"
	*NODE_TM {
		*NODE_NAME "zs_LeftArm"
		*TM_ROW0 -0.738363	0.121475	-0.663373
		*TM_ROW1 0.663416	-0.046007	-0.746835
		*TM_ROW2 -0.121241	-0.991528	-0.0466184
		*TM_ROW3 -316.336	-68.0188	103.991
		*TM_POS -316.336	-68.0188	103.991
		*TM_ROTAXIS -0.304094	-0.673738	0.673501
		*TM_ROTANGLE 2.72753
		*TM_SCALE 1	1	1
		*TM_SCALEAXIS 0	0	0
		*TM_SCALEAXISANG 0	0	0
	}
}
*HELPEROBJECT {
	*NODE_NAME "Bip01 R Clavicle"
	*NODE_PARENT "Bip01 Neck"
	*NODE_TM {
		*NODE_NAME "Bip01 R Clavicle"
		*TM_ROW0 -0.698356	0.712546	-0.0676534
		*TM_ROW1 0.653407	0.673255	0.346103
		*TM_ROW2 0.292163	0.197498	-0.935754
		*TM_ROW3 -9.94935	9.22253	146.121
		*TM_POS -9.94935	9.22253	146.121
		*TM_ROTAXIS -0.377398	-0.91379	-0.150191
		*TM_ROTANGLE 2.94342
		*TM_SCALE 1	1	1
		*TM_SCALEAXIS 0	0	0
		*TM_SCALEAXISANG 0	0	0
	}
}
*HELPEROBJECT {
	*NODE_NAME "Bip01 R UpperArm"
	*NODE_PARENT "Bip01 R Clavicle"
	*NODE_TM {
		*NODE_NAME "Bip01 R UpperArm"
		*TM_ROW0 -0.229334	0.257118	-0.938774
		*TM_ROW1 -0.0677077	0.957929	0.278905
		*TM_ROW2 0.97099	0.127525	-0.202277
		*TM_ROW3 -19.2556	18.7179	145.219
		*TM_POS -19.2556	18.7179	145.219
		*TM_ROTAXIS -0.0779066	-0.982845	-0.167169
		*TM_ROTANGLE 1.80991
		*TM_SCALE 1	1	1
		*TM_SCALEAXIS 0	0	0
		*TM_SCALEAXISANG 0	0	0
	}
}
*HELPEROBJECT {
	*NODE_NAME "Bip01 R Forearm"
	*NODE_PARENT "Bip01 R UpperArm"
	*NODE_TM {
		*NODE_NAME "Bip01 R Forearm"
		*TM_ROW0 -0.104317	-0.535271	-0.838214
		*TM_ROW1 -0.215166	0.834998	-0.50644
		*TM_ROW2 0.97099	0.127525	-0.202277
		*TM_ROW3 -25.6555	25.8931	119.022
		*TM_POS -25.6555	25.8931	119.022
		*TM_ROTAXIS 0.32618	-0.93085	0.164697
		*TM_ROTANGLE 1.80884
		*TM_SCALE 1	1	1
		*TM_SCALEAXIS 0	0	0
		*TM_SCALEAXISANG 0	0	0
	}
}
*HELPEROBJECT {
	*NODE_NAME "Bip01 R Hand"
	*NODE_PARENT "Bip01 R Forearm"
	*NODE_TM {
		*NODE_NAME "Bip01 R Hand"
		*TM_ROW0 0.49268	-0.854688	0.163628
		*TM_ROW1 -0.477013	-0.107983	0.872238
		*TM_ROW2 -0.727822	-0.507787	-0.460898
		*TM_ROW3 -28.5572	11.0038	95.7058
		*TM_POS -28.5572	11.0038	95.7058
		*TM_ROTAXIS -0.818636	0.528812	0.224039
		*TM_ROTANGLE 2.13898
		*TM_SCALE 1	1	1
		*TM_SCALEAXIS 0	0	0
		*TM_SCALEAXISANG 0	0	0
	}
}
*HELPEROBJECT {
	*NODE_NAME "Bip01 R Finger0"
	*NODE_PARENT "Bip01 R Hand"
	*NODE_TM {
		*NODE_NAME "Bip01 R Finger0"
		*TM_ROW0 0.492681	-0.854688	0.163629
		*TM_ROW1 -0.477568	-0.108371	0.871886
		*TM_ROW2 -0.727458	-0.507705	-0.461564
		*TM_ROW3 -22.2165	0.00413306	97.8116
		*TM_POS -22.2165	0.00413306	97.8116
		*TM_ROTAXIS -0.818705	0.528807	0.223798
		*TM_ROTANGLE 2.1396
		*TM_SCALE 1	1	1
		*TM_SCALEAXIS 0	0	0
		*TM_SCALEAXISANG 0	0	0
	}
}
*HELPEROBJECT {
	*NODE_NAME "zs_RightHand"
	*NODE_PARENT "Bip01 R Hand"
	*NODE_TM {
		*NODE_NAME "zs_RightHand"
		*TM_ROW0 0.133622	0.849505	0.510379
		*TM_ROW1 -0.842215	0.368768	-0.3933
		*TM_ROW2 -0.522321	-0.377295	0.764741
		*TM_ROW3 -4.4951	-93.7874	157.726
		*TM_POS -4.4951	-93.7874	157.726
		*TM_ROTAXIS 0.00807464	0.521018	-0.853507
		*TM_ROTANGLE 1.43683
		*TM_SCALE 1	1	1
		*TM_SCALEAXIS 0	0	0
		*TM_SCALEAXISANG 0	0	0
	}
}
*HELPEROBJECT {
	*NODE_NAME "zs_Crossbow"
	*NODE_PARENT "Bip01 Spine2"
	*NODE_TM {
		*NODE_NAME "zs_Crossbow"
		*TM_ROW0 -0.454073	0.0793391	0.887425
		*TM_ROW1 -0.221217	0.954798	-0.198554
		*TM_ROW2 -0.863065	-0.286472	-0.415997
		*TM_ROW3 -40.6569	85.8263	1593.65
		*TM_POS -40.6569	85.8263	1593.65
		*TM_ROTAXIS -0.0494399	0.984373	-0.169015
		*TM_ROTANGLE 2.04613
		*TM_SCALE 1	1	1
		*TM_SCALEAXIS 0	0	0
		*TM_SCALEAXISANG 0	0	0
	}
}
*HELPEROBJECT {
	*NODE_NAME "zs_Longsword"
	*NODE_PARENT "Bip01 Spine2"
	*NODE_TM {
		*NODE_NAME "zs_Longsword"
		*TM_ROW0 -0.595728	0.159338	0.787222
		*TM_ROW1 -0.0683756	0.966506	-0.247369
		*TM_ROW2 -0.80027	-0.201192	-0.56488
		*TM_ROW3 -188.979	181.763	1240.09
		*TM_POS -188.979	181.763	1240.09
		*TM_ROTAXIS -0.0287817	-0.989458	0.14193
		*TM_ROTANGLE 4.07257
		*TM_SCALE 1	1	1
		*TM_SCALEAXIS 0	0	0
		*TM_SCALEAXISANG 0	0	0
	}
}
*HELPEROBJECT {
	*NODE_NAME "zs_Shield"
	*NODE_PARENT "Bip01 Spine2"
	*NODE_TM {
		*NODE_NAME "zs_Shield"
		*TM_ROW0 0.483793	0.361648	-0.796966
		*TM_ROW1 -0.0210005	0.915163	0.402536
		*TM_ROW2 0.87493	-0.178007	0.450345
		*TM_ROW3 379.007	-120.916	495.839
		*TM_POS 379.007	-120.916	495.839
		*TM_ROTAXIS -0.320616	-0.923335	-0.211325
		*TM_ROTANGLE 1.13222
		*TM_SCALE 1	1	1
		*TM_SCALEAXIS 0	0	0
		*TM_SCALEAXISANG 0	0	0
	}
}
*HELPEROBJECT {
	*NODE_NAME "zs_Bow"
	*NODE_PARENT "Bip01 Spine2"
	*NODE_TM {
		*NODE_NAME "zs_Bow"
		*TM_ROW0 -0.561203	-0.00963618	0.827622
		*TM_ROW1 0.805809	0.221977	0.548997
		*TM_ROW2 -0.189003	0.975004	-0.116809
		*TM_ROW3 449.336	137.919	371.981
		*TM_POS 449.336	137.919	371.981
		*TM_ROTAXIS -0.310701	-0.741458	-0.594731
		*TM_ROTANGLE 3.89696
		*TM_SCALE 1	1	1
		*TM_SCALEAXIS 0	0	0
		*TM_SCALEAXISANG 0	0	0
	}
}
*HELPEROBJECT {
	*NODE_NAME "zs_Sword"
	*NODE_PARENT "Bip01 Spine"
	*NODE_TM {
		*NODE_NAME "zs_Sword"
		*TM_ROW0 -0.155794	-0.277747	0.947937
		*TM_ROW1 0.571271	0.757553	0.315853
		*TM_ROW2 -0.80584	0.590737	0.0406471
		*TM_ROW3 293.935	-116.076	121.307
		*TM_POS 293.935	-116.076	121.307
		*TM_ROTAXIS 0.139693	0.89125	0.431462
		*TM_ROTANGLE 1.75056
		*TM_SCALE 1	1	1
		*TM_SCALEAXIS 0	0	0
		*TM_SCALEAXISANG 0	0	0
	}
}
*HELPEROBJECT {
	*NODE_NAME "Bip01 L Thigh"
	*NODE_PARENT "Bip01 Pelvis"
	*NODE_TM {
		*NODE_NAME "Bip01 L Thigh"
		*TM_ROW0 0.0790745	-0.23406	-0.969001
		*TM_ROW1 -0.287638	-0.936058	0.20263
		*TM_ROW2 -0.954469	0.262699	-0.141343
		*TM_ROW3 3.96101	6.29913	96.6287
		*TM_POS 3.96101	6.29913	96.6287
		*TM_ROTAXIS -0.734401	0.177667	0.655049
		*TM_ROTANGLE 3.1825
		*TM_SCALE 1	1	1
		*TM_SCALEAXIS 0	0	0
		*TM_SCALEAXISANG 0	0	0
	}
	*TM_ANIMATION {
		*NODE_NAME "Bip01 L Thigh"
		*CONTROL_POS_TRACK {
			*CONTROL_POS_SAMPLE 192	3.96101	6.29913	96.6287
			*CONTROL_POS_SAMPLE 384	3.95056	1.78917	95.4249
			*CONTROL_POS_SAMPLE 576	3.94078	-2.64184	94.8007
			*CONTROL_POS_SAMPLE 768	3.93388	-7.00851	94.136
			*CONTROL_POS_SAMPLE 960	3.93025	-11.3254	93.5582
			*CONTROL_POS_SAMPLE 1152	3.92928	-15.6071	92.8731
			*CONTROL_POS_SAMPLE 1344	3.92999	-19.868	92.0958
			*CONTROL_POS_SAMPLE 1536	3.93139	-24.1228	91.3649
			*CONTROL_POS_SAMPLE 1728	3.93272	-28.3859	90.8192
			*CONTROL_POS_SAMPLE 1920	3.93338	-32.672	90.5973
			*CONTROL_POS_SAMPLE 2112	3.93393	-41.9941	90.7753
			*CONTROL_POS_SAMPLE 2304	3.93525	-51.3104	91.2482
			*CONTROL_POS_SAMPLE 2496	3.9372	-60.6216	91.8833
			*CONTROL_POS_SAMPLE 2688	3.93962	-65.2241	92.5482
			*CONTROL_POS_SAMPLE 2880	3.94237	-69.8232	93.1104
			*CONTROL_POS_SAMPLE 3072	3.9453	-74.4196	93.4371
			*CONTROL_POS_SAMPLE 3264	3.94828	-79.0142	93.4716
			*CONTROL_POS_SAMPLE 3456	3.95119	-83.6077	93.3097
			*CONTROL_POS_SAMPLE 3648	3.95393	-88.2009	93.0481
			*CONTROL_POS_SAMPLE 3840	3.95641	-92.7947	92.7833
			*CONTROL_POS_SAMPLE 4032	3.95855	-97.3898	92.612
			*CONTROL_POS_SAMPLE 4224	3.96029	-101.987	92.6308
			*CONTROL_POS_SAMPLE 4416	3.96131	-108.407	93.0234
			*CONTROL_POS_SAMPLE 4608	3.96155	-114.825	93.7913
			*CONTROL_POS_SAMPLE 4800	3.96134	-121.241	94.7574
			*CONTROL_POS_SAMPLE 4992	3.96101	-127.658	96.6287
		}
		*CONTROL_ROT_TRACK {
			*CONTROL_ROT_SAMPLE 192	-0.734401	0.177667	0.655049	3.1825
			*CONTROL_ROT_SAMPLE 384	-0.726769	0.186746	0.661009	3.18173
			*CONTROL_ROT_SAMPLE 576	-0.723076	0.176401	0.667865	3.19935
			*CONTROL_ROT_SAMPLE 768	-0.720219	0.161855	0.674602	3.21347
			*CONTROL_ROT_SAMPLE 960	-0.718965	0.141118	0.68057	3.23245
			*CONTROL_ROT_SAMPLE 1152	-0.718769	0.11723	0.685295	3.25498
			*CONTROL_ROT_SAMPLE 1344	-0.71936	0.0940017	0.688248	3.27616
			*CONTROL_ROT_SAMPLE 1536	-0.720465	0.0683843	0.690111	3.30269
			*CONTROL_ROT_SAMPLE 1728	-0.721958	0.0295869	0.691304	3.35928
			*CONTROL_ROT_SAMPLE 1920	-0.72351	-0.0195274	0.690038	3.44379
			*CONTROL_ROT_SAMPLE 2112	-0.720532	0.0226662	0.693052	3.35809
			*CONTROL_ROT_SAMPLE 2304	-0.71762	0.0677285	0.693134	3.26704
			*CONTROL_ROT_SAMPLE 2496	-0.715841	0.0993223	0.691164	3.20142
			*CONTROL_ROT_SAMPLE 2688	-0.711899	0.156371	0.684652	3.09175
			*CONTROL_ROT_SAMPLE 2880	-0.707932	0.205056	0.675858	2.99735
			*CONTROL_ROT_SAMPLE 3072	-0.704906	0.242386	0.666601	2.92365
			*CONTROL_ROT_SAMPLE 3264	-0.703037	0.270066	0.657878	2.86787
			*CONTROL_ROT_SAMPLE 3456	-0.702361	0.290349	0.649912	2.82546
			*CONTROL_ROT_SAMPLE 3648	-0.703714	0.300762	0.643683	2.80065
			*CONTROL_ROT_SAMPLE 3840	-0.70785	0.29908	0.639921	2.79716
			*CONTROL_ROT_SAMPLE 4032	-0.715525	0.282159	0.63907	2.82019
			*CONTROL_ROT_SAMPLE 4224	-0.728873	0.238406	0.6418	2.88934
			*CONTROL_ROT_SAMPLE 4416	-0.724276	0.247266	0.643649	2.8663
			*CONTROL_ROT_SAMPLE 4608	-0.726675	0.22796	0.648056	2.88905
			*CONTROL_ROT_SAMPLE 4800	-0.731823	0.19466	0.653102	2.93516
			*CONTROL_ROT_SAMPLE 4992	-0.740274	0.13269	0.659082	3.0316
		}
	}
}
*HELPEROBJECT {
	*NODE_NAME "Bip01 L Calf"
	*NODE_PARENT "Bip01 L Thigh"
	*NODE_TM {
		*NODE_NAME "Bip01 L Calf"
		*TM_ROW0 0.170572	0.0918987	-0.98105
		*TM_ROW1 -0.244732	-0.960491	-0.132524
		*TM_ROW2 -0.954469	0.262699	-0.141343
		*TM_ROW3 7.07218	-2.90991	58.5035
		*TM_POS 7.07218	-2.90991	58.5035
		*TM_ROTAXIS -0.760286	0.0511338	0.647573
		*TM_ROTANGLE 3.40453
		*TM_SCALE 1	1	1
		*TM_SCALEAXIS 0	0	0
		*TM_SCALEAXISANG 0	0	0
	}
	*TM_ANIMATION {
		*NODE_NAME "Bip01 L Calf"
		*CONTROL_POS_TRACK {
			*CONTROL_POS_SAMPLE 192	7.07218	-2.90991	58.5035
			*CONTROL_POS_SAMPLE 384	6.18405	-7.84273	57.3427
			*CONTROL_POS_SAMPLE 576	5.76928	-11.1535	56.4311
			*CONTROL_POS_SAMPLE 768	5.45548	-14.2634	55.4958
			*CONTROL_POS_SAMPLE 960	5.33933	-16.8632	54.6305
			*CONTROL_POS_SAMPLE 1152	5.35988	-19.1656	53.7157
			*CONTROL_POS_SAMPLE 1344	5.47705	-21.532	52.8166
			*CONTROL_POS_SAMPLE 1536	5.677	-23.6195	52.062
			*CONTROL_POS_SAMPLE 1728	6.0474	-24.1725	51.7578
			*CONTROL_POS_SAMPLE 1920	6.62955	-23.5052	52.4304
			*CONTROL_POS_SAMPLE 2112	5.88372	-37.4067	51.7475
			*CONTROL_POS_SAMPLE 2304	5.26388	-51.7077	51.9278
			*CONTROL_POS_SAMPLE 2496	4.94945	-64.5854	52.7518
			*CONTROL_POS_SAMPLE 2688	4.49879	-75.3205	54.525
			*CONTROL_POS_SAMPLE 2880	4.2381	-85.0093	56.8156
			*CONTROL_POS_SAMPLE 3072	4.16901	-93.3763	58.9609
			*CONTROL_POS_SAMPLE 3264	4.23742	-100.673	60.6263
			*CONTROL_POS_SAMPLE 3456	4.41277	-107.207	61.8315
			*CONTROL_POS_SAMPLE 3648	4.72047	-112.844	62.3867
			*CONTROL_POS_SAMPLE 3840	5.19215	-117.466	62.1594
			*CONTROL_POS_SAMPLE 4032	5.88416	-120.813	61.0578
			*CONTROL_POS_SAMPLE 4224	7.00344	-121.747	58.7441
			*CONTROL_POS_SAMPLE 4416	6.59949	-129.118	59.675
			*CONTROL_POS_SAMPLE 4608	6.75834	-134.024	59.563
			*CONTROL_POS_SAMPLE 4800	7.14795	-137.599	59.1164
			*CONTROL_POS_SAMPLE 4992	7.84596	-138.211	58.925
		}
		*CONTROL_ROT_TRACK {
			*CONTROL_ROT_SAMPLE 192	-0.760286	0.0511338	0.647573	3.40453
			*CONTROL_ROT_SAMPLE 384	-0.761449	0.014201	0.648069	3.48738
			*CONTROL_ROT_SAMPLE 576	-0.758763	-0.0129495	0.651238	3.53859
			*CONTROL_ROT_SAMPLE 768	-0.754734	-0.0408468	0.654758	3.58057
			*CONTROL_ROT_SAMPLE 960	-0.749662	-0.0659719	0.658525	3.61099
			*CONTROL_ROT_SAMPLE 1152	-0.744462	-0.0893009	0.661666	3.63501
			*CONTROL_ROT_SAMPLE 1344	-0.740015	-0.110572	0.66344	3.65371
			*CONTROL_ROT_SAMPLE 1536	-0.735796	-0.128543	0.664892	3.66655
			*CONTROL_ROT_SAMPLE 1728	-0.731143	-0.136914	0.668344	3.66745
			*CONTROL_ROT_SAMPLE 1920	-0.727599	-0.130349	0.673505	3.64894
			*CONTROL_ROT_SAMPLE 2112	-0.727322	-0.172821	0.66418	3.71867
			*CONTROL_ROT_SAMPLE 2304	-0.727754	-0.205238	0.654409	3.76769
			*CONTROL_ROT_SAMPLE 2496	-0.728686	-0.222111	0.64783	3.78773
			*CONTROL_ROT_SAMPLE 2688	-0.734454	-0.218701	0.642454	3.77138
			*CONTROL_ROT_SAMPLE 2880	-0.740958	-0.202817	0.640192	3.73082
			*CONTROL_ROT_SAMPLE 3072	-0.747221	-0.176291	0.640768	3.67101
			*CONTROL_ROT_SAMPLE 3264	-0.752707	-0.141467	0.642977	3.59739
			*CONTROL_ROT_SAMPLE 3456	-0.757052	-0.100391	0.645596	3.5132
			*CONTROL_ROT_SAMPLE 3648	-0.759699	-0.0543012	0.648004	3.42133
			*CONTROL_ROT_SAMPLE 3840	-0.760208	-0.00393143	0.649667	3.32358
			*CONTROL_ROT_SAMPLE 4032	-0.758056	0.0515125	0.650152	3.21882
			*CONTROL_ROT_SAMPLE 4224	-0.751448	0.120239	0.648744	3.09279
			*CONTROL_ROT_SAMPLE 4416	-0.755916	0.0602078	0.651895	3.19054
			*CONTROL_ROT_SAMPLE 4608	-0.756459	0.0192327	0.653758	3.25305
			*CONTROL_ROT_SAMPLE 4800	-0.75543	-0.0118814	0.655121	3.29715
			*CONTROL_ROT_SAMPLE 4992	-0.753055	-0.0202033	0.657648	3.30099
		}
	}
}
*HELPEROBJECT {
	*NODE_NAME "Bip01 L Foot"
	*NODE_PARENT "Bip01 L Calf"
	*NODE_TM {
		*NODE_NAME "Bip01 L Foot"
		*TM_ROW0 0.000569515	-0.000255938	-1
		*TM_ROW1 0.173637	-0.98481	0.000350937
		*TM_ROW2 -0.98481	-0.173637	-0.000516424
		*TM_ROW3 15.4469	1.6021	10.3362
		*TM_POS 15.4469	1.6021	10.3362
		*TM_ROTAXIS -0.705955	-0.0616344	0.705569
		*TM_ROTANGLE 3.01805
		*TM_SCALE 1	1	1
		*TM_SCALEAXIS 0	0	0
		*TM_SCALEAXISANG 0	0	0
	}
	*TM_ANIMATION {
		*NODE_NAME "Bip01 L Foot"
		*CONTROL_POS_TRACK {
			*CONTROL_POS_SAMPLE 192	15.4469	1.6021	10.3362
			*CONTROL_POS_SAMPLE 384	15.2417	1.91151	10.0839
			*CONTROL_POS_SAMPLE 576	14.825	2.13684	10.0421
			*CONTROL_POS_SAMPLE 768	14.2956	2.28322	10.1235
			*CONTROL_POS_SAMPLE 960	13.7527	2.35588	10.2411
			*CONTROL_POS_SAMPLE 1152	13.2951	2.36	10.3076
			*CONTROL_POS_SAMPLE 1344	13.0027	1.94916	10.3598
			*CONTROL_POS_SAMPLE 1536	12.7737	1.40326	10.4198
			*CONTROL_POS_SAMPLE 1728	12.5294	1.46433	10.3897
			*CONTROL_POS_SAMPLE 1920	12.427	1.28754	10.4507
			*CONTROL_POS_SAMPLE 2112	12.476	-8.27219	12.7821
			*CONTROL_POS_SAMPLE 2304	12.5535	-19.6042	15.5024
			*CONTROL_POS_SAMPLE 2496	12.6339	-31.1433	17.6355
			*CONTROL_POS_SAMPLE 2688	12.7082	-42.4828	18.96
			*CONTROL_POS_SAMPLE 2880	12.7854	-54.0294	19.6972
			*CONTROL_POS_SAMPLE 3072	12.8662	-65.4382	19.535
			*CONTROL_POS_SAMPLE 3264	12.9465	-76.8552	18.5855
			*CONTROL_POS_SAMPLE 3456	13.024	-88.4889	17.2662
			*CONTROL_POS_SAMPLE 3648	13.1025	-100.088	15.7219
			*CONTROL_POS_SAMPLE 3840	13.1855	-111.402	14.0979
			*CONTROL_POS_SAMPLE 4032	13.2766	-122.179	12.5391
			*CONTROL_POS_SAMPLE 4224	13.3796	-132.168	11.1907
			*CONTROL_POS_SAMPLE 4416	13.6367	-132.019	11.1709
			*CONTROL_POS_SAMPLE 4608	13.9813	-131.878	11.047
			*CONTROL_POS_SAMPLE 4800	14.3424	-131.74	10.9034
			*CONTROL_POS_SAMPLE 4992	14.7035	-131.601	10.7599
		}
		*CONTROL_ROT_TRACK {
			*CONTROL_ROT_SAMPLE 192	-0.705955	-0.0616344	0.705569	3.01805
			*CONTROL_ROT_SAMPLE 384	-0.705983	-0.0616188	0.705543	3.01802
			*CONTROL_ROT_SAMPLE 576	-0.705993	-0.0616131	0.705533	3.01801
			*CONTROL_ROT_SAMPLE 768	-0.705993	-0.0616132	0.705533	3.01801
			*CONTROL_ROT_SAMPLE 960	-0.70599	-0.0616152	0.705537	3.01801
			*CONTROL_ROT_SAMPLE 1152	-0.70599	-0.061615	0.705536	3.01801
			*CONTROL_ROT_SAMPLE 1344	-0.70599	-0.0616152	0.705537	3.01801
			*CONTROL_ROT_SAMPLE 1536	-0.705986	-0.061617	0.70554	3.01802
			*CONTROL_ROT_SAMPLE 1728	-0.705985	-0.0616179	0.705541	3.01802
			*CONTROL_ROT_SAMPLE 1920	-0.705983	-0.0616189	0.705543	3.01802
			*CONTROL_ROT_SAMPLE 2112	-0.705982	-0.0616199	0.705544	3.01802
			*CONTROL_ROT_SAMPLE 2304	-0.70598	-0.0616208	0.705546	3.01802
			*CONTROL_ROT_SAMPLE 2496	-0.705978	-0.0616217	0.705548	3.01803
			*CONTROL_ROT_SAMPLE 2688	-0.705976	-0.0616227	0.705549	3.01803
			*CONTROL_ROT_SAMPLE 2880	-0.705975	-0.0616238	0.705551	3.01803
			*CONTROL_ROT_SAMPLE 3072	-0.705973	-0.0616249	0.705553	3.01803
			*CONTROL_ROT_SAMPLE 3264	-0.705971	-0.0616259	0.705554	3.01803
			*CONTROL_ROT_SAMPLE 3456	-0.70597	-0.0616268	0.705556	3.01804
			*CONTROL_ROT_SAMPLE 3648	-0.705968	-0.0616277	0.705557	3.01804
			*CONTROL_ROT_SAMPLE 3840	-0.705966	-0.0616286	0.705559	3.01804
			*CONTROL_ROT_SAMPLE 4032	-0.705965	-0.0616296	0.705561	3.01804
			*CONTROL_ROT_SAMPLE 4224	-0.705963	-0.0616306	0.705562	3.01804
			*CONTROL_ROT_SAMPLE 4416	-0.705961	-0.0616314	0.705564	3.01804
			*CONTROL_ROT_SAMPLE 4608	-0.705959	-0.0616325	0.705566	3.01805
			*CONTROL_ROT_SAMPLE 4800	-0.705957	-0.0616337	0.705567	3.01805
			*CONTROL_ROT_SAMPLE 4992	-0.705956	-0.0616348	0.705569	3.01805
		}
	}
}
*HELPEROBJECT {
	*NODE_NAME "Bip01 L Toe0"
	*NODE_PARENT "Bip01 L Foot"
	*NODE_TM {
		*NODE_NAME "Bip01 L Toe0"
		*TM_ROW0 0.173635	-0.98481	0.000271828
		*TM_ROW1 -0.000553809	0.000178377	1
		*TM_ROW2 -0.98481	-0.173635	-0.000514411
		*TM_ROW3 19.3859	-20.701	-2.28259
		*TM_POS 19.3859	-20.701	-2.28259
		*TM_ROTAXIS -0.644449	0.540914	0.54046
		*TM_ROTANGLE 1.99693
		*TM_SCALE 1	1	1
		*TM_SCALEAXIS 0	0	0
		*TM_SCALEAXISANG 0	0	0
	}
	*TM_ANIMATION {
		*NODE_NAME "Bip01 L Toe0"
		*CONTROL_POS_TRACK {
			*CONTROL_POS_SAMPLE 192	19.3859	-20.701	-2.28259
			*CONTROL_POS_SAMPLE 384	19.1817	-20.392	-2.53376
			*CONTROL_POS_SAMPLE 576	18.7653	-20.1669	-2.57518
			*CONTROL_POS_SAMPLE 768	18.2359	-20.0205	-2.49375
			*CONTROL_POS_SAMPLE 960	17.6929	-19.9478	-2.37635
			*CONTROL_POS_SAMPLE 1152	17.2353	-19.9437	-2.30983
			*CONTROL_POS_SAMPLE 1344	16.9429	-20.3545	-2.25763
			*CONTROL_POS_SAMPLE 1536	16.7138	-20.9003	-2.1978
			*CONTROL_POS_SAMPLE 1728	16.4694	-20.8392	-2.22787
			*CONTROL_POS_SAMPLE 1920	16.367	-21.016	-2.16694
			*CONTROL_POS_SAMPLE 2112	16.4159	-30.5757	0.164338
			*CONTROL_POS_SAMPLE 2304	16.4934	-41.9077	2.88456
			*CONTROL_POS_SAMPLE 2496	16.5737	-53.4468	5.01759
			*CONTROL_POS_SAMPLE 2688	16.648	-64.7862	6.34202
			*CONTROL_POS_SAMPLE 2880	16.7251	-76.3328	7.07921
			*CONTROL_POS_SAMPLE 3072	16.8058	-87.7416	6.91686
			*CONTROL_POS_SAMPLE 3264	16.886	-99.1586	5.96737
			*CONTROL_POS_SAMPLE 3456	16.9635	-110.792	4.64794
			*CONTROL_POS_SAMPLE 3648	17.0419	-122.391	3.10361
			*CONTROL_POS_SAMPLE 3840	17.1248	-133.705	1.47949
			*CONTROL_POS_SAMPLE 4032	17.2159	-144.482	-0.0793584
			*CONTROL_POS_SAMPLE 4224	17.3188	-154.471	-1.42784
			*CONTROL_POS_SAMPLE 4416	17.5759	-154.322	-1.44765
			*CONTROL_POS_SAMPLE 4608	17.9205	-154.182	-1.57168
			*CONTROL_POS_SAMPLE 4800	18.2815	-154.043	-1.71528
			*CONTROL_POS_SAMPLE 4992	18.6425	-153.904	-1.85887
		}
		*CONTROL_ROT_TRACK {
			*CONTROL_ROT_SAMPLE 192	-0.644449	0.540914	0.54046	1.99693
			*CONTROL_ROT_SAMPLE 384	-0.644454	0.540946	0.540422	1.99695
			*CONTROL_ROT_SAMPLE 576	-0.644456	0.540958	0.540408	1.99696
			*CONTROL_ROT_SAMPLE 768	-0.644456	0.540958	0.540408	1.99696
			*CONTROL_ROT_SAMPLE 960	-0.644456	0.540954	0.540413	1.99695
			*CONTROL_ROT_SAMPLE 1152	-0.644456	0.540954	0.540413	1.99695
			*CONTROL_ROT_SAMPLE 1344	-0.644456	0.540953	0.540413	1.99695
			*CONTROL_ROT_SAMPLE 1536	-0.644455	0.54095	0.540418	1.99695
			*CONTROL_ROT_SAMPLE 1728	-0.644455	0.540948	0.54042	1.99695
			*CONTROL_ROT_SAMPLE 1920	-0.644454	0.540946	0.540422	1.99695
			*CONTROL_ROT_SAMPLE 2112	-0.644454	0.540944	0.540424	1.99695
			*CONTROL_ROT_SAMPLE 2304	-0.644454	0.540942	0.540427	1.99695
			*CONTROL_ROT_SAMPLE 2496	-0.644454	0.54094	0.540429	1.99694
			*CONTROL_ROT_SAMPLE 2688	-0.644453	0.540938	0.540431	1.99694
			*CONTROL_ROT_SAMPLE 2880	-0.644453	0.540936	0.540434	1.99694
			*CONTROL_ROT_SAMPLE 3072	-0.644453	0.540934	0.540436	1.99694
			*CONTROL_ROT_SAMPLE 3264	-0.644452	0.540932	0.540439	1.99694
			*CONTROL_ROT_SAMPLE 3456	-0.644452	0.54093	0.540441	1.99694
			*CONTROL_ROT_SAMPLE 3648	-0.644452	0.540928	0.540443	1.99694
			*CONTROL_ROT_SAMPLE 3840	-0.644451	0.540926	0.540446	1.99694
			*CONTROL_ROT_SAMPLE 4032	-0.644451	0.540924	0.540448	1.99693
			*CONTROL_ROT_SAMPLE 4224	-0.644451	0.540922	0.54045	1.99693
			*CONTROL_ROT_SAMPLE 4416	-0.64445	0.54092	0.540453	1.99693
			*CONTROL_ROT_SAMPLE 4608	-0.64445	0.540918	0.540455	1.99693
			*CONTROL_ROT_SAMPLE 4800	-0.64445	0.540916	0.540458	1.99693
			*CONTROL_ROT_SAMPLE 4992	-0.64445	0.540913	0.54046	1.99693
		}
	}
}
*HELPEROBJECT {
	*NODE_NAME "Bip01 R Thigh"
	*NODE_PARENT "Bip01 Pelvis"
	*NODE_TM {
		*NODE_NAME "Bip01 R Thigh"
		*TM_ROW0 -0.228664	-0.105202	-0.967804
		*TM_ROW1 -0.440447	-0.875396	0.199221
		*TM_ROW2 -0.86817	0.471821	0.153836
		*TM_ROW3 -13.5483	10.3681	95.3623
		*TM_POS -13.5483	10.3681	95.3623
		*TM_ROTAXIS 0.614758	-0.224692	-0.756033
		*TM_ROTANGLE 2.91802
		*TM_SCALE 1	1	1
		*TM_SCALEAXIS 0	0	0
		*TM_SCALEAXISANG 0	0	0
	}
	*TM_ANIMATION {
		*NODE_NAME "Bip01 R Thigh"
		*CONTROL_POS_TRACK {
			*CONTROL_POS_SAMPLE 192	-13.5483	10.3681	95.3623
			*CONTROL_POS_SAMPLE 384	-13.4655	6.23037	94.1233
			*CONTROL_POS_SAMPLE 576	-13.4109	2.03205	93.4552
			*CONTROL_POS_SAMPLE 768	-13.3812	-2.21482	92.7411
			*CONTROL_POS_SAMPLE 960	-13.3715	-6.49894	92.1119
			*CONTROL_POS_SAMPLE 1152	-13.3762	-10.8093	91.3774
			*CONTROL_POS_SAMPLE 1344	-13.3896	-15.1352	90.5566
			*CONTROL_POS_SAMPLE 1536	-13.4057	-19.4659	89.7921
			*CONTROL_POS_SAMPLE 1728	-13.4189	-23.7903	89.2266
			*CONTROL_POS_SAMPLE 1920	-13.4237	-28.0975	89.0026
			*CONTROL_POS_SAMPLE 2112	-13.4238	-37.4178	89.1935
			*CONTROL_POS_SAMPLE 2304	-13.4267	-46.7425	89.688
			*CONTROL_POS_SAMPLE 2496	-13.4319	-56.071	90.3521
			*CONTROL_POS_SAMPLE 2688	-13.4389	-60.6983	91.0517
			*CONTROL_POS_SAMPLE 2880	-13.4475	-65.3282	91.6526
			*CONTROL_POS_SAMPLE 3072	-13.4571	-69.9602	92.0208
			*CONTROL_POS_SAMPLE 3264	-13.4674	-74.5935	92.0979
			*CONTROL_POS_SAMPLE 3456	-13.4781	-79.2277	91.9783
			*CONTROL_POS_SAMPLE 3648	-13.4886	-83.8621	91.7569
			*CONTROL_POS_SAMPLE 3840	-13.4988	-88.496	91.5289
			*CONTROL_POS_SAMPLE 4032	-13.5082	-93.129	91.3893
			*CONTROL_POS_SAMPLE 4224	-13.5165	-97.7604	91.4332
			*CONTROL_POS_SAMPLE 4416	-13.5243	-104.216	91.8319
			*CONTROL_POS_SAMPLE 4608	-13.5324	-110.673	92.5827
			*CONTROL_POS_SAMPLE 4800	-13.5405	-117.131	93.5201
			*CONTROL_POS_SAMPLE 4992	-13.5483	-123.589	95.3623
		}
		*CONTROL_ROT_TRACK {
			*CONTROL_ROT_SAMPLE 192	0.614758	-0.224692	-0.756033	2.91802
			*CONTROL_ROT_SAMPLE 384	0.580549	-0.288567	-0.761375	2.99835
			*CONTROL_ROT_SAMPLE 576	0.556104	-0.344253	-0.756464	3.10401
			*CONTROL_ROT_SAMPLE 768	0.540029	-0.394058	-0.743698	3.22327
			*CONTROL_ROT_SAMPLE 960	0.533205	-0.433101	-0.726716	3.32892
			*CONTROL_ROT_SAMPLE 1152	0.533063	-0.458582	-0.711018	3.40248
			*CONTROL_ROT_SAMPLE 1344	0.544106	-0.465866	-0.697795	3.43384
			*CONTROL_ROT_SAMPLE 1536	0.568353	-0.452976	-0.686868	3.42279
			*CONTROL_ROT_SAMPLE 1728	0.601676	-0.419024	-0.680003	3.3626
			*CONTROL_ROT_SAMPLE 1920	0.651695	-0.341433	-0.677287	3.20878
			*CONTROL_ROT_SAMPLE 2112	0.60927	-0.389472	-0.690726	3.30805
			*CONTROL_ROT_SAMPLE 2304	0.594532	-0.381379	-0.707871	3.29873
			*CONTROL_ROT_SAMPLE 2496	0.589441	-0.353848	-0.72619	3.25119
			*CONTROL_ROT_SAMPLE 2688	0.592002	-0.330606	-0.735005	3.20919
			*CONTROL_ROT_SAMPLE 2880	0.595123	-0.305618	-0.743254	3.16317
			*CONTROL_ROT_SAMPLE 3072	0.598732	-0.278564	-0.750947	3.11993
			*CONTROL_ROT_SAMPLE 3264	0.601964	-0.251361	-0.757929	3.07806
			*CONTROL_ROT_SAMPLE 3456	0.605212	-0.223096	-0.764164	3.03394
			*CONTROL_ROT_SAMPLE 3648	0.608876	-0.192624	-0.769523	2.98382
			*CONTROL_ROT_SAMPLE 3840	0.613521	-0.158301	-0.773649	2.92457
			*CONTROL_ROT_SAMPLE 4032	0.619854	-0.117635	-0.77585	2.85237
			*CONTROL_ROT_SAMPLE 4224	0.629599	-0.059575	-0.774632	2.74014
			*CONTROL_ROT_SAMPLE 4416	0.618738	-0.12658	-0.775333	2.91276
			*CONTROL_ROT_SAMPLE 4608	0.612175	-0.181763	-0.769548	3.05331
			*CONTROL_ROT_SAMPLE 4800	0.607984	-0.229433	-0.760076	3.17472
			*CONTROL_ROT_SAMPLE 4992	0.609412	-0.259402	-0.749218	3.2544
		}
	}
}
*HELPEROBJECT {
	*NODE_NAME "Bip01 R Calf"
	*NODE_PARENT "Bip01 R Thigh"
	*NODE_TM {
		*NODE_NAME "Bip01 R Calf"
		*TM_ROW0 -0.00640134	0.299313	-0.954133
		*TM_ROW1 -0.496225	-0.829335	-0.256835
		*TM_ROW2 -0.86817	0.471821	0.153836
		*TM_ROW3 -22.545	6.22897	57.2842
		*TM_POS -22.545	6.22897	57.2842
		*TM_ROTAXIS 0.673294	-0.079432	-0.735096
		*TM_ROTANGLE 2.56983
		*TM_SCALE 1	1	1
		*TM_SCALEAXIS 0	0	0
		*TM_SCALEAXISANG 0	0	0
	}
	*TM_ANIMATION {
		*NODE_NAME "Bip01 R Calf"
		*CONTROL_POS_TRACK {
			*CONTROL_POS_SAMPLE 192	-22.545	6.22897	57.2842
			*CONTROL_POS_SAMPLE 384	-26.0218	-2.6083	57.8985
			*CONTROL_POS_SAMPLE 576	-28.4016	-11.9086	59.8553
			*CONTROL_POS_SAMPLE 768	-29.6847	-21.3196	62.4555
			*CONTROL_POS_SAMPLE 960	-29.8516	-29.8369	65.0608
			*CONTROL_POS_SAMPLE 1152	-29.4079	-36.9356	66.7112
			*CONTROL_POS_SAMPLE 1344	-28.2639	-42.5685	66.5943
			*CONTROL_POS_SAMPLE 1536	-26.2857	-46.8263	64.622
			*CONTROL_POS_SAMPLE 1728	-23.6664	-49.253	61.0369
			*CONTROL_POS_SAMPLE 1920	-19.2975	-47.3762	55.2114
			*CONTROL_POS_SAMPLE 2112	-23.2163	-60.4641	58.8456
			*CONTROL_POS_SAMPLE 2304	-24.6438	-68.8335	59.1236
			*CONTROL_POS_SAMPLE 2496	-25.2827	-75.5593	58.2931
			*CONTROL_POS_SAMPLE 2688	-25.1473	-78.0351	57.7295
			*CONTROL_POS_SAMPLE 2880	-24.9167	-80.2697	57.1095
			*CONTROL_POS_SAMPLE 3072	-24.5873	-82.4428	56.4074
			*CONTROL_POS_SAMPLE 3264	-24.2476	-84.5949	55.6044
			*CONTROL_POS_SAMPLE 3456	-23.856	-86.5913	54.748
			*CONTROL_POS_SAMPLE 3648	-23.3533	-88.2766	53.9255
			*CONTROL_POS_SAMPLE 3840	-22.6486	-89.4945	53.2758
			*CONTROL_POS_SAMPLE 4032	-21.6127	-90.0415	53.0123
			*CONTROL_POS_SAMPLE 4224	-19.781	-88.6853	53.6653
			*CONTROL_POS_SAMPLE 4416	-22.1109	-103.378	53.4446
			*CONTROL_POS_SAMPLE 4608	-23.2919	-116.742	54.9538
			*CONTROL_POS_SAMPLE 4800	-23.7845	-129.096	57.4655
			*CONTROL_POS_SAMPLE 4992	-23.512	-139.307	60.697
		}
		*CONTROL_ROT_TRACK {
			*CONTROL_ROT_SAMPLE 192	0.673294	-0.079432	-0.735096	2.56983
			*CONTROL_ROT_SAMPLE 384	0.67964	-0.0774801	-0.729443	2.47725
			*CONTROL_ROT_SAMPLE 576	0.691205	-0.0776657	-0.718474	2.44609
			*CONTROL_ROT_SAMPLE 768	0.703964	-0.0789242	-0.705837	2.46274
			*CONTROL_ROT_SAMPLE 960	-0.713332	0.0860584	0.695522	3.76459
			*CONTROL_ROT_SAMPLE 1152	-0.717604	0.10008	0.689223	3.69286
			*CONTROL_ROT_SAMPLE 1344	-0.71687	0.124928	0.685923	3.59975
			*CONTROL_ROT_SAMPLE 1536	-0.711434	0.163374	0.683499	3.47865
			*CONTROL_ROT_SAMPLE 1728	-0.699937	0.215821	0.680815	3.3432
			*CONTROL_ROT_SAMPLE 1920	0.672154	-0.298228	-0.677694	3.12069
			*CONTROL_ROT_SAMPLE 2112	-0.696254	0.203232	0.688423	3.36928
			*CONTROL_ROT_SAMPLE 2304	-0.700313	0.146853	0.698567	3.4988
			*CONTROL_ROT_SAMPLE 2496	0.697745	-0.102028	-0.709043	2.67994
			*CONTROL_ROT_SAMPLE 2688	0.694018	-0.0850074	-0.714921	2.64397
			*CONTROL_ROT_SAMPLE 2880	0.689667	-0.0692368	-0.72081	2.61196
			*CONTROL_ROT_SAMPLE 3072	0.685017	-0.0509529	-0.726743	2.58334
			*CONTROL_ROT_SAMPLE 3264	0.680338	-0.0315911	-0.732218	2.55522
			*CONTROL_ROT_SAMPLE 3456	0.675345	-0.0126923	-0.737393	2.52961
			*CONTROL_ROT_SAMPLE 3648	0.669856	0.00432187	-0.742479	2.50893
			*CONTROL_ROT_SAMPLE 3840	0.663758	0.0180485	-0.74773	2.4977
			*CONTROL_ROT_SAMPLE 4032	0.656985	0.026357	-0.753443	2.50351
			*CONTROL_ROT_SAMPLE 4224	0.647923	0.0207551	-0.761423	2.54591
			*CONTROL_ROT_SAMPLE 4416	0.660255	0.0484694	-0.749476	2.49205
			*CONTROL_ROT_SAMPLE 4608	0.670635	0.0528487	-0.739903	2.49597
			*CONTROL_ROT_SAMPLE 4800	0.679459	0.0444522	-0.732366	2.53413
