*3DSMAX_ASCIIEXPORT	110
*COMMENT "This file is part of Gothic Free Aim Copyright (C) 2016-2017  mud-freak (@szapp)"
*COMMENT "<http://github.com/szapp/GothicFreeAim>"
*COMMENT "Animations: first iteration"
*SCENE {
	*SCENE_FILENAME "bowIK_T2_left.max"
	*SCENE_FIRSTFRAME 1
	*SCENE_LASTFRAME 26
	*SCENE_FRAMESPEED 25
	*SCENE_TICKSPERFRAME 192
	*SCENE_BACKGROUND_STATIC 0	0	0
	*SCENE_AMBIENT_STATIC 0.2	0.2	0.2
}
*HELPEROBJECT {
	*NODE_NAME "Bip01"
	*NODE_TM {
		*NODE_NAME "Bip01"
		*TM_ROW0 -0.836419	-0.547972	0.0113689
		*TM_ROW1 0.547171	-0.836037	-0.040567
		*TM_ROW2 0.0317344	-0.0277103	0.999112
		*TM_ROW3 81.0081	8.30836	76.6863
		*TM_POS 81.0081	8.30836	76.6863
		*TM_ROTAXIS -0.0117369	0.0185917	-0.999758
		*TM_ROTANGLE 3.72121
		*TM_SCALE 1	1	1
		*TM_SCALEAXIS 0	0	0
		*TM_SCALEAXISANG 0	0	0
	}
	*TM_ANIMATION {
		*NODE_NAME "Bip01"
		*CONTROL_POS_TRACK {
			*CONTROL_POS_SAMPLE 192	-0.0498829	24.2813	74.638
			*CONTROL_POS_SAMPLE 384	3.19245	22.8292	75.1556
			*CONTROL_POS_SAMPLE 576	6.43478	21.3771	75.6739
			*CONTROL_POS_SAMPLE 768	9.67711	19.925	76.1928
			*CONTROL_POS_SAMPLE 960	12.9194	18.473	76.7124
			*CONTROL_POS_SAMPLE 1152	16.1618	17.0209	76.4271
			*CONTROL_POS_SAMPLE 1344	19.4041	15.5688	76.1018
			*CONTROL_POS_SAMPLE 1536	22.6464	14.1167	75.767
			*CONTROL_POS_SAMPLE 1728	25.8888	12.6646	75.4532
			*CONTROL_POS_SAMPLE 1920	29.1311	11.2125	75.191
			*CONTROL_POS_SAMPLE 2112	32.3734	9.76044	75.0106
			*CONTROL_POS_SAMPLE 2304	35.6158	8.30836	74.9427
			*CONTROL_POS_SAMPLE 2496	38.8581	8.30836	75.0074
			*CONTROL_POS_SAMPLE 2688	42.1004	8.30836	75.1846
			*CONTROL_POS_SAMPLE 2880	45.3427	8.30836	75.4441
			*CONTROL_POS_SAMPLE 3072	48.585	8.30836	75.7559
			*CONTROL_POS_SAMPLE 3264	51.8273	8.30836	76.0891
			*CONTROL_POS_SAMPLE 3456	55.0696	8.30836	76.4133
			*CONTROL_POS_SAMPLE 3648	58.3119	8.30836	76.6976
			*CONTROL_POS_SAMPLE 3840	61.5542	8.30836	76.6958
			*CONTROL_POS_SAMPLE 4032	64.7965	8.30836	76.6944
			*CONTROL_POS_SAMPLE 4224	68.0388	8.30836	76.6931
			*CONTROL_POS_SAMPLE 4416	71.2812	8.30836	76.6919
			*CONTROL_POS_SAMPLE 4608	74.5235	8.30836	76.6905
			*CONTROL_POS_SAMPLE 4800	77.7658	8.30836	76.6887
			*CONTROL_POS_SAMPLE 4992	81.0081	8.30836	76.6863
		}
		*CONTROL_ROT_TRACK {
			*CONTROL_ROT_SAMPLE 192	-0.0117386	0.0185945	-0.999758	3.72221
			*CONTROL_ROT_SAMPLE 384	-0.0097935	0.0191749	-0.999768	3.72215
			*CONTROL_ROT_SAMPLE 576	-0.00800401	0.0197089	-0.999774	3.7221
			*CONTROL_ROT_SAMPLE 768	-0.00637011	0.0201963	-0.999776	3.72205
			*CONTROL_ROT_SAMPLE 960	-0.00489182	0.0206373	-0.999775	3.72201
			*CONTROL_ROT_SAMPLE 1152	-0.00356914	0.0210318	-0.999772	3.72198
			*CONTROL_ROT_SAMPLE 1344	-0.00240207	0.0213799	-0.999769	3.72194
			*CONTROL_ROT_SAMPLE 1536	-0.00139061	0.0216815	-0.999764	3.72192
			*CONTROL_ROT_SAMPLE 1728	-0.000534771	0.0219367	-0.999759	3.72189
			*CONTROL_ROT_SAMPLE 1920	0.000165456	0.0221455	-0.999755	3.72186
			*CONTROL_ROT_SAMPLE 2112	0.00071007	0.0223078	-0.999751	3.72184
			*CONTROL_ROT_SAMPLE 2304	0.00109907	0.0224237	-0.999748	3.72181
			*CONTROL_ROT_SAMPLE 2496	0.00133245	0.0224932	-0.999746	3.72177
			*CONTROL_ROT_SAMPLE 2688	0.00141023	0.0225163	-0.999745	3.72174
			*CONTROL_ROT_SAMPLE 2880	0.00123523	0.022464	-0.999747	3.7217
			*CONTROL_ROT_SAMPLE 3072	0.000740659	0.0223164	-0.999751	3.72166
			*CONTROL_ROT_SAMPLE 3264	-2.78352e-005	0.022087	-0.999756	3.72162
			*CONTROL_ROT_SAMPLE 3456	-0.00102459	0.0217896	-0.999762	3.72158
			*CONTROL_ROT_SAMPLE 3648	-0.00220395	0.0214376	-0.999768	3.72153
			*CONTROL_ROT_SAMPLE 3840	-0.00352024	0.0210448	-0.999772	3.72149
			*CONTROL_ROT_SAMPLE 4032	-0.00492782	0.0206247	-0.999775	3.72145
			*CONTROL_ROT_SAMPLE 4224	-0.00638102	0.0201909	-0.999776	3.7214
			*CONTROL_ROT_SAMPLE 4416	-0.00783418	0.0197571	-0.999774	3.72135
			*CONTROL_ROT_SAMPLE 4608	-0.00924165	0.0193369	-0.99977	3.72131
			*CONTROL_ROT_SAMPLE 4800	-0.0105578	0.0189439	-0.999765	3.72126
			*CONTROL_ROT_SAMPLE 4992	-0.0117369	0.0185917	-0.999758	3.72121
		}
	}
}
*HELPEROBJECT {
	*NODE_NAME "Bip01 Footsteps"
	*NODE_PARENT "Bip01"
	*NODE_TM {
		*NODE_NAME "Bip01 Footsteps"
		*TM_ROW0 1	0	0
		*TM_ROW1 0	1	0
		*TM_ROW2 0	0	1
		*TM_ROW3 81.0081	8.30836	-2.28548
		*TM_POS 81.0081	8.30836	-2.28548
		*TM_ROTAXIS 0	0	0
		*TM_ROTANGLE 0
		*TM_SCALE 1	1	1
		*TM_SCALEAXIS 0	0	0
		*TM_SCALEAXISANG 0	0	0
	}
}
*HELPEROBJECT {
	*NODE_NAME "Bip01 Pelvis"
	*NODE_PARENT "Bip01"
	*NODE_TM {
		*NODE_NAME "Bip01 Pelvis"
		*TM_ROW0 0.0317337	-0.0277091	0.999112
		*TM_ROW1 -0.836418	-0.547974	0.0113689
		*TM_ROW2 0.547172	-0.836037	-0.0405656
		*TM_ROW3 83.3566	8.77989	76.6247
		*TM_POS 83.3566	8.77989	76.6247
		*TM_ROTAXIS -0.674938	0.35996	-0.644118
		*TM_ROTANGLE 2.46291
		*TM_SCALE 1	1	1
		*TM_SCALEAXIS 0	0	0
		*TM_SCALEAXISANG 0	0	0
	}
	*TM_ANIMATION {
		*NODE_NAME "Bip01 Pelvis"
		*CONTROL_POS_TRACK {
			*CONTROL_POS_SAMPLE 192	2.29816	24.7552	74.5766
			*CONTROL_POS_SAMPLE 384	5.54075	23.3029	75.1028
			*CONTROL_POS_SAMPLE 576	8.78329	21.8506	75.629
			*CONTROL_POS_SAMPLE 768	12.0258	20.3983	76.1552
			*CONTROL_POS_SAMPLE 960	15.2682	18.946	76.6814
			*CONTROL_POS_SAMPLE 1152	18.5107	17.4938	76.4019
			*CONTROL_POS_SAMPLE 1344	21.7531	16.0416	76.0818
			*CONTROL_POS_SAMPLE 1536	24.9955	14.5893	75.7515
			*CONTROL_POS_SAMPLE 1728	28.2379	13.1371	75.4416
			*CONTROL_POS_SAMPLE 1920	31.4802	11.6849	75.1824
			*CONTROL_POS_SAMPLE 2112	34.7226	10.2327	75.0045
			*CONTROL_POS_SAMPLE 2304	37.965	8.78055	74.9382
			*CONTROL_POS_SAMPLE 2496	41.2073	8.78045	75.004
			*CONTROL_POS_SAMPLE 2688	44.4496	8.78036	75.1816
			*CONTROL_POS_SAMPLE 2880	47.6919	8.78028	75.4403
			*CONTROL_POS_SAMPLE 3072	50.9343	8.78023	75.7499
			*CONTROL_POS_SAMPLE 3264	54.1766	8.78019	76.0797
			*CONTROL_POS_SAMPLE 3456	57.4188	8.78017	76.3994
			*CONTROL_POS_SAMPLE 3648	60.6611	8.78016	76.6785
			*CONTROL_POS_SAMPLE 3840	63.9034	8.78014	76.6708
			*CONTROL_POS_SAMPLE 4032	67.1456	8.78013	76.6631
			*CONTROL_POS_SAMPLE 4224	70.3878	8.7801	76.6554
			*CONTROL_POS_SAMPLE 4416	73.63	8.78007	76.6478
			*CONTROL_POS_SAMPLE 4608	76.8722	8.78002	76.6401
			*CONTROL_POS_SAMPLE 4800	80.1144	8.77996	76.6324
			*CONTROL_POS_SAMPLE 4992	83.3566	8.77989	76.6247
		}
		*CONTROL_ROT_TRACK {
			*CONTROL_ROT_SAMPLE 192	-0.675038	0.359588	-0.644221	2.46357
			*CONTROL_ROT_SAMPLE 384	-0.674041	0.360736	-0.644623	2.46609
			*CONTROL_ROT_SAMPLE 576	-0.673123	0.361789	-0.644992	2.46841
			*CONTROL_ROT_SAMPLE 768	-0.672285	0.362748	-0.645327	2.47053
			*CONTROL_ROT_SAMPLE 960	-0.671526	0.363613	-0.64563	2.47245
			*CONTROL_ROT_SAMPLE 1152	-0.670848	0.364385	-0.6459	2.47417
			*CONTROL_ROT_SAMPLE 1344	-0.670249	0.365066	-0.646138	2.47569
			*CONTROL_ROT_SAMPLE 1536	-0.669729	0.365655	-0.646343	2.47701
			*CONTROL_ROT_SAMPLE 1728	-0.669289	0.366155	-0.646516	2.47812
			*CONTROL_ROT_SAMPLE 1920	-0.668928	0.366564	-0.646657	2.47903
			*CONTROL_ROT_SAMPLE 2112	-0.668647	0.366885	-0.646766	2.47973
			*CONTROL_ROT_SAMPLE 2304	-0.668445	0.367118	-0.646842	2.48023
			*CONTROL_ROT_SAMPLE 2496	-0.668323	0.367263	-0.646887	2.48052
			*CONTROL_ROT_SAMPLE 2688	-0.668279	0.367321	-0.646899	2.48059
			*CONTROL_ROT_SAMPLE 2880	-0.668365	0.367236	-0.646859	2.48034
			*CONTROL_ROT_SAMPLE 3072	-0.668613	0.366969	-0.646753	2.47966
			*CONTROL_ROT_SAMPLE 3264	-0.669002	0.366545	-0.646592	2.47861
			*CONTROL_ROT_SAMPLE 3456	-0.669507	0.365991	-0.646383	2.47727
			*CONTROL_ROT_SAMPLE 3648	-0.670106	0.365331	-0.646136	2.47568
			*CONTROL_ROT_SAMPLE 3840	-0.670774	0.364593	-0.64586	2.47392
			*CONTROL_ROT_SAMPLE 4032	-0.671488	0.363801	-0.645564	2.47203
			*CONTROL_ROT_SAMPLE 4224	-0.672225	0.362982	-0.645257	2.47009
			*CONTROL_ROT_SAMPLE 4416	-0.672962	0.362162	-0.64495	2.46814
			*CONTROL_ROT_SAMPLE 4608	-0.673675	0.361367	-0.644651	2.46626
			*CONTROL_ROT_SAMPLE 4800	-0.674342	0.360624	-0.64437	2.46449
			*CONTROL_ROT_SAMPLE 4992	-0.674938	0.35996	-0.644118	2.46291
		}
	}
}
*HELPEROBJECT {
	*NODE_NAME "Bip01 Spine"
	*NODE_PARENT "Bip01 Pelvis"
	*NODE_TM {
		*NODE_NAME "Bip01 Spine"
		*TM_ROW0 -0.0267031	-0.0658734	0.997471
		*TM_ROW1 -0.836595	-0.544703	-0.0583687
		*TM_ROW2 0.54717	-0.836038	-0.0405641
		*TM_ROW3 83.5073	8.7622	79.0225
		*TM_POS 83.5073	8.7622	79.0225
		*TM_ROTAXIS -0.656886	0.380362	-0.651018
		*TM_ROTANGLE 2.50813
		*TM_SCALE 1	1	1
		*TM_SCALEAXIS 0	0	0
		*TM_SCALEAXISANG 0	0	0
	}
}
*HELPEROBJECT {
	*NODE_NAME "Bip01 Spine1"
	*NODE_PARENT "Bip01 Spine"
	*NODE_TM {
		*NODE_NAME "Bip01 Spine1"
		*TM_ROW0 -0.039189	-0.0785687	0.996138
		*TM_ROW1 -0.938645	-0.338958	-0.0636619
		*TM_ROW2 0.342651	-0.937515	-0.0604648
		*TM_ROW3 83.2545	8.1183	88.8255
		*TM_POS 83.2545	8.1183	88.8255
		*TM_ROTAXIS -0.628949	0.470342	-0.619033
		*TM_ROTANGLE 2.3736
		*TM_SCALE 1	1	1
		*TM_SCALEAXIS 0	0	0
		*TM_SCALEAXISANG 0	0	0
	}
}
*HELPEROBJECT {
	*NODE_NAME "Bip01 Spine2"
	*NODE_PARENT "Bip01 Spine1"
	*NODE_TM {
		*NODE_NAME "Bip01 Spine2"
		*TM_ROW0 -0.130752	0.0235634	0.991135
		*TM_ROW1 -0.984906	-0.117454	-0.127138
		*TM_ROW2 0.113417	-0.992799	0.0385652
		*TM_ROW3 82.7768	7.11623	101.569
		*TM_POS 82.7768	7.11623	101.569
		*TM_ROTAXIS -0.54351	0.55108	-0.633173
		*TM_ROTANGLE 2.22034
		*TM_SCALE 1	1	1
		*TM_SCALEAXIS 0	0	0
		*TM_SCALEAXISANG 0	0	0
	}
}
*HELPEROBJECT {
	*NODE_NAME "Bip01 Neck"
	*NODE_PARENT "Bip01 Spine2"
	*NODE_TM {
		*NODE_NAME "Bip01 Neck"
		*TM_ROW0 -0.418706	-0.323974	0.848367
		*TM_ROW1 -0.134049	-0.901916	-0.410582
		*TM_ROW2 0.898174	-0.285635	0.334209
		*TM_ROW3 78.857	7.82767	131.289
		*TM_POS 78.857	7.82767	131.289
		*TM_ROTAXIS -0.53687	0.214011	-0.81607
		*TM_ROTANGLE 3.25822
		*TM_SCALE 1	1	1
		*TM_SCALEAXIS 0	0	0
		*TM_SCALEAXISANG 0	0	0
	}
}
*HELPEROBJECT {
	*NODE_NAME "Bip01 Head"
	*NODE_PARENT "Bip01 Neck"
	*NODE_TM {
		*NODE_NAME "Bip01 Head"
		*TM_ROW0 -0.477585	0.0247585	0.878237
		*TM_ROW1 0.327773	-0.922414	0.204247
		*TM_ROW2 0.815155	0.385407	0.432416
		*TM_ROW3 75.9934	5.61194	137.092
		*TM_POS 75.9934	5.61194	137.092
		*TM_ROTAXIS -0.505145	-0.175896	-0.84492
		*TM_ROTANGLE 3.32188
		*TM_SCALE 1	1	1
		*TM_SCALEAXIS 0	0	0
		*TM_SCALEAXISANG 0	0	0
	}
}
*HELPEROBJECT {
	*NODE_NAME "zs_Helmet"
	*NODE_PARENT "Bip01 Head"
	*NODE_TM {
		*NODE_NAME "zs_Helmet"
		*TM_ROW0 0.815155	0.385408	0.432416
		*TM_ROW1 -0.289293	0.917628	-0.272522
		*TM_ROW2 -0.501829	0.0970531	0.859505
		*TM_ROW3 -34.8918	-53.9752	399.233
		*TM_POS -34.8918	-53.9752	399.233
		*TM_ROTAXIS 0.30538	0.771966	-0.557505
		*TM_ROTANGLE 0.649901
		*TM_SCALE 1	1	1
		*TM_SCALEAXIS 0	0	0
		*TM_SCALEAXISANG 0	0	0
	}
}
*HELPEROBJECT {
	*NODE_NAME "Bip01 L Clavicle"
	*NODE_PARENT "Bip01 Neck"
	*NODE_TM {
		*NODE_NAME "Bip01 L Clavicle"
		*TM_ROW0 0.344645	-0.887358	0.306294
		*TM_ROW1 0.913023	0.3927	0.110341
		*TM_ROW2 -0.218194	0.241626	0.94552
		*TM_ROW3 82.8958	0.0799761	126.589
		*TM_POS 82.8958	0.0799761	126.589
		*TM_ROTAXIS 0.0698392	0.279011	0.957745
		*TM_ROTANGLE 1.22236
		*TM_SCALE 1	1	1
		*TM_SCALEAXIS 0	0	0
		*TM_SCALEAXISANG 0	0	0
	}
}
*HELPEROBJECT {
	*NODE_NAME "Bip01 L UpperArm"
	*NODE_PARENT "Bip01 L Clavicle"
	*NODE_TM {
		*NODE_NAME "Bip01 L UpperArm"
		*TM_ROW0 0.293336	-0.955738	0.022757
		*TM_ROW1 0.939992	0.284001	-0.189101
		*TM_ROW2 0.174268	0.0768615	0.981694
		*TM_ROW3 87.4885	-11.745	130.671
		*TM_POS 87.4885	-11.745	130.671
		*TM_ROTAXIS 0.138502	-0.0789004	0.987214
		*TM_ROTANGLE 1.28751
		*TM_SCALE 1	1	1
		*TM_SCALEAXIS 0	0	0
		*TM_SCALEAXISANG 0	0	0
	}
}
*HELPEROBJECT {
	*NODE_NAME "Bip01 L Forearm"
	*NODE_PARENT "Bip01 L UpperArm"
	*NODE_TM {
		*NODE_NAME "Bip01 L Forearm"
		*TM_ROW0 0.182564	-0.982187	0.0444917
		*TM_ROW1 0.967626	0.171469	-0.185196
		*TM_ROW2 0.174268	0.0768616	0.981694
		*TM_ROW3 95.6744	-38.416	131.306
		*TM_POS 95.6744	-38.416	131.306
		*TM_ROTAXIS 0.132915	-0.0658221	0.988939
		*TM_ROTANGLE 1.40213
		*TM_SCALE 1	1	1
		*TM_SCALEAXIS 0	0	0
		*TM_SCALEAXISANG 0	0	0
	}
}
*HELPEROBJECT {
	*NODE_NAME "Bip01 L Hand"
	*NODE_PARENT "Bip01 L Forearm"
	*NODE_TM {
		*NODE_NAME "Bip01 L Hand"
		*TM_ROW0 0.237827	-0.963752	0.120911
		*TM_ROW1 -0.30357	-0.191999	-0.933264
		*TM_ROW2 0.92265	0.18525	-0.338229
		*TM_ROW3 100.753	-65.7368	132.543
		*TM_POS 100.753	-65.7368	132.543
		*TM_ROTAXIS -0.73281	0.52527	-0.432528
		*TM_ROTANGLE 4.00979
		*TM_SCALE 1	1	1
		*TM_SCALEAXIS 0	0	0
		*TM_SCALEAXISANG 0	0	0
	}
}
*HELPEROBJECT {
	*NODE_NAME "Bip01 L Finger0"
	*NODE_PARENT "Bip01 L Hand"
	*NODE_TM {
		*NODE_NAME "Bip01 L Finger0"
		*TM_ROW0 0.237824	-0.963753	0.120916
		*TM_ROW1 -0.304278	-0.192145	-0.933003
		*TM_ROW2 0.922418	0.185098	-0.338945
		*TM_ROW3 103.813	-78.1402	134.099
		*TM_POS 103.813	-78.1402	134.099
		*TM_ROTAXIS -0.732892	0.525367	-0.432272
		*TM_ROTANGLE 4.00923
		*TM_SCALE 1	1	1
		*TM_SCALEAXIS 0	0	0
		*TM_SCALEAXISANG 0	0	0
	}
}
*HELPEROBJECT {
	*NODE_NAME "zs_LeftHand"
	*NODE_PARENT "Bip01 L Hand"
	*NODE_TM {
		*NODE_NAME "zs_LeftHand"
		*TM_ROW0 0.877487	0.283784	-0.386631
		*TM_ROW1 0.368928	-0.914501	0.166071
		*TM_ROW2 -0.306446	-0.288365	-0.907158
		*TM_ROW3 151.083	-172.763	50.1969
		*TM_POS 151.083	-172.763	50.1969
		*TM_ROTAXIS -0.96844	-0.170881	0.181448
		*TM_ROTANGLE 2.90476
		*TM_SCALE 1	1	1
		*TM_SCALEAXIS 0	0	0
		*TM_SCALEAXISANG 0	0	0
	}
}
*HELPEROBJECT {
	*NODE_NAME "zs_LeftArm"
	*NODE_PARENT "Bip01 L Forearm"
	*NODE_TM {
		*NODE_NAME "zs_LeftArm"
		*TM_ROW0 0.310276	-0.950359	-0.0233932
		*TM_ROW1 0.942348	0.310718	-0.124234
		*TM_ROW2 0.125336	0.0165022	0.991977
		*TM_ROW3 -17.7202	-322.263	224.094
		*TM_POS -17.7202	-322.263	224.094
		*TM_ROTAXIS 0.0739258	-0.0781241	0.994199
		*TM_ROTANGLE 1.2593
		*TM_SCALE 1	1	1
		*TM_SCALEAXIS 0	0	0
		*TM_SCALEAXISANG 0	0	0
	}
}
*HELPEROBJECT {
	*NODE_NAME "Bip01 R Clavicle"
	*NODE_PARENT "Bip01 Neck"
	*NODE_TM {
		*NODE_NAME "Bip01 R Clavicle"
		*TM_ROW0 -0.738	0.595433	-0.317515
		*TM_ROW1 0.61066	0.789522	0.0612252
		*TM_ROW2 0.287141	-0.14871	-0.946275
		*TM_ROW3 81.0892	15.8932	125.975
		*TM_POS 81.0892	15.8932	125.975
		*TM_ROTAXIS -0.327898	-0.944414	0.0237842
		*TM_ROTANGLE 2.81573
		*TM_SCALE 1	1	1
		*TM_SCALEAXIS 0	0	0
		*TM_SCALEAXISANG 0	0	0
	}
}
*HELPEROBJECT {
	*NODE_NAME "Bip01 R UpperArm"
	*NODE_PARENT "Bip01 R Clavicle"
	*NODE_TM {
		*NODE_NAME "Bip01 R UpperArm"
		*TM_ROW0 -0.583798	-0.785265	-0.206249
		*TM_ROW1 -0.587068	0.583762	-0.560868
		*TM_ROW2 0.560831	-0.206352	-0.801803
		*TM_ROW3 71.2546	23.828	121.743
		*TM_POS 71.2546	23.828	121.743
		*TM_ROTAXIS 0.408442	-0.883761	0.228345
		*TM_ROTANGLE 2.69268
		*TM_SCALE 1	1	1
		*TM_SCALEAXIS 0	0	0
		*TM_SCALEAXISANG 0	0	0
	}
}
*HELPEROBJECT {
	*NODE_NAME "Bip01 R Forearm"
	*NODE_PARENT "Bip01 R UpperArm"
	*NODE_TM {
		*NODE_NAME "Bip01 R Forearm"
		*TM_ROW0 0.683609	-0.430916	0.589059
		*TM_ROW1 -0.467063	-0.878482	-0.100607
		*TM_ROW2 0.560831	-0.206352	-0.801803
		*TM_ROW3 54.963	1.9142	115.988
		*TM_POS 54.963	1.9142	115.988
		*TM_ROTAXIS -0.917427	0.244904	-0.313607
		*TM_ROTANGLE 3.08393
		*TM_SCALE 1	1	1
		*TM_SCALEAXIS 0	0	0
		*TM_SCALEAXISANG 0	0	0
	}
}
*HELPEROBJECT {
	*NODE_NAME "Bip01 R Hand"
	*NODE_PARENT "Bip01 R Forearm"
	*NODE_TM {
		*NODE_NAME "Bip01 R Hand"
		*TM_ROW0 0.393533	-0.90321	0.171298
		*TM_ROW1 0.775966	0.226437	-0.58873
		*TM_ROW2 0.492959	0.364606	0.789971
		*TM_ROW3 73.9785	-10.0723	132.373
		*TM_POS 73.9785	-10.0723	132.373
		*TM_ROTAXIS 0.487008	-0.164319	0.857801
		*TM_ROTANGLE 1.36436
		*TM_SCALE 1	1	1
		*TM_SCALEAXIS 0	0	0
		*TM_SCALEAXISANG 0	0	0
	}
}
*HELPEROBJECT {
	*NODE_NAME "Bip01 R Finger0"
	*NODE_PARENT "Bip01 R Hand"
	*NODE_TM {
		*NODE_NAME "Bip01 R Finger0"
		*TM_ROW0 0.393527	-0.903212	0.1713
		*TM_ROW1 0.776344	0.226709	-0.588127
		*TM_ROW2 0.492368	0.364431	0.79042
		*TM_ROW3 79.0432	-21.6965	134.578
		*TM_POS 79.0432	-21.6965	134.578
		*TM_ROTAXIS 0.486648	-0.164029	0.858061
		*TM_ROTANGLE 1.364
		*TM_SCALE 1	1	1
		*TM_SCALEAXIS 0	0	0
		*TM_SCALEAXISANG 0	0	0
	}
}
*HELPEROBJECT {
	*NODE_NAME "zs_RightHand"
	*NODE_PARENT "Bip01 R Hand"
	*NODE_TM {
		*NODE_NAME "zs_RightHand"
		*TM_ROW0 -0.371451	0.919948	-0.125378
		*TM_ROW1 -0.856133	-0.391632	-0.337137
		*TM_ROW2 -0.359251	-0.0178896	0.93307
		*TM_ROW3 262.387	-464.953	211.898
		*TM_POS 262.387	-464.953	211.898
		*TM_ROTAXIS 0.175446	0.128527	-0.976063
		*TM_ROTANGLE 1.99875
		*TM_SCALE 1	1	1
		*TM_SCALEAXIS 0	0	0
		*TM_SCALEAXISANG 0	0	0
	}
}
*HELPEROBJECT {
	*NODE_NAME "zs_Crossbow"
	*NODE_PARENT "Bip01 Spine2"
	*NODE_TM {
		*NODE_NAME "zs_Crossbow"
		*TM_ROW0 -0.429523	0.368421	0.824485
		*TM_ROW1 0.0551571	0.921993	-0.383258
		*TM_ROW2 -0.90137	-0.119142	-0.416338
		*TM_ROW3 154.766	398.344	1424.42
		*TM_POS 154.766	398.344	1424.42
		*TM_ROTAXIS 0.148896	0.972955	-0.176603
		*TM_ROTANGLE 2.05097
		*TM_SCALE 1	1	1
		*TM_SCALEAXIS 0	0	0
		*TM_SCALEAXISANG 0	0	0
	}
}
*HELPEROBJECT {
	*NODE_NAME "zs_Longsword"
	*NODE_PARENT "Bip01 Spine2"
	*NODE_TM {
		*NODE_NAME "zs_Longsword"
		*TM_ROW0 -0.406842	0.486999	0.77286
		*TM_ROW1 0.131206	0.868423	-0.478148
		*TM_ROW2 -0.904027	-0.0931271	-0.417208
		*TM_ROW3 126.322	470.054	1150.81
		*TM_POS 126.322	470.054	1150.81
		*TM_ROTAXIS 0.219145	0.954445	-0.202509
		*TM_ROTANGLE 2.06896
		*TM_SCALE 1	1	1
		*TM_SCALEAXIS 0	0	0
		*TM_SCALEAXISANG 0	0	0
	}
}
*HELPEROBJECT {
	*NODE_NAME "zs_Shield"
	*NODE_PARENT "Bip01 Spine2"
	*NODE_TM {
		*NODE_NAME "zs_Shield"
		*TM_ROW0 0.410467	0.0254521	-0.91152
		*TM_ROW1 0.269615	0.95153	0.14798
		*TM_ROW2 0.871105	-0.306501	0.383709
		*TM_ROW3 477.03	-135.338	458.97
		*TM_POS 477.03	-135.338	458.97
		*TM_ROTAXIS -0.2449	-0.96058	0.131569
		*TM_ROTANGLE 1.18871
		*TM_SCALE 1	1	1
		*TM_SCALEAXIS 0	0	0
		*TM_SCALEAXISANG 0	0	0
	}
}
*HELPEROBJECT {
	*NODE_NAME "zs_Bow"
	*NODE_PARENT "Bip01 Spine2"
	*NODE_TM {
		*NODE_NAME "zs_Bow"
		*TM_ROW0 -0.178247	0.275147	0.944734
		*TM_ROW1 0.95222	0.290217	0.0951357
		*TM_ROW2 -0.248002	0.916552	-0.313731
		*TM_ROW3 595.363	145.659	146.678
		*TM_POS 595.363	145.659	146.678
		*TM_ROTAXIS -0.51381	-0.746076	-0.423521
		*TM_ROTANGLE 4.06779
		*TM_SCALE 1	1	1
		*TM_SCALEAXIS 0	0	0
		*TM_SCALEAXISANG 0	0	0
	}
}
*HELPEROBJECT {
	*NODE_NAME "zs_Sword"
	*NODE_PARENT "Bip01 Spine"
	*NODE_TM {
		*NODE_NAME "zs_Sword"
		*TM_ROW0 -0.299451	-0.240778	0.923231
		*TM_ROW1 0.781626	0.493013	0.382099
		*TM_ROW2 -0.547166	0.836041	0.040565
		*TM_ROW3 315.806	-215.586	109.27
		*TM_POS 315.806	-215.586	109.27
		*TM_ROTAXIS 0.245699	0.795863	0.553384
		*TM_ROTANGLE 1.96377
		*TM_SCALE 1	1	1
		*TM_SCALEAXIS 0	0	0
		*TM_SCALEAXISANG 0	0	0
	}
}
*HELPEROBJECT {
	*NODE_NAME "Bip01 L Thigh"
	*NODE_PARENT "Bip01 Pelvis"
	*NODE_TM {
		*NODE_NAME "Bip01 L Thigh"
		*TM_ROW0 -0.0602204	-0.711787	-0.699809
		*TM_ROW1 -0.228653	-0.672603	0.703792
		*TM_ROW2 -0.971644	0.202396	-0.122248
		*TM_ROW3 88.2867	1.24701	76.2592
		*TM_POS 88.2867	1.24701	76.2592
		*TM_ROTAXIS -0.670791	0.363673	0.64636
		*TM_ROTANGLE 2.75856
		*TM_SCALE 1	1	1
		*TM_SCALEAXIS 0	0	0
		*TM_SCALEAXISANG 0	0	0
	}
	*TM_ANIMATION {
		*NODE_NAME "Bip01 L Thigh"
		*CONTROL_POS_TRACK {
			*CONTROL_POS_SAMPLE 192	7.23582	17.2272	74.211
			*CONTROL_POS_SAMPLE 384	10.4785	15.775	74.7372
			*CONTROL_POS_SAMPLE 576	13.7212	14.3228	75.2634
			*CONTROL_POS_SAMPLE 768	16.9638	12.8706	75.7896
			*CONTROL_POS_SAMPLE 960	20.2064	11.4184	76.3159
			*CONTROL_POS_SAMPLE 1152	23.449	9.96629	76.0364
			*CONTROL_POS_SAMPLE 1344	26.6916	8.51415	75.7163
			*CONTROL_POS_SAMPLE 1536	29.9341	7.062	75.386
			*CONTROL_POS_SAMPLE 1728	33.1765	5.60984	75.0761
			*CONTROL_POS_SAMPLE 1920	36.4189	4.15766	74.8169
			*CONTROL_POS_SAMPLE 2112	39.6613	2.70545	74.639
			*CONTROL_POS_SAMPLE 2304	42.9035	1.25321	74.5727
			*CONTROL_POS_SAMPLE 2496	46.1457	1.25301	74.6385
			*CONTROL_POS_SAMPLE 2688	49.3878	1.25275	74.8161
			*CONTROL_POS_SAMPLE 2880	52.6297	1.25243	75.0748
			*CONTROL_POS_SAMPLE 3072	55.8716	1.25207	75.3844
			*CONTROL_POS_SAMPLE 3264	59.1133	1.25167	75.7142
			*CONTROL_POS_SAMPLE 3456	62.355	1.25123	76.0339
			*CONTROL_POS_SAMPLE 3648	65.5966	1.25076	76.313
			*CONTROL_POS_SAMPLE 3840	68.8381	1.25026	76.3053
			*CONTROL_POS_SAMPLE 4032	72.0795	1.24973	76.2976
			*CONTROL_POS_SAMPLE 4224	75.321	1.24919	76.2899
			*CONTROL_POS_SAMPLE 4416	78.5624	1.24864	76.2822
			*CONTROL_POS_SAMPLE 4608	81.8038	1.24809	76.2746
			*CONTROL_POS_SAMPLE 4800	85.0452	1.24754	76.2669
			*CONTROL_POS_SAMPLE 4992	88.2867	1.24701	76.2592
		}
		*CONTROL_ROT_TRACK {
			*CONTROL_ROT_SAMPLE 192	-0.669485	0.432166	0.604171	2.58979
			*CONTROL_ROT_SAMPLE 384	-0.684292	0.384752	0.619443	2.50138
			*CONTROL_ROT_SAMPLE 576	-0.681469	0.359032	0.637727	2.47014
			*CONTROL_ROT_SAMPLE 768	-0.668765	0.345808	0.658156	2.46944
			*CONTROL_ROT_SAMPLE 960	0.653276	-0.335079	-0.678935	3.80432
			*CONTROL_ROT_SAMPLE 1152	0.640029	-0.323085	-0.697122	3.8137
			*CONTROL_ROT_SAMPLE 1344	0.62703	-0.30853	-0.715291	3.81686
			*CONTROL_ROT_SAMPLE 1536	0.611725	-0.296572	-0.733374	3.80847
			*CONTROL_ROT_SAMPLE 1728	0.599578	-0.28307	-0.748584	3.80041
			*CONTROL_ROT_SAMPLE 1920	0.573235	-0.260855	-0.77676	3.77641
			*CONTROL_ROT_SAMPLE 2112	0.55797	-0.253019	-0.790348	3.75723
			*CONTROL_ROT_SAMPLE 2304	0.563578	-0.272158	-0.779942	3.75869
			*CONTROL_ROT_SAMPLE 2496	0.572574	-0.302416	-0.762039	3.77485
			*CONTROL_ROT_SAMPLE 2688	0.585657	-0.33364	-0.738709	3.78354
			*CONTROL_ROT_SAMPLE 2880	0.602289	-0.36278	-0.711083	3.78134
			*CONTROL_ROT_SAMPLE 3072	0.621321	-0.387095	-0.681262	3.76703
			*CONTROL_ROT_SAMPLE 3264	0.640953	-0.404452	-0.652378	3.74187
			*CONTROL_ROT_SAMPLE 3456	-0.666027	0.405209	0.62627	2.59207
			*CONTROL_ROT_SAMPLE 3648	-0.690542	0.392788	0.607347	2.65777
			*CONTROL_ROT_SAMPLE 3840	-0.711811	0.377899	0.592045	2.72529
			*CONTROL_ROT_SAMPLE 4032	-0.730367	0.358834	0.581207	2.79489
			*CONTROL_ROT_SAMPLE 4224	-0.736772	0.346821	0.580415	2.83514
			*CONTROL_ROT_SAMPLE 4416	-0.728332	0.347368	0.590651	2.83377
			*CONTROL_ROT_SAMPLE 4608	-0.711403	0.35341	0.607459	2.81104
			*CONTROL_ROT_SAMPLE 4800	-0.690508	0.359914	0.627424	2.78157
			*CONTROL_ROT_SAMPLE 4992	-0.670791	0.363673	0.64636	2.75856
		}
	}
}
*HELPEROBJECT {
	*NODE_NAME "Bip01 L Calf"
	*NODE_PARENT "Bip01 L Thigh"
	*NODE_TM {
		*NODE_NAME "Bip01 L Calf"
		*TM_ROW0 0.220477	0.588713	-0.777693
		*TM_ROW1 -0.0854332	-0.782594	-0.616643
		*TM_ROW2 -0.971644	0.202396	-0.122248
		*TM_ROW3 85.9174	-26.7581	48.7254
		*TM_POS 85.9174	-26.7581	48.7254
		*TM_ROTAXIS -0.759505	-0.179852	0.625144
		*TM_ROTANGLE 3.71107
		*TM_SCALE 1	1	1
		*TM_SCALEAXIS 0	0	0
		*TM_SCALEAXISANG 0	0	0
	}
	*TM_ANIMATION {
		*NODE_NAME "Bip01 L Calf"
		*CONTROL_POS_TRACK {
			*CONTROL_POS_SAMPLE 192	6.38269	-16.3117	53.6579
			*CONTROL_POS_SAMPLE 384	12.1236	-17.4502	53.7277
			*CONTROL_POS_SAMPLE 576	15.4944	-18.4503	53.5656
			*CONTROL_POS_SAMPLE 768	17.5433	-19.4725	53.3931
			*CONTROL_POS_SAMPLE 960	19.2182	-20.419	53.22
			*CONTROL_POS_SAMPLE 1152	21.3902	-21.6138	52.6596
			*CONTROL_POS_SAMPLE 1344	23.5247	-22.631	51.8842
			*CONTROL_POS_SAMPLE 1536	25.3105	-23.5321	51.083
			*CONTROL_POS_SAMPLE 1728	27.3942	-24.3786	50.2713
			*CONTROL_POS_SAMPLE 1920	28.0778	-24.5866	49.2785
			*CONTROL_POS_SAMPLE 2112	29.7896	-25.3414	48.8719
			*CONTROL_POS_SAMPLE 2304	33.5039	-27.4607	49.3701
			*CONTROL_POS_SAMPLE 2496	37.7263	-28.7943	50.6742
			*CONTROL_POS_SAMPLE 2688	42.179	-29.9952	52.021
			*CONTROL_POS_SAMPLE 2880	46.7878	-30.9434	53.2272
			*CONTROL_POS_SAMPLE 3072	51.4767	-31.5749	54.1454
			*CONTROL_POS_SAMPLE 3264	56.1485	-31.8633	54.6756
			*CONTROL_POS_SAMPLE 3456	61.1393	-31.2915	53.9543
			*CONTROL_POS_SAMPLE 3648	66.1372	-29.9834	52.3933
			*CONTROL_POS_SAMPLE 3840	71.0211	-28.4323	50.5721
			*CONTROL_POS_SAMPLE 4032	75.8029	-26.5301	48.6854
			*CONTROL_POS_SAMPLE 4224	79.5295	-25.2791	47.54
			*CONTROL_POS_SAMPLE 4416	81.8281	-25.2329	47.3672
			*CONTROL_POS_SAMPLE 4608	83.3354	-25.7577	47.7026
			*CONTROL_POS_SAMPLE 4800	84.5395	-26.3784	48.2568
			*CONTROL_POS_SAMPLE 4992	85.9174	-26.7581	48.7254
		}
		*CONTROL_ROT_TRACK {
			*CONTROL_ROT_SAMPLE 192	-0.770635	-0.120086	0.62586	3.51032
			*CONTROL_ROT_SAMPLE 384	-0.737101	-0.160118	0.65654	3.45306
			*CONTROL_ROT_SAMPLE 576	-0.714754	-0.175174	0.677083	3.4485
			*CONTROL_ROT_SAMPLE 768	-0.698798	-0.175647	0.693419	3.47137
			*CONTROL_ROT_SAMPLE 960	0.684434	0.171306	-0.708664	2.78335
			*CONTROL_ROT_SAMPLE 1152	0.666633	0.175458	-0.724441	2.76031
			*CONTROL_ROT_SAMPLE 1344	0.648761	0.179508	-0.739517	2.73641
			*CONTROL_ROT_SAMPLE 1536	0.6331	0.178975	-0.753096	2.7062
			*CONTROL_ROT_SAMPLE 1728	0.618506	0.180491	-0.76477	2.68234
			*CONTROL_ROT_SAMPLE 1920	0.592856	0.168177	-0.787552	2.65821
			*CONTROL_ROT_SAMPLE 2112	0.581022	0.163363	-0.797324	2.62931
			*CONTROL_ROT_SAMPLE 2304	0.594644	0.177068	-0.784248	2.58174
			*CONTROL_ROT_SAMPLE 2496	0.614827	0.188345	-0.765842	2.55257
			*CONTROL_ROT_SAMPLE 2688	0.639274	0.202792	-0.741757	2.53046
			*CONTROL_ROT_SAMPLE 2880	0.666053	0.219023	-0.713023	2.51902
			*CONTROL_ROT_SAMPLE 3072	-0.692944	-0.234936	0.681641	3.76404
			*CONTROL_ROT_SAMPLE 3264	-0.717759	-0.247949	0.650648	3.75439
			*CONTROL_ROT_SAMPLE 3456	-0.741985	-0.251896	0.621294	3.726
			*CONTROL_ROT_SAMPLE 3648	-0.763296	-0.244397	0.598038	3.69203
			*CONTROL_ROT_SAMPLE 3840	-0.782642	-0.231418	0.577856	3.66349
			*CONTROL_ROT_SAMPLE 4032	-0.799208	-0.212351	0.562293	3.63837
			*CONTROL_ROT_SAMPLE 4224	-0.805686	-0.19688	0.558667	3.63004
			*CONTROL_ROT_SAMPLE 4416	-0.800502	-0.190966	0.568092	3.64152
			*CONTROL_ROT_SAMPLE 4608	-0.788687	-0.188732	0.585109	3.66324
			*CONTROL_ROT_SAMPLE 4800	-0.773698	-0.185744	0.605714	3.6887
			*CONTROL_ROT_SAMPLE 4992	-0.759505	-0.179852	0.625144	3.71107
		}
	}
}
*HELPEROBJECT {
	*NODE_NAME "Bip01 L Foot"
	*NODE_PARENT "Bip01 L Calf"
	*NODE_TM {
		*NODE_NAME "Bip01 L Foot"
		*TM_ROW0 0.000337568	-0.000159174	-1
		*TM_ROW1 -0.108085	-0.994142	0.000121754
		*TM_ROW2 -0.994142	0.108085	-0.000352795
		*TM_ROW3 96.7422	2.1463	10.5424
		*TM_POS 96.7422	2.1463	10.5424
		*TM_ROTAXIS -0.706709	0.0383477	0.706464
		*TM_ROTANGLE 3.21805
		*TM_SCALE 1	1	1
		*TM_SCALEAXIS 0	0	0
		*TM_SCALEAXISANG 0	0	0
	}
	*TM_ANIMATION {
		*NODE_NAME "Bip01 L Foot"
		*CONTROL_POS_TRACK {
			*CONTROL_POS_SAMPLE 192	16.9413	3.54542	10.014
			*CONTROL_POS_SAMPLE 384	17.4561	3.73869	9.7598
			*CONTROL_POS_SAMPLE 576	17.6843	3.60042	9.75294
			*CONTROL_POS_SAMPLE 768	17.7499	3.28041	9.88633
			*CONTROL_POS_SAMPLE 960	17.777	2.92854	10.0529
			*CONTROL_POS_SAMPLE 1152	17.8893	2.69461	10.1457
			*CONTROL_POS_SAMPLE 1344	18.0588	2.65408	10.1544
			*CONTROL_POS_SAMPLE 1536	18.3157	2.67027	10.1551
			*CONTROL_POS_SAMPLE 1728	19.0023	2.65992	10.158
			*CONTROL_POS_SAMPLE 1920	17.1417	2.61455	9.89474
			*CONTROL_POS_SAMPLE 2112	18.0165	2.56946	10.2331
			*CONTROL_POS_SAMPLE 2304	23.9734	2.53768	11.6893
			*CONTROL_POS_SAMPLE 2496	30.8939	2.5079	13.471
			*CONTROL_POS_SAMPLE 2688	38.4659	2.47947	15.3851
			*CONTROL_POS_SAMPLE 2880	46.3774	2.45176	17.2386
			*CONTROL_POS_SAMPLE 3072	54.3162	2.42413	18.8384
			*CONTROL_POS_SAMPLE 3264	61.9702	2.39595	19.9915
			*CONTROL_POS_SAMPLE 3456	69.7646	2.3678	19.2665
			*CONTROL_POS_SAMPLE 3648	77.277	2.34016	17.1559
			*CONTROL_POS_SAMPLE 3840	84.6034	2.31261	14.7832
			*CONTROL_POS_SAMPLE 4032	91.5699	2.28516	12.1935
			*CONTROL_POS_SAMPLE 4224	96.1878	2.25759	10.4615
			*CONTROL_POS_SAMPLE 4416	97.8126	2.22985	9.93896
			*CONTROL_POS_SAMPLE 4608	97.7861	2.20201	10.0195
			*CONTROL_POS_SAMPLE 4800	97.099	2.17415	10.3413
			*CONTROL_POS_SAMPLE 4992	96.7422	2.1463	10.5424
		}
		*CONTROL_ROT_TRACK {
			*CONTROL_ROT_SAMPLE 192	-0.75715	-0.10225	0.645189	3.25046
			*CONTROL_ROT_SAMPLE 384	-0.754685	-0.0768712	0.651568	3.27616
			*CONTROL_ROT_SAMPLE 576	-0.745605	-0.043234	0.664984	3.2802
			*CONTROL_ROT_SAMPLE 768	-0.732293	-0.00645429	0.680959	3.27158
			*CONTROL_ROT_SAMPLE 960	-0.717849	0.0283405	0.695621	3.25951
			*CONTROL_ROT_SAMPLE 1152	-0.706137	0.0560896	0.70585	3.25342
			*CONTROL_ROT_SAMPLE 1344	0.703901	-0.0615956	-0.707623	3.03001
			*CONTROL_ROT_SAMPLE 1536	-0.70615	0.0557505	0.705864	3.25275
			*CONTROL_ROT_SAMPLE 1728	-0.706154	0.0556651	0.705867	3.25258
			*CONTROL_ROT_SAMPLE 1920	-0.706219	0.0539324	0.705936	3.24912
			*CONTROL_ROT_SAMPLE 2112	-0.706281	0.0522143	0.706003	3.2457
			*CONTROL_ROT_SAMPLE 2304	-0.70632	0.0511211	0.706044	3.24352
			*CONTROL_ROT_SAMPLE 2496	-0.706355	0.0501218	0.706081	3.24153
			*CONTROL_ROT_SAMPLE 2688	-0.706386	0.0491865	0.706115	3.23967
			*CONTROL_ROT_SAMPLE 2880	-0.706416	0.0482852	0.706148	3.23787
			*CONTROL_ROT_SAMPLE 3072	-0.706446	0.047388	0.706179	3.23608
			*CONTROL_ROT_SAMPLE 3264	-0.706475	0.0464649	0.706211	3.23424
			*CONTROL_ROT_SAMPLE 3456	-0.706504	0.0455435	0.706242	3.2324
			*CONTROL_ROT_SAMPLE 3648	-0.706532	0.0446455	0.706272	3.23061
			*CONTROL_ROT_SAMPLE 3840	-0.706559	0.0437525	0.706301	3.22883
			*CONTROL_ROT_SAMPLE 4032	-0.706585	0.0428644	0.706329	3.22706
			*CONTROL_ROT_SAMPLE 4224	-0.70661	0.0419709	0.706357	3.22528
			*CONTROL_ROT_SAMPLE 4416	-0.706636	0.0410685	0.706385	3.22348
			*CONTROL_ROT_SAMPLE 4608	-0.706661	0.0401623	0.706412	3.22167
			*CONTROL_ROT_SAMPLE 4800	-0.706685	0.0392547	0.706438	3.21986
			*CONTROL_ROT_SAMPLE 4992	-0.706709	0.0383477	0.706464	3.21805
		}
	}
}
*HELPEROBJECT {
	*NODE_NAME "Bip01 L Toe0"
	*NODE_PARENT "Bip01 L Foot"
	*NODE_TM {
		*NODE_NAME "Bip01 L Toe0"
		*TM_ROW0 -0.108085	-0.994142	4.63444e-005
		*TM_ROW1 -0.000347825	8.44239e-005	1
		*TM_ROW2 -0.994142	0.108085	-0.000354912
		*TM_ROW3 94.299	-20.3669	-2.08156
		*TM_POS 94.299	-20.3669	-2.08156
		*TM_ROTAXIS 0.53575	-0.597183	-0.596946
		*TM_ROTANGLE 4.12501
		*TM_SCALE 1	1	1
		*TM_SCALEAXIS 0	0	0
		*TM_SCALEAXISANG 0	0	0
	}
	*TM_ANIMATION {
		*NODE_NAME "Bip01 L Toe0"
		*CONTROL_POS_TRACK {
			*CONTROL_POS_SAMPLE 192	20.7321	-15.6578	-6.98728
			*CONTROL_POS_SAMPLE 384	19.8976	-15.8718	-7.02245
			*CONTROL_POS_SAMPLE 576	18.5228	-16.7717	-6.26116
			*CONTROL_POS_SAMPLE 768	16.9294	-17.9372	-4.99043
			*CONTROL_POS_SAMPLE 960	15.4349	-19.0005	-3.57825
			*CONTROL_POS_SAMPLE 1152	14.3225	-19.6682	-2.47802
			*CONTROL_POS_SAMPLE 1344	14.2426	-19.7743	-2.27868
			*CONTROL_POS_SAMPLE 1536	14.7703	-19.696	-2.4686
			*CONTROL_POS_SAMPLE 1728	15.4623	-19.7072	-2.46569
			*CONTROL_POS_SAMPLE 1920	13.7111	-19.7696	-2.72902
			*CONTROL_POS_SAMPLE 2112	14.6944	-19.831	-2.39073
			*CONTROL_POS_SAMPLE 2304	20.7203	-19.8729	-0.93449
			*CONTROL_POS_SAMPLE 2496	27.7041	-19.9118	0.847215
			*CONTROL_POS_SAMPLE 2688	35.3353	-19.9485	2.76131
			*CONTROL_POS_SAMPLE 2880	43.3038	-19.9841	4.61481
			*CONTROL_POS_SAMPLE 3072	51.2994	-20.0195	6.21459
			*CONTROL_POS_SAMPLE 3264	59.0119	-20.0554	7.36764
			*CONTROL_POS_SAMPLE 3456	66.8647	-20.0912	6.64265
			*CONTROL_POS_SAMPLE 3648	74.434	-20.1261	4.53199
			*CONTROL_POS_SAMPLE 3840	81.817	-20.1607	2.15926
			*CONTROL_POS_SAMPLE 4032	88.8399	-20.1951	-0.430446
			*CONTROL_POS_SAMPLE 4224	93.5145	-20.2294	-2.16238
			*CONTROL_POS_SAMPLE 4416	95.1966	-20.2639	-2.68498
			*CONTROL_POS_SAMPLE 4608	95.2276	-20.2984	-2.60447
			*CONTROL_POS_SAMPLE 4800	94.5982	-20.3327	-2.28271
			*CONTROL_POS_SAMPLE 4992	94.299	-20.3669	-2.08156
		}
		*CONTROL_ROT_TRACK {
			*CONTROL_ROT_SAMPLE 192	-0.66762	0.508765	0.543545	2.28114
			*CONTROL_ROT_SAMPLE 384	-0.643896	0.524854	0.556711	2.29197
			*CONTROL_ROT_SAMPLE 576	-0.613195	0.545972	0.570882	2.27445
			*CONTROL_ROT_SAMPLE 768	0.578788	-0.56865	-0.584502	4.04069
			*CONTROL_ROT_SAMPLE 960	0.544827	-0.589576	-0.596292	4.07365
			*CONTROL_ROT_SAMPLE 1152	0.516526	-0.605617	-0.605333	4.09487
			*CONTROL_ROT_SAMPLE 1344	0.510777	-0.608695	-0.607122	4.09789
			*CONTROL_ROT_SAMPLE 1536	0.516893	-0.60546	-0.605177	4.09545
			*CONTROL_ROT_SAMPLE 1728	0.516986	-0.605421	-0.605138	4.09559
			*CONTROL_ROT_SAMPLE 1920	0.518861	-0.604616	-0.604337	4.09855
			*CONTROL_ROT_SAMPLE 2112	0.520721	-0.603813	-0.603539	4.10149
			*CONTROL_ROT_SAMPLE 2304	0.521905	-0.6033	-0.603029	4.10335
			*CONTROL_ROT_SAMPLE 2496	0.522987	-0.60283	-0.602562	4.10505
			*CONTROL_ROT_SAMPLE 2688	0.524	-0.602389	-0.602123	4.10664
			*CONTROL_ROT_SAMPLE 2880	0.524976	-0.601962	-0.601699	4.10818
			*CONTROL_ROT_SAMPLE 3072	0.525948	-0.601536	-0.601276	4.1097
			*CONTROL_ROT_SAMPLE 3264	0.526948	-0.601097	-0.600839	4.11127
			*CONTROL_ROT_SAMPLE 3456	0.527947	-0.600658	-0.600402	4.11283
			*CONTROL_ROT_SAMPLE 3648	0.52892	-0.600228	-0.599975	4.11436
			*CONTROL_ROT_SAMPLE 3840	0.529888	-0.5998	-0.599549	4.11587
			*CONTROL_ROT_SAMPLE 4032	0.530851	-0.599373	-0.599124	4.11738
			*CONTROL_ROT_SAMPLE 4224	0.53182	-0.598942	-0.598695	4.11889
			*CONTROL_ROT_SAMPLE 4416	0.532799	-0.598505	-0.598261	4.12042
			*CONTROL_ROT_SAMPLE 4608	0.533782	-0.598066	-0.597825	4.12195
			*CONTROL_ROT_SAMPLE 4800	0.534766	-0.597625	-0.597386	4.12348
			*CONTROL_ROT_SAMPLE 4992	0.53575	-0.597183	-0.596946	4.12501
		}
	}
}
*HELPEROBJECT {
	*NODE_NAME "Bip01 R Thigh"
	*NODE_PARENT "Bip01 Pelvis"
	*NODE_TM {
		*NODE_NAME "Bip01 R Thigh"
		*TM_ROW0 -0.668688	0.0489413	-0.74193
		*TM_ROW1 -0.59261	-0.637738	0.49204
		*TM_ROW2 -0.449076	0.768697	0.455451
		*TM_ROW3 78.4265	16.3128	76.9903
		*TM_POS 78.4265	16.3128	76.9903
		*TM_ROTAXIS 0.365196	-0.386578	-0.84687
		*TM_ROTANGLE 2.75312
		*TM_SCALE 1	1	1
		*TM_SCALEAXIS 0	0	0
		*TM_SCALEAXISANG 0	0	0
	}
	*TM_ANIMATION {
		*NODE_NAME "Bip01 R Thigh"
		*CONTROL_POS_TRACK {
			*CONTROL_POS_SAMPLE 192	-2.6395	32.2831	74.9421
			*CONTROL_POS_SAMPLE 384	0.602988	30.8308	75.4683
			*CONTROL_POS_SAMPLE 576	3.8454	29.3784	75.9945
			*CONTROL_POS_SAMPLE 768	7.08775	27.926	76.5207
			*CONTROL_POS_SAMPLE 960	10.3301	26.4736	77.0469
			*CONTROL_POS_SAMPLE 1152	13.5724	25.0213	76.7674
			*CONTROL_POS_SAMPLE 1344	16.8146	23.569	76.4473
			*CONTROL_POS_SAMPLE 1536	20.0569	22.1167	76.117
			*CONTROL_POS_SAMPLE 1728	23.2992	20.6644	75.8071
			*CONTROL_POS_SAMPLE 1920	26.5415	19.2122	75.5479
			*CONTROL_POS_SAMPLE 2112	29.7839	17.76	75.37
			*CONTROL_POS_SAMPLE 2304	33.0264	16.3079	75.3037
			*CONTROL_POS_SAMPLE 2496	36.2689	16.3079	75.3695
			*CONTROL_POS_SAMPLE 2688	39.5114	16.308	75.5471
			*CONTROL_POS_SAMPLE 2880	42.7541	16.3081	75.8058
			*CONTROL_POS_SAMPLE 3072	45.9969	16.3084	76.1154
			*CONTROL_POS_SAMPLE 3264	49.2398	16.3087	76.4452
			*CONTROL_POS_SAMPLE 3456	52.4827	16.3091	76.7649
			*CONTROL_POS_SAMPLE 3648	55.7257	16.3095	77.044
			*CONTROL_POS_SAMPLE 3840	58.9687	16.31	77.0363
			*CONTROL_POS_SAMPLE 4032	62.2117	16.3105	77.0287
			*CONTROL_POS_SAMPLE 4224	65.4547	16.311	77.021
			*CONTROL_POS_SAMPLE 4416	68.6977	16.3115	77.0133
			*CONTROL_POS_SAMPLE 4608	71.9406	16.312	77.0056
			*CONTROL_POS_SAMPLE 4800	75.1836	16.3124	76.9979
			*CONTROL_POS_SAMPLE 4992	78.4265	16.3128	76.9903
		}
		*CONTROL_ROT_TRACK {
			*CONTROL_ROT_SAMPLE 192	0.392039	-0.371986	-0.841387	2.82283
			*CONTROL_ROT_SAMPLE 384	0.386479	-0.380813	-0.840009	2.81492
			*CONTROL_ROT_SAMPLE 576	0.382856	-0.452571	-0.805357	2.94507
			*CONTROL_ROT_SAMPLE 768	0.392708	-0.458789	-0.797053	2.93378
			*CONTROL_ROT_SAMPLE 960	0.412597	-0.449661	-0.792193	2.88054
			*CONTROL_ROT_SAMPLE 1152	0.436417	-0.439418	-0.785145	2.8163
			*CONTROL_ROT_SAMPLE 1344	0.463553	-0.426843	-0.776482	2.74292
			*CONTROL_ROT_SAMPLE 1536	0.491306	-0.412207	-0.76727	2.66652
			*CONTROL_ROT_SAMPLE 1728	0.517266	-0.396134	-0.758626	2.59265
			*CONTROL_ROT_SAMPLE 1920	0.539092	-0.379726	-0.751789	2.52674
			*CONTROL_ROT_SAMPLE 2112	0.554224	-0.364637	-0.748249	2.47468
			*CONTROL_ROT_SAMPLE 2304	0.549141	-0.355685	-0.756262	2.46321
			*CONTROL_ROT_SAMPLE 2496	0.523193	-0.362776	-0.771144	2.50491
			*CONTROL_ROT_SAMPLE 2688	0.498518	-0.369138	-0.784358	2.54519
			*CONTROL_ROT_SAMPLE 2880	0.481306	-0.374965	-0.792304	2.57438
			*CONTROL_ROT_SAMPLE 3072	0.464674	-0.381069	-0.79929	2.60368
			*CONTROL_ROT_SAMPLE 3264	0.447668	-0.385464	-0.806853	2.62988
			*CONTROL_ROT_SAMPLE 3456	0.429844	-0.386545	-0.815976	2.65002
			*CONTROL_ROT_SAMPLE 3648	0.41186	-0.385954	-0.825476	2.66648
			*CONTROL_ROT_SAMPLE 3840	0.393067	-0.38677	-0.83421	2.68774
			*CONTROL_ROT_SAMPLE 4032	0.37331	-0.392502	-0.840584	2.71809
			*CONTROL_ROT_SAMPLE 4224	0.357792	-0.39709	-0.845165	2.7447
			*CONTROL_ROT_SAMPLE 4416	0.350694	-0.393475	-0.849818	2.75785
			*CONTROL_ROT_SAMPLE 4608	0.350081	-0.388054	-0.85256	2.76152
			*CONTROL_ROT_SAMPLE 4800	0.356026	-0.386832	-0.850651	2.75923
			*CONTROL_ROT_SAMPLE 4992	0.365196	-0.386578	-0.84687	2.75312
		}
	}
}
*HELPEROBJECT {
	*NODE_NAME "Bip01 R Calf"
	*NODE_PARENT "Bip01 R Thigh"
	*NODE_TM {
		*NODE_NAME "Bip01 R Calf"
		*TM_ROW0 0.426003	0.63228	-0.647104
		*TM_ROW1 -0.785399	-0.0965756	-0.611409
		*TM_ROW2 -0.449076	0.768697	0.455451
		*TM_ROW3 52.117	18.2384	47.7991
		*TM_POS 52.117	18.2384	47.7991
		*TM_ROTAXIS 0.69408	-0.0995917	-0.712976
		*TM_ROTANGLE 1.67857
		*TM_SCALE 1	1	1
		*TM_SCALEAXIS 0	0	0
		*TM_SCALEAXISANG 0	0	0
	}
	*TM_ANIMATION {
		*NODE_NAME "Bip01 R Calf"
		*CONTROL_POS_TRACK {
			*CONTROL_POS_SAMPLE 192	-28.2128	31.4711	45.0529
			*CONTROL_POS_SAMPLE 384	-25.2184	30.1612	45.7896
			*CONTROL_POS_SAMPLE 576	-23.3189	22.0624	48.4883
			*CONTROL_POS_SAMPLE 768	-19.4057	20.3711	48.4309
			*CONTROL_POS_SAMPLE 960	-14.5129	20.1662	47.1963
			*CONTROL_POS_SAMPLE 1152	-9.11485	20.1993	44.9861
			*CONTROL_POS_SAMPLE 1344	-3.19879	20.4691	42.715
			*CONTROL_POS_SAMPLE 1536	3.01167	20.871	40.678
			*CONTROL_POS_SAMPLE 1728	9.24283	21.299	39.0643
			*CONTROL_POS_SAMPLE 1920	15.1772	21.6413	37.9584
			*CONTROL_POS_SAMPLE 2112	20.4506	21.7717	37.3593
			*CONTROL_POS_SAMPLE 2304	23.4953	21.312	37.4602
			*CONTROL_POS_SAMPLE 2496	24.0625	20.8741	38.2458
			*CONTROL_POS_SAMPLE 2688	24.8269	20.4106	39.2766
			*CONTROL_POS_SAMPLE 2880	26.3721	19.9674	40.2213
			*CONTROL_POS_SAMPLE 3072	27.9995	19.4705	41.2713
			*CONTROL_POS_SAMPLE 3264	29.6946	19.1444	42.4164
			*CONTROL_POS_SAMPLE 3456	31.475	19.1622	43.6205
			*CONTROL_POS_SAMPLE 3648	33.3475	19.3507	44.8263
			*CONTROL_POS_SAMPLE 3840	35.1493	19.3428	45.8682
			*CONTROL_POS_SAMPLE 4032	36.8245	18.8811	47.0804
			*CONTROL_POS_SAMPLE 4224	38.8501	18.4196	48.1113
			*CONTROL_POS_SAMPLE 4416	41.5402	18.3662	48.6185
			*CONTROL_POS_SAMPLE 4608	44.7033	18.4477	48.6934
			*CONTROL_POS_SAMPLE 4800	48.2941	18.354	48.3483
			*CONTROL_POS_SAMPLE 4992	52.117	18.2384	47.7991
		}
		*CONTROL_ROT_TRACK {
			*CONTROL_ROT_SAMPLE 192	0.681609	-0.0757586	-0.727784	1.78307
			*CONTROL_ROT_SAMPLE 384	0.69869	-0.0694455	-0.712046	1.73422
			*CONTROL_ROT_SAMPLE 576	0.760916	-0.0651027	-0.645576	1.76543
			*CONTROL_ROT_SAMPLE 768	0.790045	-0.033811	-0.612115	1.72533
			*CONTROL_ROT_SAMPLE 960	0.808807	-0.00581165	-0.588046	1.69037
			*CONTROL_ROT_SAMPLE 1152	0.820502	0.00658354	-0.571606	1.6805
			*CONTROL_ROT_SAMPLE 1344	0.829924	0.0134174	-0.557715	1.6785
			*CONTROL_ROT_SAMPLE 1536	0.836007	0.0140155	-0.54854	1.68252
			*CONTROL_ROT_SAMPLE 1728	0.838302	0.00908453	-0.54513	1.69027
			*CONTROL_ROT_SAMPLE 1920	0.836863	0.000552701	-0.547412	1.69916
			*CONTROL_ROT_SAMPLE 2112	0.83214	-0.008749	-0.554496	1.70609
			*CONTROL_ROT_SAMPLE 2304	0.819934	-0.015864	-0.572238	1.70324
			*CONTROL_ROT_SAMPLE 2496	0.805297	-0.0253587	-0.592329	1.69762
			*CONTROL_ROT_SAMPLE 2688	0.78948	-0.0375	-0.612629	1.69672
			*CONTROL_ROT_SAMPLE 2880	0.777401	-0.0501	-0.627007	1.70193
			*CONTROL_ROT_SAMPLE 3072	0.765345	-0.0634106	-0.640489	1.70943
			*CONTROL_ROT_SAMPLE 3264	0.750591	-0.07835	-0.656106	1.71838
			*CONTROL_ROT_SAMPLE 3456	0.731074	-0.0951182	-0.675635	1.72835
			*CONTROL_ROT_SAMPLE 3648	0.708603	-0.112862	-0.696522	1.74066
			*CONTROL_ROT_SAMPLE 3840	0.686899	-0.12958	-0.715108	1.75351
			*CONTROL_ROT_SAMPLE 4032	0.664381	-0.151883	-0.731799	1.77996
			*CONTROL_ROT_SAMPLE 4224	0.649063	-0.166006	-0.742401	1.79626
			*CONTROL_ROT_SAMPLE 4416	0.652383	-0.153149	-0.742255	1.7643
			*CONTROL_ROT_SAMPLE 4608	0.664013	-0.131659	-0.736038	1.72094
			*CONTROL_ROT_SAMPLE 4800	0.678126	-0.115598	-0.725798	1.6971
			*CONTROL_ROT_SAMPLE 4992	0.69408	-0.0995917	-0.712976	1.67857
		}
	}
}
*HELPEROBJECT {
	*NODE_NAME "Bip01 R Foot"
	*NODE_PARENT "Bip01 R Calf"
	*NODE_TM {
		*NODE_NAME "Bip01 R Foot"
		*TM_ROW0 -0.0483508	0.175838	-0.983231
		*TM_ROW1 -0.95559	-0.294644	-0.00570167
		*TM_ROW2 -0.290705	0.93929	0.182276
		*TM_ROW3 73.0328	49.2818	16.0278
