*3DSMAX_ASCIIEXPORT	110
*COMMENT "This file is part of Gothic Free Aim Copyright (C) 2016-2017  mud-freak (@szapp)"
*COMMENT "<http://github.com/szapp/GothicFreeAim>"
*COMMENT "Animations: first iteration"
*SCENE {
	*SCENE_FILENAME "cbowIK_left.max"
	*SCENE_FIRSTFRAME 1
	*SCENE_LASTFRAME 26
	*SCENE_FRAMESPEED 25
	*SCENE_TICKSPERFRAME 192
	*SCENE_BACKGROUND_STATIC 0	0	0
	*SCENE_AMBIENT_STATIC 0.2	0.2	0.2
}
*HELPEROBJECT {
	*NODE_NAME "Bip01"
	*NODE_TM {
		*NODE_NAME "Bip01"
		*TM_ROW0 -0.223483	-0.973914	-0.0393292
		*TM_ROW1 0.974662	-0.222899	-0.0187185
		*TM_ROW2 0.00946376	-0.0425159	0.999051
		*TM_ROW3 75.1116	6.59634	95.2607
		*TM_POS 75.1116	6.59634	95.2607
		*TM_ROTAXIS -0.012208	-0.0250306	0.999612
		*TM_ROTANGLE 1.79637
		*TM_SCALE 1	1	1
		*TM_SCALEAXIS 0	0	0
		*TM_SCALEAXISANG 0	0	0
	}
	*TM_ANIMATION {
		*NODE_NAME "Bip01"
		*CONTROL_POS_TRACK {
			*CONTROL_POS_SAMPLE 192	-5.98919	6.59634	95.9329
			*CONTROL_POS_SAMPLE 384	-3.11935	6.59634	95.3133
			*CONTROL_POS_SAMPLE 576	-0.249502	6.59634	95.1845
			*CONTROL_POS_SAMPLE 768	2.62034	6.59634	95.1896
			*CONTROL_POS_SAMPLE 960	5.49019	6.59634	94.9718
			*CONTROL_POS_SAMPLE 1152	8.36003	6.59634	94.3056
			*CONTROL_POS_SAMPLE 1344	11.2299	6.59634	93.4247
			*CONTROL_POS_SAMPLE 1536	14.0997	6.59634	92.6609
			*CONTROL_POS_SAMPLE 1728	16.9696	6.59634	92.346
			*CONTROL_POS_SAMPLE 1920	20.3897	6.59634	92.4177
			*CONTROL_POS_SAMPLE 2112	23.8098	6.59634	92.5814
			*CONTROL_POS_SAMPLE 2304	27.2299	6.59634	92.8211
			*CONTROL_POS_SAMPLE 2496	30.6501	6.59634	93.1203
			*CONTROL_POS_SAMPLE 2688	34.0702	6.59634	93.4629
			*CONTROL_POS_SAMPLE 2880	37.4903	6.59634	93.8326
			*CONTROL_POS_SAMPLE 3072	40.9104	6.59634	94.2132
			*CONTROL_POS_SAMPLE 3264	44.3305	6.59634	94.5884
			*CONTROL_POS_SAMPLE 3456	47.7507	6.59634	94.942
			*CONTROL_POS_SAMPLE 3648	51.1708	6.59634	95.2578
			*CONTROL_POS_SAMPLE 3840	54.5909	6.59634	95.2584
			*CONTROL_POS_SAMPLE 4032	58.011	6.59634	95.259
			*CONTROL_POS_SAMPLE 4224	61.4312	6.59634	95.2596
			*CONTROL_POS_SAMPLE 4416	64.8513	6.59634	95.2601
			*CONTROL_POS_SAMPLE 4608	68.2714	6.59634	95.2604
			*CONTROL_POS_SAMPLE 4800	71.6915	6.59634	95.2606
			*CONTROL_POS_SAMPLE 4992	75.1116	6.59634	95.2607
		}
		*CONTROL_ROT_TRACK {
			*CONTROL_ROT_SAMPLE 192	-0.012208	-0.0250306	0.999612	1.79637
			*CONTROL_ROT_SAMPLE 384	-0.0125986	-0.0258316	0.999587	1.80438
			*CONTROL_ROT_SAMPLE 576	-0.0129236	-0.0264979	0.999565	1.81108
			*CONTROL_ROT_SAMPLE 768	-0.013188	-0.02704	0.999547	1.81656
			*CONTROL_ROT_SAMPLE 960	-0.0133966	-0.0274676	0.999533	1.8209
			*CONTROL_ROT_SAMPLE 1152	-0.0135539	-0.0277901	0.999522	1.82418
			*CONTROL_ROT_SAMPLE 1344	-0.0136642	-0.0280164	0.999514	1.82649
			*CONTROL_ROT_SAMPLE 1536	-0.013732	-0.0281553	0.999509	1.82791
			*CONTROL_ROT_SAMPLE 1728	-0.0137612	-0.0282152	0.999507	1.82852
			*CONTROL_ROT_SAMPLE 1920	-0.0137559	-0.0282043	0.999508	1.82841
			*CONTROL_ROT_SAMPLE 2112	-0.01372	-0.0281308	0.99951	1.82766
			*CONTROL_ROT_SAMPLE 2304	-0.0136576	-0.0280028	0.999515	1.82635
			*CONTROL_ROT_SAMPLE 2496	-0.0135725	-0.0278283	0.999521	1.82457
			*CONTROL_ROT_SAMPLE 2688	-0.0134686	-0.0276153	0.999528	1.8224
			*CONTROL_ROT_SAMPLE 2880	-0.0133498	-0.0273718	0.999536	1.81993
			*CONTROL_ROT_SAMPLE 3072	-0.0132202	-0.0271059	0.999545	1.81723
			*CONTROL_ROT_SAMPLE 3264	-0.0130835	-0.0268256	0.999555	1.81439
			*CONTROL_ROT_SAMPLE 3456	-0.0129438	-0.0265393	0.999564	1.8115
			*CONTROL_ROT_SAMPLE 3648	-0.0128052	-0.026255	0.999573	1.80863
			*CONTROL_ROT_SAMPLE 3840	-0.0126716	-0.0259812	0.999582	1.80588
			*CONTROL_ROT_SAMPLE 4032	-0.0125472	-0.0257262	0.99959	1.80332
			*CONTROL_ROT_SAMPLE 4224	-0.0124362	-0.0254984	0.999597	1.80104
			*CONTROL_ROT_SAMPLE 4416	-0.0123426	-0.0253065	0.999604	1.79912
			*CONTROL_ROT_SAMPLE 4608	-0.0122706	-0.0251589	0.999608	1.79765
			*CONTROL_ROT_SAMPLE 4800	-0.0122243	-0.0250641	0.999611	1.7967
			*CONTROL_ROT_SAMPLE 4992	-0.012208	-0.0250306	0.999612	1.79637
		}
	}
}
*HELPEROBJECT {
	*NODE_NAME "Bip01 Footsteps"
	*NODE_PARENT "Bip01"
	*NODE_TM {
		*NODE_NAME "Bip01 Footsteps"
		*TM_ROW0 1	0	0
		*TM_ROW1 0	1	0
		*TM_ROW2 0	0	1
		*TM_ROW3 75.1116	6.59634	-2.45227
		*TM_POS 75.1116	6.59634	-2.45227
		*TM_ROTAXIS 0	0	0
		*TM_ROTANGLE 0
		*TM_SCALE 1	1	1
		*TM_SCALEAXIS 0	0	0
		*TM_SCALEAXISANG 0	0	0
	}
}
*HELPEROBJECT {
	*NODE_NAME "Bip01 Pelvis"
	*NODE_PARENT "Bip01"
	*NODE_TM {
		*NODE_NAME "Bip01 Pelvis"
		*TM_ROW0 -0.0773238	-0.0225082	0.996752
		*TM_ROW1 -0.223482	-0.973914	-0.0393292
		*TM_ROW2 0.971636	-0.225797	0.0702766
		*TM_ROW3 76.3072	8.33362	95.3233
		*TM_POS 76.3072	8.33362	95.3233
		*TM_ROTAXIS -0.67732	0.0912295	-0.73001
		*TM_ROTANGLE 3.0035
		*TM_SCALE 1	1	1
		*TM_SCALEAXIS 0	0	0
		*TM_SCALEAXISANG 0	0	0
	}
	*TM_ANIMATION {
		*NODE_NAME "Bip01 Pelvis"
		*CONTROL_POS_TRACK {
			*CONTROL_POS_SAMPLE 192	-4.79364	8.33362	95.9955
			*CONTROL_POS_SAMPLE 384	-1.90994	8.32393	95.3778
			*CONTROL_POS_SAMPLE 576	0.971447	8.31574	95.2506
			*CONTROL_POS_SAMPLE 768	3.85068	8.30898	95.257
			*CONTROL_POS_SAMPLE 960	6.72794	8.30359	95.0402
			*CONTROL_POS_SAMPLE 1152	9.60337	8.29949	94.3748
			*CONTROL_POS_SAMPLE 1344	12.4771	8.2966	93.4944
			*CONTROL_POS_SAMPLE 1536	15.3494	8.29482	92.731
			*CONTROL_POS_SAMPLE 1728	18.2203	8.29405	92.4163
			*CONTROL_POS_SAMPLE 1920	21.6402	8.29419	92.4879
			*CONTROL_POS_SAMPLE 2112	25.0591	8.29513	92.6515
			*CONTROL_POS_SAMPLE 2304	28.477	8.29677	92.8908
			*CONTROL_POS_SAMPLE 2496	31.8941	8.29901	93.1896
			*CONTROL_POS_SAMPLE 2688	35.3105	8.30172	93.5317
			*CONTROL_POS_SAMPLE 2880	38.7264	8.3048	93.9008
			*CONTROL_POS_SAMPLE 3072	42.1419	8.30815	94.2808
			*CONTROL_POS_SAMPLE 3264	45.5572	8.31166	94.6554
			*CONTROL_POS_SAMPLE 3456	48.9723	8.31522	95.0083
			*CONTROL_POS_SAMPLE 3648	52.3875	8.31874	95.3233
			*CONTROL_POS_SAMPLE 3840	55.8029	8.3221	95.3233
			*CONTROL_POS_SAMPLE 4032	59.2186	8.32522	95.3233
			*CONTROL_POS_SAMPLE 4224	62.6348	8.32798	95.3233
			*CONTROL_POS_SAMPLE 4416	66.0516	8.33031	95.3233
			*CONTROL_POS_SAMPLE 4608	69.4692	8.33208	95.3233
			*CONTROL_POS_SAMPLE 4800	72.8876	8.33322	95.3233
			*CONTROL_POS_SAMPLE 4992	76.3072	8.33362	95.3233
		}
		*CONTROL_ROT_TRACK {
			*CONTROL_ROT_SAMPLE 192	-0.67732	0.0912295	-0.73001	3.0035
			*CONTROL_ROT_SAMPLE 384	-0.676155	0.0943524	-0.730693	2.99832
			*CONTROL_ROT_SAMPLE 576	-0.675175	0.0969597	-0.731258	2.99398
			*CONTROL_ROT_SAMPLE 768	-0.674371	0.099087	-0.731714	2.99041
			*CONTROL_ROT_SAMPLE 960	-0.673731	0.100769	-0.732073	2.98759
			*CONTROL_ROT_SAMPLE 1152	-0.673247	0.10204	-0.732343	2.98544
			*CONTROL_ROT_SAMPLE 1344	-0.672905	0.102933	-0.732532	2.98393
			*CONTROL_ROT_SAMPLE 1536	-0.672695	0.103481	-0.732648	2.98301
			*CONTROL_ROT_SAMPLE 1728	-0.672604	0.103718	-0.732698	2.9826
			*CONTROL_ROT_SAMPLE 1920	-0.672621	0.103675	-0.732689	2.98268
			*CONTROL_ROT_SAMPLE 2112	-0.672732	0.103385	-0.732628	2.98317
			*CONTROL_ROT_SAMPLE 2304	-0.672926	0.102879	-0.732521	2.98402
			*CONTROL_ROT_SAMPLE 2496	-0.673189	0.102191	-0.732375	2.98519
			*CONTROL_ROT_SAMPLE 2688	-0.67351	0.101351	-0.732197	2.9866
			*CONTROL_ROT_SAMPLE 2880	-0.673875	0.100392	-0.731993	2.98822
			*CONTROL_ROT_SAMPLE 3072	-0.674272	0.0993459	-0.73177	2.98998
			*CONTROL_ROT_SAMPLE 3264	-0.674689	0.0982451	-0.731534	2.99183
			*CONTROL_ROT_SAMPLE 3456	-0.675114	0.0971218	-0.731292	2.99371
			*CONTROL_ROT_SAMPLE 3648	-0.675533	0.0960083	-0.731052	2.99557
			*CONTROL_ROT_SAMPLE 3840	-0.675936	0.094937	-0.73082	2.99735
			*CONTROL_ROT_SAMPLE 4032	-0.676309	0.0939408	-0.730603	2.99901
			*CONTROL_ROT_SAMPLE 4224	-0.676641	0.0930521	-0.73041	3.00048
			*CONTROL_ROT_SAMPLE 4416	-0.67692	0.0923039	-0.730246	3.00172
			*CONTROL_ROT_SAMPLE 4608	-0.677134	0.0917289	-0.73012	3.00268
			*CONTROL_ROT_SAMPLE 4800	-0.677271	0.0913598	-0.730039	3.00329
			*CONTROL_ROT_SAMPLE 4992	-0.67732	0.0912295	-0.73001	3.0035
		}
	}
}
*HELPEROBJECT {
	*NODE_NAME "Bip01 Spine"
	*NODE_PARENT "Bip01 Pelvis"
	*NODE_TM {
		*NODE_NAME "Bip01 Spine"
		*TM_ROW0 0.0614996	0.0199716	0.997907
		*TM_ROW1 -0.587698	-0.807383	0.0523775
		*TM_ROW2 0.80674	-0.589689	-0.0379165
		*TM_ROW3 76.3527	8.31708	97.7242
		*TM_POS 76.3527	8.31708	97.7242
		*TM_ROTAXIS -0.709886	0.21136	-0.671855
		*TM_ROTANGLE 2.67233
		*TM_SCALE 1	1	1
		*TM_SCALEAXIS 0	0	0
		*TM_SCALEAXISANG 0	0	0
	}
}
*HELPEROBJECT {
	*NODE_NAME "Bip01 Spine1"
	*NODE_PARENT "Bip01 Spine"
	*NODE_TM {
		*NODE_NAME "Bip01 Spine1"
		*TM_ROW0 0.0399068	-0.0650475	0.997084
		*TM_ROW1 -0.769578	-0.638461	-0.0108506
		*TM_ROW2 0.637305	-0.7669	-0.0755381
		*TM_ROW3 76.9649	8.51985	107.531
		*TM_POS 76.9649	8.51985	107.531
		*TM_ROTAXIS -0.690921	0.328786	-0.643839
		*TM_ROTANGLE 2.56266
		*TM_SCALE 1	1	1
		*TM_SCALEAXIS 0	0	0
		*TM_SCALEAXISANG 0	0	0
	}
}
*HELPEROBJECT {
	*NODE_NAME "Bip01 Spine2"
	*NODE_PARENT "Bip01 Spine1"
	*NODE_TM {
		*NODE_NAME "Bip01 Spine2"
		*TM_ROW0 -0.225318	-0.264449	0.937709
		*TM_ROW1 -0.897605	-0.31792	-0.30534
		*TM_ROW2 0.378864	-0.910491	-0.165738
		*TM_ROW3 77.4967	7.6955	120.291
		*TM_POS 77.4967	7.6955	120.291
		*TM_ROTAXIS -0.582468	0.537898	-0.609423
		*TM_ROTANGLE 2.59536
		*TM_SCALE 1	1	1
		*TM_SCALEAXIS 0	0	0
		*TM_SCALEAXISANG 0	0	0
	}
}
*HELPEROBJECT {
	*NODE_NAME "Bip01 Neck"
	*NODE_PARENT "Bip01 Spine2"
	*NODE_TM {
		*NODE_NAME "Bip01 Neck"
		*TM_ROW0 -0.527762	-0.359674	0.769482
		*TM_ROW1 -0.76022	-0.204054	-0.616789
		*TM_ROW2 0.378858	-0.910493	-0.165739
		*TM_ROW3 70.7449	-0.232653	148.41
		*TM_POS 70.7449	-0.232653	148.41
		*TM_ROTAXIS -0.464802	0.618182	-0.633885
		*TM_ROTANGLE 2.82014
		*TM_SCALE 1	1	1
		*TM_SCALEAXIS 0	0	0
		*TM_SCALEAXISANG 0	0	0
	}
}
*HELPEROBJECT {
	*NODE_NAME "Bip01 Head"
	*NODE_PARENT "Bip01 Neck"
	*NODE_TM {
		*NODE_NAME "Bip01 Head"
		*TM_ROW0 -0.0939628	-0.0912125	0.991389
		*TM_ROW1 -0.253519	-0.960775	-0.112424
		*TM_ROW2 0.962756	-0.2619	0.067153
		*TM_ROW3 67.1354	-2.69254	153.673
		*TM_POS 67.1354	-2.69254	153.673
		*TM_ROTAXIS -0.6718	0.128686	-0.729469
		*TM_ROTANGLE 3.03011
		*TM_SCALE 1	1	1
		*TM_SCALEAXIS 0	0	0
		*TM_SCALEAXISANG 0	0	0
	}
}
*HELPEROBJECT {
	*NODE_NAME "zs_Helmet"
	*NODE_PARENT "Bip01 Head"
	*NODE_TM {
		*NODE_NAME "zs_Helmet"
		*TM_ROW0 0.962756	-0.261899	0.0671531
		*TM_ROW1 0.260109	0.96497	0.0342951
		*TM_ROW2 -0.0737826	-0.0155507	0.997153
		*TM_ROW3 22.372	-97.7175	424.839
		*TM_POS 22.372	-97.7175	424.839
		*TM_ROTAXIS -0.0917984	0.259554	0.961356
		*TM_ROTANGLE 0.274947
		*TM_SCALE 1	1	1
		*TM_SCALEAXIS 0	0	0
		*TM_SCALEAXISANG 0	0	0
	}
}
*HELPEROBJECT {
	*NODE_NAME "Bip01 L Clavicle"
	*NODE_PARENT "Bip01 Neck"
	*NODE_TM {
		*NODE_NAME "Bip01 L Clavicle"
		*TM_ROW0 0.181335	-0.883752	-0.431394
		*TM_ROW1 0.964792	0.0748915	0.252125
		*TM_ROW2 -0.190508	-0.461924	0.866217
		*TM_ROW3 77.1861	-5.27972	142.809
		*TM_POS 77.1861	-5.27972	142.809
		*TM_ROTAXIS -0.357696	-0.120669	0.926009
		*TM_ROTANGLE 1.50954
		*TM_SCALE 1	1	1
		*TM_SCALEAXIS 0	0	0
		*TM_SCALEAXISANG 0	0	0
	}
}
*HELPEROBJECT {
	*NODE_NAME "Bip01 L UpperArm"
	*NODE_PARENT "Bip01 L Clavicle"
	*NODE_TM {
		*NODE_NAME "Bip01 L UpperArm"
		*TM_ROW0 0.0116335	0.0272918	-0.99956
		*TM_ROW1 0.999905	0.00714061	0.0118325
		*TM_ROW2 0.00746041	-0.999602	-0.0272061
		*TM_ROW3 79.6025	-17.0566	137.06
		*TM_POS 79.6025	-17.0566	137.06
		*TM_ROTAXIS -0.585607	-0.583051	0.56313
		*TM_ROTANGLE 2.09927
		*TM_SCALE 1	1	1
		*TM_SCALEAXIS 0	0	0
		*TM_SCALEAXISANG 0	0	0
	}
}
*HELPEROBJECT {
	*NODE_NAME "Bip01 L Forearm"
	*NODE_PARENT "Bip01 L UpperArm"
	*NODE_TM {
		*NODE_NAME "Bip01 L Forearm"
		*TM_ROW0 -0.822996	0.00931611	-0.567971
		*TM_ROW1 0.567998	0.0266279	-0.822599
		*TM_ROW2 0.00746043	-0.999602	-0.0272062
		*TM_ROW3 79.9272	-16.295	109.166
		*TM_POS 79.9272	-16.295	109.166
		*TM_ROTAXIS -0.215509	-0.700612	0.680219
		*TM_ROTANGLE 2.71841
		*TM_SCALE 1	1	1
		*TM_SCALEAXIS 0	0	0
		*TM_SCALEAXISANG 0	0	0
	}
}
*HELPEROBJECT {
	*NODE_NAME "Bip01 L Hand"
	*NODE_PARENT "Bip01 L Forearm"
	*NODE_TM {
		*NODE_NAME "Bip01 L Hand"
		*TM_ROW0 -0.80886	0.390363	-0.43973
		*TM_ROW1 -0.502906	-0.0717693	0.861356
		*TM_ROW2 0.304683	0.917859	0.254367
		*TM_ROW3 57.0345	-16.0359	93.3674
		*TM_POS 57.0345	-16.0359	93.3674
		*TM_ROTAXIS 0.0485353	-0.639441	-0.767307
		*TM_ROTANGLE 2.52031
		*TM_SCALE 1	1	1
		*TM_SCALEAXIS 0	0	0
		*TM_SCALEAXISANG 0	0	0
	}
}
*HELPEROBJECT {
	*NODE_NAME "Bip01 L Finger0"
	*NODE_PARENT "Bip01 L Hand"
	*NODE_TM {
		*NODE_NAME "Bip01 L Finger0"
		*TM_ROW0 -0.80886	0.390363	-0.439729
		*TM_ROW1 -0.503138	-0.0724715	0.861162
		*TM_ROW2 0.304298	0.917804	0.255026
		*TM_ROW3 46.6245	-11.0119	87.7082
		*TM_POS 46.6245	-11.0119	87.7082
		*TM_ROTAXIS 0.0486573	-0.639144	-0.767547
		*TM_ROTANGLE 2.52035
		*TM_SCALE 1	1	1
		*TM_SCALEAXIS 0	0	0
		*TM_SCALEAXISANG 0	0	0
	}
}
*HELPEROBJECT {
	*NODE_NAME "zs_LeftHand"
	*NODE_PARENT "Bip01 L Hand"
	*NODE_TM {
		*NODE_NAME "zs_LeftHand"
		*TM_ROW0 0.372704	0.864914	0.336177
		*TM_ROW1 -0.71904	0.498183	-0.484557
		*TM_ROW2 -0.586578	-0.0611282	0.807583
		*TM_ROW3 -71.9233	14.4022	100.485
		*TM_POS -71.9233	14.4022	100.485
		*TM_ROTAXIS 0.22506	0.490461	-0.8419
		*TM_ROTANGLE 1.22469
		*TM_SCALE 1	1	1
		*TM_SCALEAXIS 0	0	0
		*TM_SCALEAXISANG 0	0	0
	}
}
*HELPEROBJECT {
	*NODE_NAME "zs_LeftArm"
	*NODE_PARENT "Bip01 L Forearm"
	*NODE_TM {
		*NODE_NAME "zs_LeftArm"
		*TM_ROW0 -0.733852	0.0549078	-0.677087
		*TM_ROW1 0.675874	-0.0410971	-0.735871
		*TM_ROW2 -0.0682313	-0.997645	-0.00695155
		*TM_ROW3 -235.235	-68.0188	103.319
		*TM_POS -235.235	-68.0188	103.319
		*TM_ROTAXIS 0.288234	0.670397	-0.683732
		*TM_ROTANGLE 3.61296
		*TM_SCALE 1	1	1
		*TM_SCALEAXIS 0	0	0
		*TM_SCALEAXISANG 0	0	0
	}
}
*HELPEROBJECT {
	*NODE_NAME "Bip01 R Clavicle"
	*NODE_PARENT "Bip01 Neck"
	*NODE_TM {
		*NODE_NAME "Bip01 R Clavicle"
		*TM_ROW0 -0.698356	0.712546	-0.0676534
		*TM_ROW1 0.653407	0.673255	0.346103
		*TM_ROW2 0.292163	0.197498	-0.935754
		*TM_ROW3 71.1515	9.22253	145.449
		*TM_POS 71.1515	9.22253	145.449
		*TM_ROTAXIS -0.377399	-0.91379	-0.150191
		*TM_ROTANGLE 2.94342
		*TM_SCALE 1	1	1
		*TM_SCALEAXIS 0	0	0
		*TM_SCALEAXISANG 0	0	0
	}
}
*HELPEROBJECT {
	*NODE_NAME "Bip01 R UpperArm"
	*NODE_PARENT "Bip01 R Clavicle"
	*NODE_TM {
		*NODE_NAME "Bip01 R UpperArm"
		*TM_ROW0 -0.229334	0.257118	-0.938774
		*TM_ROW1 -0.0677077	0.957929	0.278905
		*TM_ROW2 0.97099	0.127525	-0.202277
		*TM_ROW3 61.8452	18.7179	144.547
		*TM_POS 61.8452	18.7179	144.547
		*TM_ROTAXIS -0.0779066	-0.982845	-0.167169
		*TM_ROTANGLE 1.80991
		*TM_SCALE 1	1	1
		*TM_SCALEAXIS 0	0	0
		*TM_SCALEAXISANG 0	0	0
	}
}
*HELPEROBJECT {
	*NODE_NAME "Bip01 R Forearm"
	*NODE_PARENT "Bip01 R UpperArm"
	*NODE_TM {
		*NODE_NAME "Bip01 R Forearm"
		*TM_ROW0 -0.104317	-0.535271	-0.838214
		*TM_ROW1 -0.215166	0.834998	-0.50644
		*TM_ROW2 0.97099	0.127525	-0.202277
		*TM_ROW3 55.4453	25.8931	118.35
		*TM_POS 55.4453	25.8931	118.35
		*TM_ROTAXIS 0.32618	-0.93085	0.164697
		*TM_ROTANGLE 1.80884
		*TM_SCALE 1	1	1
		*TM_SCALEAXIS 0	0	0
		*TM_SCALEAXISANG 0	0	0
	}
}
*HELPEROBJECT {
	*NODE_NAME "Bip01 R Hand"
	*NODE_PARENT "Bip01 R Forearm"
	*NODE_TM {
		*NODE_NAME "Bip01 R Hand"
		*TM_ROW0 0.49268	-0.854688	0.163628
		*TM_ROW1 -0.477013	-0.107983	0.872238
		*TM_ROW2 -0.727822	-0.507787	-0.460898
		*TM_ROW3 52.5436	11.0038	95.0336
		*TM_POS 52.5436	11.0038	95.0336
		*TM_ROTAXIS -0.818636	0.528812	0.224039
		*TM_ROTANGLE 2.13898
		*TM_SCALE 1	1	1
		*TM_SCALEAXIS 0	0	0
		*TM_SCALEAXISANG 0	0	0
	}
}
*HELPEROBJECT {
	*NODE_NAME "Bip01 R Finger0"
	*NODE_PARENT "Bip01 R Hand"
	*NODE_TM {
		*NODE_NAME "Bip01 R Finger0"
		*TM_ROW0 0.492681	-0.854688	0.163629
		*TM_ROW1 -0.477568	-0.108371	0.871886
		*TM_ROW2 -0.727458	-0.507705	-0.461564
		*TM_ROW3 58.8843	0.00413499	97.1395
		*TM_POS 58.8843	0.00413499	97.1395
		*TM_ROTAXIS -0.818705	0.528807	0.223798
		*TM_ROTANGLE 2.1396
		*TM_SCALE 1	1	1
		*TM_SCALEAXIS 0	0	0
		*TM_SCALEAXISANG 0	0	0
	}
}
*HELPEROBJECT {
	*NODE_NAME "zs_RightHand"
	*NODE_PARENT "Bip01 R Hand"
	*NODE_TM {
		*NODE_NAME "zs_RightHand"
		*TM_ROW0 0.202846	0.88921	0.410073
		*TM_ROW1 -0.845889	0.370084	-0.38407
		*TM_ROW2 -0.49328	-0.268969	0.827243
		*TM_ROW3 76.6057	-93.7873	157.053
		*TM_POS 76.6057	-93.7873	157.053
		*TM_ROTAXIS 0.058738	0.460999	-0.885455
		*TM_ROTANGLE 1.36935
		*TM_SCALE 1	1	1
		*TM_SCALEAXIS 0	0	0
		*TM_SCALEAXISANG 0	0	0
	}
}
*HELPEROBJECT {
	*NODE_NAME "zs_Crossbow"
	*NODE_PARENT "Bip01 Spine2"
	*NODE_TM {
		*NODE_NAME "zs_Crossbow"
		*TM_ROW0 -0.450049	0.0709542	0.890181
		*TM_ROW1 -0.223706	0.956095	-0.189307
		*TM_ROW2 -0.86453	-0.284337	-0.414417
		*TM_ROW3 40.4439	85.8264	1592.98
		*TM_POS 40.4439	85.8264	1592.98
		*TM_ROTAXIS -0.0533328	0.984788	-0.165371
		*TM_ROTANGLE 2.04225
		*TM_SCALE 1	1	1
		*TM_SCALEAXIS 0	0	0
		*TM_SCALEAXISANG 0	0	0
	}
}
*HELPEROBJECT {
	*NODE_NAME "zs_Longsword"
	*NODE_PARENT "Bip01 Spine2"
	*NODE_TM {
		*NODE_NAME "zs_Longsword"
		*TM_ROW0 -0.596663	0.15745	0.786894
		*TM_ROW1 -0.0689759	0.966873	-0.245763
		*TM_ROW2 -0.799522	-0.200915	-0.566037
		*TM_ROW3 -107.878	181.763	1239.42
		*TM_POS -107.878	181.763	1239.42
		*TM_ROTAXIS -0.0279758	-0.98958	0.141241
		*TM_ROTANGLE 4.07149
		*TM_SCALE 1	1	1
		*TM_SCALEAXIS 0	0	0
		*TM_SCALEAXISANG 0	0	0
	}
}
*HELPEROBJECT {
	*NODE_NAME "zs_Shield"
	*NODE_PARENT "Bip01 Spine2"
	*NODE_TM {
		*NODE_NAME "zs_Shield"
		*TM_ROW0 0.471801	0.358208	-0.805662
		*TM_ROW1 -0.0187526	0.917624	0.397006
		*TM_ROW2 0.881506	-0.1722	0.439654
		*TM_ROW3 460.108	-120.916	495.167
		*TM_POS 460.108	-120.916	495.167
		*TM_ROTAXIS -0.31274	-0.926983	-0.207114
		*TM_ROTANGLE 1.14336
		*TM_SCALE 1	1	1
		*TM_SCALEAXIS 0	0	0
		*TM_SCALEAXISANG 0	0	0
	}
}
*HELPEROBJECT {
	*NODE_NAME "zs_Bow"
	*NODE_PARENT "Bip01 Spine2"
	*NODE_TM {
		*NODE_NAME "zs_Bow"
		*TM_ROW0 -0.561411	-0.00881767	0.82749
		*TM_ROW1 0.805731	0.222214	0.549016
		*TM_ROW2 -0.188721	0.974958	-0.117649
		*TM_ROW3 530.437	137.919	371.309
		*TM_POS 530.437	137.919	371.309
		*TM_ROTAXIS -0.310848	-0.741622	-0.59445
		*TM_ROTANGLE 3.89637
		*TM_SCALE 1	1	1
		*TM_SCALEAXIS 0	0	0
		*TM_SCALEAXISANG 0	0	0
	}
}
*HELPEROBJECT {
	*NODE_NAME "zs_Sword"
	*NODE_PARENT "Bip01 Spine"
	*NODE_TM {
		*NODE_NAME "zs_Sword"
		*TM_ROW0 -0.134537	-0.245779	0.959944
		*TM_ROW1 0.575392	0.769321	0.277615
		*TM_ROW2 -0.806736	0.589694	0.0379167
		*TM_ROW3 375.035	-116.076	120.635
		*TM_POS 375.035	-116.076	120.635
		*TM_ROTAXIS 0.158172	0.895412	0.416196
		*TM_ROTANGLE 1.73519
		*TM_SCALE 1	1	1
		*TM_SCALEAXIS 0	0	0
		*TM_SCALEAXISANG 0	0	0
	}
}
*HELPEROBJECT {
	*NODE_NAME "Bip01 L Thigh"
	*NODE_PARENT "Bip01 Pelvis"
	*NODE_TM {
		*NODE_NAME "Bip01 L Thigh"
		*TM_ROW0 -0.0831652	-0.389011	-0.917471
		*TM_ROW1 -0.376913	-0.83999	0.390324
		*TM_ROW2 -0.922507	0.378269	-0.0767655
		*TM_ROW3 85.0618	6.29913	95.9565
		*TM_POS 85.0618	6.29913	95.9565
		*TM_ROTAXIS 0.677057	-0.282819	-0.679416
		*TM_ROTANGLE 3.1505
		*TM_SCALE 1	1	1
		*TM_SCALEAXIS 0	0	0
		*TM_SCALEAXISANG 0	0	0
	}
	*TM_ANIMATION {
		*NODE_NAME "Bip01 L Thigh"
		*CONTROL_POS_TRACK {
			*CONTROL_POS_SAMPLE 192	3.96101	6.29913	96.6287
			*CONTROL_POS_SAMPLE 384	6.82628	6.21805	96.0319
			*CONTROL_POS_SAMPLE 576	9.69174	6.15021	95.9222
			*CONTROL_POS_SAMPLE 768	12.5576	6.09477	95.9428
			*CONTROL_POS_SAMPLE 960	15.4241	6.05086	95.7372
			*CONTROL_POS_SAMPLE 1152	18.2913	6.01766	95.0802
			*CONTROL_POS_SAMPLE 1344	21.1592	5.9943	94.2058
			*CONTROL_POS_SAMPLE 1536	24.0278	5.97995	93.446
			*CONTROL_POS_SAMPLE 1728	26.8971	5.97376	93.1329
			*CONTROL_POS_SAMPLE 1920	30.3173	5.97489	93.2042
			*CONTROL_POS_SAMPLE 2112	33.7381	5.98248	93.3658
			*CONTROL_POS_SAMPLE 2304	37.1593	5.99571	93.6018
			*CONTROL_POS_SAMPLE 2496	40.581	6.01372	93.896
			*CONTROL_POS_SAMPLE 2688	44.0029	6.03567	94.2325
			*CONTROL_POS_SAMPLE 2880	47.425	6.06071	94.5953
			*CONTROL_POS_SAMPLE 3072	50.8472	6.08801	94.9683
			*CONTROL_POS_SAMPLE 3264	54.2694	6.11672	95.3355
			*CONTROL_POS_SAMPLE 3456	57.6916	6.14599	95.6809
			*CONTROL_POS_SAMPLE 3648	61.1137	6.17499	95.9885
			*CONTROL_POS_SAMPLE 3840	64.5356	6.20285	95.9814
			*CONTROL_POS_SAMPLE 4032	67.9573	6.22875	95.9747
			*CONTROL_POS_SAMPLE 4224	71.3788	6.25184	95.9687
			*CONTROL_POS_SAMPLE 4416	74.8	6.27126	95.9637
			*CONTROL_POS_SAMPLE 4608	78.2209	6.28618	95.9599
			*CONTROL_POS_SAMPLE 4800	81.6415	6.29575	95.9574
			*CONTROL_POS_SAMPLE 4992	85.0618	6.29913	95.9565
		}
		*CONTROL_ROT_TRACK {
			*CONTROL_ROT_SAMPLE 192	-0.734401	0.177667	0.655049	3.1825
			*CONTROL_ROT_SAMPLE 384	-0.730453	0.221121	0.646176	3.13375
			*CONTROL_ROT_SAMPLE 576	-0.73196	0.250835	0.633496	3.10533
			*CONTROL_ROT_SAMPLE 768	-0.736278	0.268612	0.621082	3.09837
			*CONTROL_ROT_SAMPLE 960	-0.741482	0.28421	0.607807	3.09419
			*CONTROL_ROT_SAMPLE 1152	-0.748919	0.290531	0.595578	3.10311
			*CONTROL_ROT_SAMPLE 1344	-0.762219	0.275914	0.58557	3.1437
			*CONTROL_ROT_SAMPLE 1536	-0.780333	0.240525	0.577259	3.21512
			*CONTROL_ROT_SAMPLE 1728	-0.800224	0.186125	0.570087	3.31022
			*CONTROL_ROT_SAMPLE 1920	-0.789177	0.194339	0.582608	3.30134
			*CONTROL_ROT_SAMPLE 2112	-0.772968	0.214211	0.597188	3.26927
			*CONTROL_ROT_SAMPLE 2304	-0.757533	0.228519	0.611492	3.24366
			*CONTROL_ROT_SAMPLE 2496	-0.742666	0.238913	0.625593	3.2237
			*CONTROL_ROT_SAMPLE 2688	-0.728381	0.246112	0.639446	3.20941
			*CONTROL_ROT_SAMPLE 2880	-0.714704	0.2511	0.652799	3.19984
			*CONTROL_ROT_SAMPLE 3072	-0.701158	0.2546	0.666	3.19295
			*CONTROL_ROT_SAMPLE 3264	-0.68719	0.256218	0.679795	3.18832
			*CONTROL_ROT_SAMPLE 3456	0.671412	-0.25559	-0.695615	3.09765
			*CONTROL_ROT_SAMPLE 3648	0.656081	-0.251655	-0.711497	3.0955
			*CONTROL_ROT_SAMPLE 3840	0.642687	-0.24949	-0.724367	3.09906
			*CONTROL_ROT_SAMPLE 4032	0.63192	-0.244347	-0.735508	3.09912
			*CONTROL_ROT_SAMPLE 4224	0.637124	-0.255035	-0.727344	3.11918
			*CONTROL_ROT_SAMPLE 4416	0.645021	-0.264848	-0.716801	3.13472
			*CONTROL_ROT_SAMPLE 4608	0.654935	-0.272911	-0.704684	3.14478
			*CONTROL_ROT_SAMPLE 4800	0.665971	-0.278865	-0.691894	3.14965
			*CONTROL_ROT_SAMPLE 4992	0.677057	-0.282819	-0.679416	3.1505
		}
	}
}
*HELPEROBJECT {
	*NODE_NAME "Bip01 L Calf"
	*NODE_PARENT "Bip01 L Thigh"
	*NODE_TM {
		*NODE_NAME "Bip01 L Calf"
		*TM_ROW0 0.163968	0.204015	-0.965139
		*TM_ROW1 -0.34942	-0.902935	-0.250229
		*TM_ROW2 -0.922507	0.378269	-0.0767655
		*TM_ROW3 81.7897	-9.00645	59.8588
		*TM_POS 81.7897	-9.00645	59.8588
		*TM_ROTAXIS -0.749531	0.0508408	0.660014
		*TM_ROTANGLE 3.57422
		*TM_SCALE 1	1	1
		*TM_SCALEAXIS 0	0	0
		*TM_SCALEAXISANG 0	0	0
	}
	*TM_ANIMATION {
		*NODE_NAME "Bip01 L Calf"
		*CONTROL_POS_TRACK {
			*CONTROL_POS_SAMPLE 192	7.07219	-2.90992	58.5035
			*CONTROL_POS_SAMPLE 384	9.46784	-6.69095	58.9591
			*CONTROL_POS_SAMPLE 576	12.5181	-9.19629	59.8041
			*CONTROL_POS_SAMPLE 768	15.8877	-10.5166	60.4324
			*CONTROL_POS_SAMPLE 960	19.3624	-11.6558	60.8233
			*CONTROL_POS_SAMPLE 1152	23.0946	-11.9992	60.4344
			*CONTROL_POS_SAMPLE 1344	27.5314	-10.5061	59.0611
			*CONTROL_POS_SAMPLE 1536	32.6402	-7.10083	57.3526
			*CONTROL_POS_SAMPLE 1728	38.1425	-1.89894	56.2604
			*CONTROL_POS_SAMPLE 1920	40.1694	-2.37044	56.0382
			*CONTROL_POS_SAMPLE 2112	41.5377	-4.00211	56.1168
			*CONTROL_POS_SAMPLE 2304	43.0583	-5.13946	56.3295
			*CONTROL_POS_SAMPLE 2496	44.6971	-5.90613	56.6269
			*CONTROL_POS_SAMPLE 2688	46.4484	-6.34938	56.968
			*CONTROL_POS_SAMPLE 2880	48.3077	-6.55388	57.338
			*CONTROL_POS_SAMPLE 3072	50.2144	-6.60491	57.7325
			*CONTROL_POS_SAMPLE 3264	52.1069	-6.48131	58.1249
			*CONTROL_POS_SAMPLE 3456	53.8404	-6.14889	58.5054
			*CONTROL_POS_SAMPLE 3648	55.664	-5.52036	58.8195
			*CONTROL_POS_SAMPLE 3840	57.7142	-5.19706	58.9473
			*CONTROL_POS_SAMPLE 4032	60.0563	-4.68728	59.0094
			*CONTROL_POS_SAMPLE 4224	63.9821	-5.89143	59.283
			*CONTROL_POS_SAMPLE 4416	68.1947	-6.97761	59.5103
			*CONTROL_POS_SAMPLE 4608	72.6293	-7.86708	59.6772
			*CONTROL_POS_SAMPLE 4800	77.1977	-8.53735	59.7877
			*CONTROL_POS_SAMPLE 4992	81.7897	-9.00645	59.8588
		}
		*CONTROL_ROT_TRACK {
			*CONTROL_ROT_SAMPLE 192	-0.760286	0.0511338	0.647573	3.40453
			*CONTROL_ROT_SAMPLE 384	-0.773553	0.0221832	0.633343	3.47438
			*CONTROL_ROT_SAMPLE 576	-0.787518	0.00146235	0.61629	3.51792
			*CONTROL_ROT_SAMPLE 768	-0.799692	-0.010492	0.600318	3.54481
			*CONTROL_ROT_SAMPLE 960	-0.811831	-0.0220472	0.583476	3.56661
			*CONTROL_ROT_SAMPLE 1152	-0.822062	-0.0267925	0.568768	3.57627
			*CONTROL_ROT_SAMPLE 1344	-0.828891	-0.0137903	0.55924	3.56358
			*CONTROL_ROT_SAMPLE 1536	-0.831463	0.0182858	0.555279	3.53026
			*CONTROL_ROT_SAMPLE 1728	-0.827494	0.0676421	0.557386	3.47613
			*CONTROL_ROT_SAMPLE 1920	-0.819092	0.0696207	0.569421	3.48208
			*CONTROL_ROT_SAMPLE 2112	-0.811484	0.0594446	0.581343	3.50221
			*CONTROL_ROT_SAMPLE 2304	-0.802552	0.0537592	0.594155	3.51702
			*CONTROL_ROT_SAMPLE 2496	-0.79259	0.05175	0.607555	3.5281
			*CONTROL_ROT_SAMPLE 2688	-0.781757	0.0531617	0.621314	3.53575
			*CONTROL_ROT_SAMPLE 2880	-0.770427	0.0571651	0.63496	3.54075
			*CONTROL_ROT_SAMPLE 3072	-0.758431	0.0627625	0.648724	3.54354
			*CONTROL_ROT_SAMPLE 3264	-0.744937	0.070015	0.663451	3.54299
			*CONTROL_ROT_SAMPLE 3456	-0.728247	0.0794035	0.680699	3.53772
			*CONTROL_ROT_SAMPLE 3648	-0.709911	0.0906362	0.698435	3.52589
			*CONTROL_ROT_SAMPLE 3840	0.694768	-0.0974239	-0.712605	2.76642
			*CONTROL_ROT_SAMPLE 4032	0.680667	-0.103843	-0.725196	2.7807
			*CONTROL_ROT_SAMPLE 4224	0.692798	-0.0922559	-0.715206	2.75998
			*CONTROL_ROT_SAMPLE 4416	-0.706915	0.0804606	0.702707	3.54192
			*CONTROL_ROT_SAMPLE 4608	-0.721778	0.0692698	0.688649	3.55686
			*CONTROL_ROT_SAMPLE 4800	-0.736297	0.0592658	0.674058	3.56748
			*CONTROL_ROT_SAMPLE 4992	-0.749531	0.0508408	0.660014	3.57422
		}
	}
}
*HELPEROBJECT {
	*NODE_NAME "Bip01 L Foot"
	*NODE_PARENT "Bip01 L Calf"
	*NODE_TM {
		*NODE_NAME "Bip01 L Foot"
		*TM_ROW0 0.000569515	-0.000255938	-1
		*TM_ROW1 0.173637	-0.98481	0.000350937
		*TM_ROW2 -0.98481	-0.173637	-0.000516424
		*TM_ROW3 89.8402	1.0102	12.4727
		*TM_POS 89.8402	1.0102	12.4727
		*TM_ROTAXIS -0.705955	-0.0616344	0.705569
		*TM_ROTANGLE 3.01805
		*TM_SCALE 1	1	1
		*TM_SCALEAXIS 0	0	0
		*TM_SCALEAXISANG 0	0	0
	}
	*TM_ANIMATION {
		*NODE_NAME "Bip01 L Foot"
		*CONTROL_POS_TRACK {
			*CONTROL_POS_SAMPLE 192	15.4469	1.6021	10.3362
			*CONTROL_POS_SAMPLE 384	20.2106	1.82865	11.8147
			*CONTROL_POS_SAMPLE 576	25.6247	1.81488	13.7873
			*CONTROL_POS_SAMPLE 768	31.0061	1.83918	15.3841
			*CONTROL_POS_SAMPLE 960	36.4715	1.83583	16.8252
			*CONTROL_POS_SAMPLE 1152	41.8362	1.82268	17.2107
			*CONTROL_POS_SAMPLE 1344	47.2476	1.81293	15.8166
			*CONTROL_POS_SAMPLE 1536	52.5583	1.79343	13.3669
			*CONTROL_POS_SAMPLE 1728	57.1417	1.74241	11.1345
			*CONTROL_POS_SAMPLE 1920	57.8797	1.52676	10.4122
			*CONTROL_POS_SAMPLE 2112	58.1807	1.4848	10.253
			*CONTROL_POS_SAMPLE 2304	58.4243	1.46799	10.1688
			*CONTROL_POS_SAMPLE 2496	58.6323	1.45916	10.128
			*CONTROL_POS_SAMPLE 2688	58.8261	1.44106	10.0992
			*CONTROL_POS_SAMPLE 2880	59.0633	1.4075	10.0991
			*CONTROL_POS_SAMPLE 3072	59.2627	1.3677	10.1389
			*CONTROL_POS_SAMPLE 3264	59.2378	1.32742	10.1796
			*CONTROL_POS_SAMPLE 3456	58.6057	1.28804	10.2087
			*CONTROL_POS_SAMPLE 3648	57.8306	1.24809	10.2389
			*CONTROL_POS_SAMPLE 3840	57.7823	1.20803	10.2692
			*CONTROL_POS_SAMPLE 4032	58.1507	1.1681	10.2994
			*CONTROL_POS_SAMPLE 4224	63.8519	1.13562	10.6909
			*CONTROL_POS_SAMPLE 4416	70.1102	1.10394	11.1202
			*CONTROL_POS_SAMPLE 4608	76.6868	1.07268	11.571
			*CONTROL_POS_SAMPLE 4800	83.3431	1.04155	12.0273
			*CONTROL_POS_SAMPLE 4992	89.8402	1.0102	12.4727
		}
		*CONTROL_ROT_TRACK {
			*CONTROL_ROT_SAMPLE 192	-0.705955	-0.0616344	0.705569	3.01805
			*CONTROL_ROT_SAMPLE 384	-0.705988	-0.0616158	0.705538	3.01801
			*CONTROL_ROT_SAMPLE 576	-0.705986	-0.0616168	0.70554	3.01802
			*CONTROL_ROT_SAMPLE 768	-0.70599	-0.0616152	0.705537	3.01801
			*CONTROL_ROT_SAMPLE 960	-0.705989	-0.0616158	0.705538	3.01801
			*CONTROL_ROT_SAMPLE 1152	-0.705987	-0.0616166	0.705539	3.01802
			*CONTROL_ROT_SAMPLE 1344	-0.705986	-0.0616174	0.70554	3.01802
			*CONTROL_ROT_SAMPLE 1536	-0.705984	-0.0616185	0.705542	3.01802
			*CONTROL_ROT_SAMPLE 1728	-0.705982	-0.0616195	0.705544	3.01802
			*CONTROL_ROT_SAMPLE 1920	-0.705982	-0.0616191	0.705544	3.01802
			*CONTROL_ROT_SAMPLE 2112	-0.705982	-0.0616194	0.705544	3.01802
			*CONTROL_ROT_SAMPLE 2304	-0.705982	-0.0616195	0.705545	3.01802
			*CONTROL_ROT_SAMPLE 2496	-0.705981	-0.0616199	0.705545	3.01802
			*CONTROL_ROT_SAMPLE 2688	-0.70598	-0.0616205	0.705546	3.01802
			*CONTROL_ROT_SAMPLE 2880	-0.705978	-0.0616215	0.705548	3.01803
			*CONTROL_ROT_SAMPLE 3072	-0.705976	-0.0616228	0.70555	3.01803
			*CONTROL_ROT_SAMPLE 3264	-0.705974	-0.0616241	0.705552	3.01803
			*CONTROL_ROT_SAMPLE 3456	-0.705971	-0.0616256	0.705554	3.01803
			*CONTROL_ROT_SAMPLE 3648	-0.705969	-0.0616271	0.705556	3.01804
			*CONTROL_ROT_SAMPLE 3840	-0.705967	-0.0616284	0.705559	3.01804
			*CONTROL_ROT_SAMPLE 4032	-0.705964	-0.0616295	0.705561	3.01804
			*CONTROL_ROT_SAMPLE 4224	-0.705963	-0.0616305	0.705563	3.01804
			*CONTROL_ROT_SAMPLE 4416	-0.705961	-0.0616315	0.705564	3.01804
			*CONTROL_ROT_SAMPLE 4608	-0.705959	-0.0616325	0.705566	3.01805
			*CONTROL_ROT_SAMPLE 4800	-0.705957	-0.0616334	0.705568	3.01805
			*CONTROL_ROT_SAMPLE 4992	-0.705955	-0.0616344	0.705569	3.01805
		}
	}
}
*HELPEROBJECT {
	*NODE_NAME "Bip01 L Toe0"
	*NODE_PARENT "Bip01 L Foot"
	*NODE_TM {
		*NODE_NAME "Bip01 L Toe0"
		*TM_ROW0 0.173635	-0.98481	0.000271828
		*TM_ROW1 -0.000553809	0.000178377	1
		*TM_ROW2 -0.98481	-0.173635	-0.000514411
		*TM_ROW3 93.7792	-21.2929	-0.14607
		*TM_POS 93.7792	-21.2929	-0.14607
		*TM_ROTAXIS -0.644449	0.540914	0.54046
		*TM_ROTANGLE 1.99693
		*TM_SCALE 1	1	1
		*TM_SCALEAXIS 0	0	0
		*TM_SCALEAXISANG 0	0	0
	}
}
*HELPEROBJECT {
	*NODE_NAME "Bip01 R Thigh"
	*NODE_PARENT "Bip01 Pelvis"
	*NODE_TM {
		*NODE_NAME "Bip01 R Thigh"
		*TM_ROW0 -0.275653	-0.111546	-0.954763
		*TM_ROW1 -0.521014	-0.817355	0.245917
		*TM_ROW2 -0.807812	0.565233	0.16719
		*TM_ROW3 67.5525	10.3681	94.6901
		*TM_POS 67.5525	10.3681	94.6901
		*TM_ROTAXIS 0.59171	-0.272309	-0.758766
		*TM_ROTANGLE 2.86838
		*TM_SCALE 1	1	1
		*TM_SCALEAXIS 0	0	0
		*TM_SCALEAXISANG 0	0	0
	}
	*TM_ANIMATION {
		*NODE_NAME "Bip01 R Thigh"
		*CONTROL_POS_TRACK {
			*CONTROL_POS_SAMPLE 192	-13.5483	10.3681	95.3623
			*CONTROL_POS_SAMPLE 384	-10.6462	10.4298	94.7237
			*CONTROL_POS_SAMPLE 576	-7.74885	10.4813	94.5791
			*CONTROL_POS_SAMPLE 768	-4.85627	10.5232	94.5713
			*CONTROL_POS_SAMPLE 960	-1.96824	10.5563	94.3433
			*CONTROL_POS_SAMPLE 1152	0.915471	10.5813	93.6693
			*CONTROL_POS_SAMPLE 1344	3.79512	10.5989	92.7831
			*CONTROL_POS_SAMPLE 1536	6.67102	10.6097	92.016
			*CONTROL_POS_SAMPLE 1728	9.54348	10.6143	91.6997
			*CONTROL_POS_SAMPLE 1920	12.9631	10.6135	91.7716
			*CONTROL_POS_SAMPLE 2112	16.38	10.6078	91.9371
			*CONTROL_POS_SAMPLE 2304	19.7946	10.5978	92.1797
			*CONTROL_POS_SAMPLE 2496	23.2071	10.5843	92.4831
			*CONTROL_POS_SAMPLE 2688	26.6181	10.5678	92.8308
			*CONTROL_POS_SAMPLE 2880	30.0278	10.5489	93.2064
			*CONTROL_POS_SAMPLE 3072	33.4366	10.5283	93.5933
			*CONTROL_POS_SAMPLE 3264	36.8449	10.5066	93.9752
			*CONTROL_POS_SAMPLE 3456	40.253	10.4844	94.3356
			*CONTROL_POS_SAMPLE 3648	43.6614	10.4625	94.6581
			*CONTROL_POS_SAMPLE 3840	47.0702	10.4413	94.6653
			*CONTROL_POS_SAMPLE 4032	50.4799	10.4217	94.672
			*CONTROL_POS_SAMPLE 4224	53.8908	10.4041	94.6779
			*CONTROL_POS_SAMPLE 4416	57.3032	10.3893	94.6829
			*CONTROL_POS_SAMPLE 4608	60.7174	10.378	94.6868
			*CONTROL_POS_SAMPLE 4800	64.1337	10.3707	94.6893
			*CONTROL_POS_SAMPLE 4992	67.5525	10.3681	94.6901
		}
		*CONTROL_ROT_TRACK {
			*CONTROL_ROT_SAMPLE 192	0.614758	-0.224692	-0.756033	2.91802
			*CONTROL_ROT_SAMPLE 384	0.597815	-0.255342	-0.75988	2.90562
			*CONTROL_ROT_SAMPLE 576	0.585029	-0.257917	-0.768908	2.89303
			*CONTROL_ROT_SAMPLE 768	0.57488	-0.252693	-0.778241	2.87302
			*CONTROL_ROT_SAMPLE 960	0.563912	-0.251294	-0.786673	2.85558
			*CONTROL_ROT_SAMPLE 1152	0.548849	-0.256117	-0.795719	2.85692
			*CONTROL_ROT_SAMPLE 1344	0.532155	-0.263075	-0.804737	2.86549
			*CONTROL_ROT_SAMPLE 1536	0.516912	-0.270019	-0.812337	2.86605
			*CONTROL_ROT_SAMPLE 1728	0.514421	-0.252293	-0.819585	2.81555
			*CONTROL_ROT_SAMPLE 1920	0.499703	-0.280384	-0.819562	2.90428
			*CONTROL_ROT_SAMPLE 2112	0.49058	-0.300425	-0.817971	2.96614
			*CONTROL_ROT_SAMPLE 2304	0.484978	-0.316515	-0.815239	3.01479
			*CONTROL_ROT_SAMPLE 2496	0.483013	-0.329398	-0.811293	3.05259
			*CONTROL_ROT_SAMPLE 2688	0.485218	-0.339145	-0.805943	3.07949
			*CONTROL_ROT_SAMPLE 2880	0.492227	-0.345533	-0.798949	3.09443
			*CONTROL_ROT_SAMPLE 3072	0.504626	-0.348083	-0.790057	3.0955
			*CONTROL_ROT_SAMPLE 3264	0.526266	-0.344989	-0.777192	3.07464
			*CONTROL_ROT_SAMPLE 3456	0.557131	-0.335026	-0.759844	3.02875
			*CONTROL_ROT_SAMPLE 3648	0.592283	-0.318237	-0.740221	2.96321
			*CONTROL_ROT_SAMPLE 3840	0.625741	-0.298063	-0.720838	2.89255
			*CONTROL_ROT_SAMPLE 4032	0.655009	-0.27507	-0.703775	2.82289
			*CONTROL_ROT_SAMPLE 4224	0.64318	-0.277481	-0.71367	2.83731
			*CONTROL_ROT_SAMPLE 4416	0.629309	-0.278859	-0.725402	2.85194
			*CONTROL_ROT_SAMPLE 4608	0.615901	-0.278477	-0.736965	2.86261
			*CONTROL_ROT_SAMPLE 4800	0.603263	-0.276298	-0.748153	2.86843
			*CONTROL_ROT_SAMPLE 4992	0.59171	-0.272309	-0.758766	2.86838
		}
	}
}
*HELPEROBJECT {
	*NODE_NAME "Bip01 R Calf"
	*NODE_PARENT "Bip01 R Thigh"
	*NODE_TM {
		*NODE_NAME "Bip01 R Calf"
		*TM_ROW0 0.00586805	0.291339	-0.956602
		*TM_ROW1 -0.589412	-0.771773	-0.238664
		*TM_ROW2 -0.807812	0.565233	0.16719
		*TM_ROW3 56.707	5.97934	57.1251
		*TM_POS 56.707	5.97934	57.1251
		*TM_ROTAXIS 0.66896	-0.123815	-0.732914
		*TM_ROTANGLE 2.49702
		*TM_SCALE 1	1	1
		*TM_SCALEAXIS 0	0	0
		*TM_SCALEAXISANG 0	0	0
	}
	*TM_ANIMATION {
		*NODE_NAME "Bip01 R Calf"
		*CONTROL_POS_TRACK {
			*CONTROL_POS_SAMPLE 192	-22.545	6.22897	57.2842
			*CONTROL_POS_SAMPLE 384	-21.168	5.57405	57.1241
			*CONTROL_POS_SAMPLE 576	-19.3661	6.23289	57.2293
			*CONTROL_POS_SAMPLE 768	-17.2509	7.42207	57.3587
			*CONTROL_POS_SAMPLE 960	-15.1999	8.36432	57.355
			*CONTROL_POS_SAMPLE 1152	-13.6188	8.53487	57.1648
			*CONTROL_POS_SAMPLE 1344	-12.1975	8.42253	56.9011
			*CONTROL_POS_SAMPLE 1536	-10.5605	8.52944	56.7064
			*CONTROL_POS_SAMPLE 1728	-7.4535	10.9991	56.2177
			*CONTROL_POS_SAMPLE 1920	-5.90531	7.32339	57.4034
			*CONTROL_POS_SAMPLE 2112	-3.56797	4.71714	58.5396
			*CONTROL_POS_SAMPLE 2304	-0.800599	2.62344	59.6181
			*CONTROL_POS_SAMPLE 2496	2.34012	0.92663	60.5565
			*CONTROL_POS_SAMPLE 2688	5.85768	-0.400975	61.2601
			*CONTROL_POS_SAMPLE 2880	9.78163	-1.34528	61.6368
			*CONTROL_POS_SAMPLE 3072	14.1611	-1.854	61.6066
			*CONTROL_POS_SAMPLE 3264	19.3574	-1.71823	60.9184
			*CONTROL_POS_SAMPLE 3456	25.5056	-0.79005	59.6454
			*CONTROL_POS_SAMPLE 3648	32.3261	0.916088	58.211
			*CONTROL_POS_SAMPLE 3840	39.2751	2.98182	56.8287
			*CONTROL_POS_SAMPLE 4032	46.0271	5.27704	55.9199
			*CONTROL_POS_SAMPLE 4224	48.1581	5.09563	56.1166
			*CONTROL_POS_SAMPLE 4416	50.1118	5.01978	56.3754
			*CONTROL_POS_SAMPLE 4608	52.1664	5.12724	56.6431
			*CONTROL_POS_SAMPLE 4800	54.3541	5.439	56.8997
			*CONTROL_POS_SAMPLE 4992	56.707	5.97934	57.1251
		}
		*CONTROL_ROT_TRACK {
			*CONTROL_ROT_SAMPLE 192	0.673294	-0.079432	-0.735096	2.56983
			*CONTROL_ROT_SAMPLE 384	0.667178	-0.107885	-0.737044	2.54044
			*CONTROL_ROT_SAMPLE 576	0.651939	-0.123653	-0.748122	2.54675
			*CONTROL_ROT_SAMPLE 768	0.633937	-0.138714	-0.760843	2.56671
			*CONTROL_ROT_SAMPLE 960	0.61688	-0.15372	-0.771899	2.58252
			*CONTROL_ROT_SAMPLE 1152	0.601905	-0.162874	-0.781781	2.58477
			*CONTROL_ROT_SAMPLE 1344	0.587594	-0.170176	-0.791058	2.58238
			*CONTROL_ROT_SAMPLE 1536	0.572872	-0.181289	-0.799345	2.58388
			*CONTROL_ROT_SAMPLE 1728	0.549562	-0.197618	-0.811744	2.63476
			*CONTROL_ROT_SAMPLE 1920	0.568831	-0.172948	-0.804065	2.55278
			*CONTROL_ROT_SAMPLE 2112	0.584745	-0.153674	-0.796528	2.49259
			*CONTROL_ROT_SAMPLE 2304	0.59982	-0.136199	-0.788458	2.44315
			*CONTROL_ROT_SAMPLE 2496	0.614808	-0.119652	-0.779547	2.40251
			*CONTROL_ROT_SAMPLE 2688	0.63008	-0.103803	-0.769561	2.37059
			*CONTROL_ROT_SAMPLE 2880	0.64579	-0.0888782	-0.758324	2.34802
			*CONTROL_ROT_SAMPLE 3072	0.66189	-0.0756831	-0.74577	2.33588
			*CONTROL_ROT_SAMPLE 3264	0.680243	-0.0654957	-0.730055	2.33761
			*CONTROL_ROT_SAMPLE 3456	0.700197	-0.0610749	-0.711333	2.35409
			*CONTROL_ROT_SAMPLE 3648	-0.718067	0.0653713	0.692897	3.90092
			*CONTROL_ROT_SAMPLE 3840	-0.732117	0.075989	0.676927	3.87026
			*CONTROL_ROT_SAMPLE 4032	-0.74044	0.0918324	0.665819	3.83733
			*CONTROL_ROT_SAMPLE 4224	-0.730022	0.0946384	0.676839	3.83451
			*CONTROL_ROT_SAMPLE 4416	-0.716471	0.0993789	0.690502	3.82822
			*CONTROL_ROT_SAMPLE 4608	0.701661	-0.105842	-0.704606	2.46488
			*CONTROL_ROT_SAMPLE 4800	0.685765	-0.113992	-0.718841	2.47878
			*CONTROL_ROT_SAMPLE 4992	0.66896	-0.123815	-0.732914	2.49702
		}
	}
}
*HELPEROBJECT {
	*NODE_NAME "Bip01 R Foot"
	*NODE_PARENT "Bip01 R Calf"
	*NODE_TM {
		*NODE_NAME "Bip01 R Foot"
		*TM_ROW0 -0.000204505	3.07759e-005	-1
		*TM_ROW1 -0.528438	-0.848972	8.19401e-005
		*TM_ROW2 -0.848972	0.528438	0.000189874
		*TM_ROW3 56.9951	20.2834	10.1582
		*TM_POS 56.9951	20.2834	10.1582
		*TM_ROTAXIS 0.69302	-0.198096	-0.693168
		*TM_ROTANGLE 2.7505
		*TM_SCALE 1	1	1
		*TM_SCALEAXIS 0	0	0
		*TM_SCALEAXISANG 0	0	0
	}
	*TM_ANIMATION {
		*NODE_NAME "Bip01 R Foot"
		*CONTROL_POS_TRACK {
			*CONTROL_POS_SAMPLE 192	-22.8593	20.9246	10.4384
			*CONTROL_POS_SAMPLE 384	-21.7802	19.5927	10.0743
			*CONTROL_POS_SAMPLE 576	-21.8794	19.5802	10.0476
			*CONTROL_POS_SAMPLE 768	-22.1657	19.7927	10.1
			*CONTROL_POS_SAMPLE 960	-22.2997	19.8629	10.1537
			*CONTROL_POS_SAMPLE 1152	-22.4115	19.9209	10.222
			*CONTROL_POS_SAMPLE 1344	-22.4949	19.9563	10.3015
			*CONTROL_POS_SAMPLE 1536	-22.434	19.8746	10.4367
			*CONTROL_POS_SAMPLE 1728	-22.5863	20.3508	10.4561
			*CONTROL_POS_SAMPLE 1920	-17.6374	20.4012	11.5568
			*CONTROL_POS_SAMPLE 2112	-12.521	20.4266	12.8927
			*CONTROL_POS_SAMPLE 2304	-7.2089	20.4332	14.3154
			*CONTROL_POS_SAMPLE 2496	-1.67272	20.4271	15.6765
			*CONTROL_POS_SAMPLE 2688	4.11583	20.4145	16.8275
			*CONTROL_POS_SAMPLE 2880	10.1851	20.4017	17.6199
			*CONTROL_POS_SAMPLE 3072	16.5633	20.3948	17.9053
			*CONTROL_POS_SAMPLE 3264	23.7737	20.3887	17.3023
			*CONTROL_POS_SAMPLE 3456	31.918	20.3761	15.811
			*CONTROL_POS_SAMPLE 3648	40.3928	20.36	13.8551
			*CONTROL_POS_SAMPLE 3840	48.5947	20.3432	11.8587
			*CONTROL_POS_SAMPLE 4032	55.9202	20.3288	10.2455
			*CONTROL_POS_SAMPLE 4224	56.6802	20.3212	10.224
			*CONTROL_POS_SAMPLE 4416	56.8356	20.312	10.207
			*CONTROL_POS_SAMPLE 4608	56.9058	20.3025	10.1906
			*CONTROL_POS_SAMPLE 4800	56.9419	20.2929	10.1745
			*CONTROL_POS_SAMPLE 4992	56.9951	20.2834	10.1582
		}
		*CONTROL_ROT_TRACK {
			*CONTROL_ROT_SAMPLE 192	0.69302	-0.198096	-0.693168	2.7505
			*CONTROL_ROT_SAMPLE 384	0.689199	-0.223091	-0.689373	2.70264
			*CONTROL_ROT_SAMPLE 576	0.688546	-0.227075	-0.688725	2.69506
			*CONTROL_ROT_SAMPLE 768	0.688669	-0.226328	-0.688847	2.69648
			*CONTROL_ROT_SAMPLE 960	0.688743	-0.225877	-0.688921	2.69734
			*CONTROL_ROT_SAMPLE 1152	0.688937	-0.224693	-0.689114	2.69959
			*CONTROL_ROT_SAMPLE 1344	0.68922	-0.222956	-0.689395	2.7029
			*CONTROL_ROT_SAMPLE 1536	0.689935	-0.218507	-0.690105	2.71138
			*CONTROL_ROT_SAMPLE 1728	0.690269	-0.216391	-0.690437	2.71542
			*CONTROL_ROT_SAMPLE 1920	0.690432	-0.215351	-0.690599	2.71741
			*CONTROL_ROT_SAMPLE 2112	0.690581	-0.214399	-0.690747	2.71923
			*CONTROL_ROT_SAMPLE 2304	0.690721	-0.213501	-0.690885	2.72095
			*CONTROL_ROT_SAMPLE 2496	0.690857	-0.212621	-0.69102	2.72263
			*CONTROL_ROT_SAMPLE 2688	0.690995	-0.211724	-0.691158	2.72435
			*CONTROL_ROT_SAMPLE 2880	0.691141	-0.210774	-0.691302	2.72617
			*CONTROL_ROT_SAMPLE 3072	0.691299	-0.209736	-0.691459	2.72815
			*CONTROL_ROT_SAMPLE 3264	0.691476	-0.208572	-0.691635	2.73038
			*CONTROL_ROT_SAMPLE 3456	0.691669	-0.207295	-0.691826	2.73283
			*CONTROL_ROT_SAMPLE 3648	0.691869	-0.205955	-0.692026	2.7354
			*CONTROL_ROT_SAMPLE 3840	0.692071	-0.204598	-0.692226	2.738
			*CONTROL_ROT_SAMPLE 4032	0.692267	-0.203273	-0.69242	2.74055
			*CONTROL_ROT_SAMPLE 4224	0.692458	-0.201972	-0.69261	2.74305
