*3DSMAX_ASCIIEXPORT	110
*COMMENT "This file is part of Gothic Free Aim Copyright (C) 2016-2017  mud-freak (@szapp)"
*COMMENT "<http://github.com/szapp/GothicFreeAim>"
*COMMENT "Animations: first iteration"
*SCENE {
	*SCENE_FILENAME "magIK_LIN_left.max"
	*SCENE_FIRSTFRAME 1
	*SCENE_LASTFRAME 26
	*SCENE_FRAMESPEED 25
	*SCENE_TICKSPERFRAME 192
	*SCENE_BACKGROUND_STATIC 0	0	0
	*SCENE_AMBIENT_STATIC 0.2	0.2	0.2
}
*HELPEROBJECT {
	*NODE_NAME "Bip01"
	*NODE_TM {
		*NODE_NAME "Bip01"
		*TM_ROW0 0.566384	-0.708731	-0.420606
		*TM_ROW1 0.781865	0.623443	0.00233344
		*TM_ROW2 0.26057	-0.330179	0.90724
		*TM_ROW3 -19.645	13.3472	91.5128
		*TM_POS -19.645	13.3472	91.5128
		*TM_ROTAXIS -0.19884	-0.407339	0.891368
		*TM_ROTANGLE 0.990187
		*TM_SCALE 1	1	1
		*TM_SCALEAXIS 0	0	0
		*TM_SCALEAXISANG 0	0	0
	}
	*TM_ANIMATION {
		*NODE_NAME "Bip01"
		*CONTROL_POS_TRACK {
			*CONTROL_POS_SAMPLE 192	-20.6701	11.9132	92.3787
			*CONTROL_POS_SAMPLE 384	-19.645	13.3472	91.5128
			*CONTROL_POS_SAMPLE 576	-17.8741	14.1872	91.5484
			*CONTROL_POS_SAMPLE 768	-15.4947	14.5376	91.8184
			*CONTROL_POS_SAMPLE 960	-12.644	14.5027	91.6554
			*CONTROL_POS_SAMPLE 1152	-9.4593	14.1868	90.9349
			*CONTROL_POS_SAMPLE 1344	-6.0778	13.6944	90.0294
			*CONTROL_POS_SAMPLE 1536	-2.63681	13.1298	89.0303
			*CONTROL_POS_SAMPLE 1728	0.726436	12.5973	88.0237
			*CONTROL_POS_SAMPLE 1920	3.87467	12.2013	87.0957
			*CONTROL_POS_SAMPLE 2112	6.67063	12.0461	86.3324
			*CONTROL_POS_SAMPLE 2304	7.6447	11.9132	87.0928
			*CONTROL_POS_SAMPLE 2496	11.6853	11.9014	87.9452
			*CONTROL_POS_SAMPLE 2688	15.936	11.8955	88.833
			*CONTROL_POS_SAMPLE 2880	20.3257	11.8942	89.7101
			*CONTROL_POS_SAMPLE 3072	24.7836	11.8961	90.5426
			*CONTROL_POS_SAMPLE 3264	29.2388	11.8999	91.2723
			*CONTROL_POS_SAMPLE 3456	33.6202	11.9042	91.7987
			*CONTROL_POS_SAMPLE 3648	37.8569	11.9078	92.1251
			*CONTROL_POS_SAMPLE 3840	41.8781	11.9093	92.361
			*CONTROL_POS_SAMPLE 4032	44.1781	11.9111	92.5422
			*CONTROL_POS_SAMPLE 4224	46.5418	11.9132	92.3946
			*CONTROL_POS_SAMPLE 4416	51.414	11.9135	91.7052
			*CONTROL_POS_SAMPLE 4608	57.0351	11.9134	90.814
			*CONTROL_POS_SAMPLE 4800	61.9626	11.9132	90.1747
			*CONTROL_POS_SAMPLE 4992	62.941	11.9132	90.9463
		}
		*CONTROL_ROT_TRACK {
			*CONTROL_ROT_SAMPLE 192	-0.196773	-0.408548	0.891274	0.989727
			*CONTROL_ROT_SAMPLE 384	-0.19884	-0.407339	0.891368	0.990187
			*CONTROL_ROT_SAMPLE 576	-0.200905	-0.406129	0.891457	0.990651
			*CONTROL_ROT_SAMPLE 768	-0.202967	-0.404917	0.891541	0.99112
			*CONTROL_ROT_SAMPLE 960	-0.205026	-0.403705	0.89162	0.991594
			*CONTROL_ROT_SAMPLE 1152	-0.207082	-0.40249	0.891694	0.992073
			*CONTROL_ROT_SAMPLE 1344	-0.205294	-0.403546	0.89163	0.991656
			*CONTROL_ROT_SAMPLE 1536	-0.203505	-0.404601	0.891563	0.991244
			*CONTROL_ROT_SAMPLE 1728	-0.201712	-0.405655	0.891491	0.990834
			*CONTROL_ROT_SAMPLE 1920	-0.199918	-0.406708	0.891415	0.990429
			*CONTROL_ROT_SAMPLE 2112	-0.198122	-0.40776	0.891336	0.990026
			*CONTROL_ROT_SAMPLE 2304	-0.196337	-0.410876	0.890299	0.988804
			*CONTROL_ROT_SAMPLE 2496	-0.194545	-0.413994	0.889248	0.987593
			*CONTROL_ROT_SAMPLE 2688	-0.192746	-0.417112	0.888181	0.986393
			*CONTROL_ROT_SAMPLE 2880	-0.190941	-0.420232	0.8871	0.985206
			*CONTROL_ROT_SAMPLE 3072	-0.194395	-0.416569	0.888077	0.986582
			*CONTROL_ROT_SAMPLE 3264	-0.197834	-0.412905	0.889028	0.98798
			*CONTROL_ROT_SAMPLE 3456	-0.20126	-0.40924	0.889953	0.9894
			*CONTROL_ROT_SAMPLE 3648	-0.204672	-0.405574	0.890853	0.990841
			*CONTROL_ROT_SAMPLE 3840	-0.208069	-0.401907	0.891728	0.992305
			*CONTROL_ROT_SAMPLE 4032	-0.208069	-0.401907	0.891728	0.992305
			*CONTROL_ROT_SAMPLE 4224	-0.208069	-0.401907	0.891728	0.992305
			*CONTROL_ROT_SAMPLE 4416	-0.208069	-0.401907	0.891728	0.992305
			*CONTROL_ROT_SAMPLE 4608	-0.208069	-0.401907	0.891728	0.992305
			*CONTROL_ROT_SAMPLE 4800	-0.208069	-0.401907	0.891728	0.992305
			*CONTROL_ROT_SAMPLE 4992	-0.208069	-0.401907	0.891728	0.992305
		}
	}
}
*HELPEROBJECT {
	*NODE_NAME "Bip01 Footsteps"
	*NODE_PARENT "Bip01"
	*NODE_TM {
		*NODE_NAME "Bip01 Footsteps"
		*TM_ROW0 1	0	0
		*TM_ROW1 0	1	0
		*TM_ROW2 0	0	1
		*TM_ROW3 -19.645	13.3472	-0.11755
		*TM_POS -19.645	13.3472	-0.11755
		*TM_ROTAXIS 0	0	0
		*TM_ROTANGLE 0
		*TM_SCALE 1	1	1
		*TM_SCALEAXIS 0	0	0
		*TM_SCALEAXISANG 0	0	0
	}
}
*HELPEROBJECT {
	*NODE_NAME "Bip01 Pelvis"
	*NODE_PARENT "Bip01"
	*NODE_TM {
		*NODE_NAME "Bip01 Pelvis"
		*TM_ROW0 0.257305	-0.332778	0.907223
		*TM_ROW1 0.566385	-0.708731	-0.420606
		*TM_ROW2 0.782945	0.622061	0.00612018
		*TM_ROW3 -21.5244	13.4933	92.1057
		*TM_POS -21.5244	13.4933	92.1057
		*TM_ROTAXIS -0.754232	-0.0898987	-0.650425
		*TM_ROTANGLE 3.90476
		*TM_SCALE 1	1	1
		*TM_SCALEAXIS 0	0	0
		*TM_SCALEAXISANG 0	0	0
	}
	*TM_ANIMATION {
		*NODE_NAME "Bip01 Pelvis"
		*CONTROL_POS_TRACK {
			*CONTROL_POS_SAMPLE 192	-22.5486	12.0582	92.9745
			*CONTROL_POS_SAMPLE 384	-21.5244	13.4933	92.1057
			*CONTROL_POS_SAMPLE 576	-19.7544	14.3343	92.1385
			*CONTROL_POS_SAMPLE 768	-17.3758	14.6858	92.4055
			*CONTROL_POS_SAMPLE 960	-14.5259	14.6519	92.2396
			*CONTROL_POS_SAMPLE 1152	-11.342	14.3372	91.5162
			*CONTROL_POS_SAMPLE 1344	-7.95977	13.8438	90.6132
			*CONTROL_POS_SAMPLE 1536	-4.51806	13.2783	89.6166
			*CONTROL_POS_SAMPLE 1728	-1.1541	12.7448	88.6126
			*CONTROL_POS_SAMPLE 1920	1.99485	12.3479	87.6871
			*CONTROL_POS_SAMPLE 2112	4.79154	12.1918	86.9264
			*CONTROL_POS_SAMPLE 2304	5.76687	12.0543	87.6918
			*CONTROL_POS_SAMPLE 2496	9.80876	12.0378	88.5493
			*CONTROL_POS_SAMPLE 2688	14.0607	12.0273	89.4422
			*CONTROL_POS_SAMPLE 2880	18.4518	12.0214	90.3244
			*CONTROL_POS_SAMPLE 3072	22.9078	12.028	91.15
			*CONTROL_POS_SAMPLE 3264	27.3611	12.0365	91.8728
			*CONTROL_POS_SAMPLE 3456	31.7407	12.0456	92.3924
			*CONTROL_POS_SAMPLE 3648	35.9756	12.0539	92.7119
			*CONTROL_POS_SAMPLE 3840	39.995	12.0602	92.9409
			*CONTROL_POS_SAMPLE 4032	42.2951	12.0619	93.1221
			*CONTROL_POS_SAMPLE 4224	44.6587	12.0641	92.9745
			*CONTROL_POS_SAMPLE 4416	49.531	12.0644	92.2851
			*CONTROL_POS_SAMPLE 4608	55.1521	12.0642	91.3939
			*CONTROL_POS_SAMPLE 4800	60.0795	12.0641	90.7546
			*CONTROL_POS_SAMPLE 4992	61.0579	12.0641	91.5262
		}
		*CONTROL_ROT_TRACK {
			*CONTROL_ROT_SAMPLE 192	-0.754955	-0.090361	-0.649521	3.90455
			*CONTROL_ROT_SAMPLE 384	-0.754232	-0.0898987	-0.650425	3.90476
			*CONTROL_ROT_SAMPLE 576	-0.753507	-0.0894363	-0.651328	3.90496
			*CONTROL_ROT_SAMPLE 768	-0.752781	-0.0889737	-0.65223	3.90517
			*CONTROL_ROT_SAMPLE 960	-0.752054	-0.0885109	-0.653131	3.90538
			*CONTROL_ROT_SAMPLE 1152	-0.751326	-0.0880479	-0.654031	3.90558
			*CONTROL_ROT_SAMPLE 1344	-0.751959	-0.0884505	-0.653248	3.90541
			*CONTROL_ROT_SAMPLE 1536	-0.752592	-0.0888529	-0.652465	3.90523
			*CONTROL_ROT_SAMPLE 1728	-0.753223	-0.0892553	-0.651681	3.90505
			*CONTROL_ROT_SAMPLE 1920	-0.753854	-0.0896574	-0.650896	3.90487
			*CONTROL_ROT_SAMPLE 2112	-0.754483	-0.0900594	-0.650111	3.90468
			*CONTROL_ROT_SAMPLE 2304	-0.755568	-0.0906036	-0.648774	3.90638
			*CONTROL_ROT_SAMPLE 2496	-0.756652	-0.0911478	-0.647434	3.90806
			*CONTROL_ROT_SAMPLE 2688	-0.757733	-0.091692	-0.64609	3.90975
			*CONTROL_ROT_SAMPLE 2880	-0.758813	-0.0922363	-0.644744	3.91144
			*CONTROL_ROT_SAMPLE 3072	-0.757255	-0.0913546	-0.646699	3.91029
			*CONTROL_ROT_SAMPLE 3264	-0.755692	-0.0904726	-0.648648	3.90915
			*CONTROL_ROT_SAMPLE 3456	-0.754124	-0.0895905	-0.650592	3.908
			*CONTROL_ROT_SAMPLE 3648	-0.752552	-0.0887081	-0.65253	3.90684
			*CONTROL_ROT_SAMPLE 3840	-0.750976	-0.0878255	-0.654463	3.90568
			*CONTROL_ROT_SAMPLE 4032	-0.750976	-0.0878255	-0.654463	3.90568
			*CONTROL_ROT_SAMPLE 4224	-0.750976	-0.0878255	-0.654463	3.90568
			*CONTROL_ROT_SAMPLE 4416	-0.750976	-0.0878255	-0.654463	3.90568
			*CONTROL_ROT_SAMPLE 4608	-0.750976	-0.0878255	-0.654463	3.90568
			*CONTROL_ROT_SAMPLE 4800	-0.750976	-0.0878255	-0.654463	3.90568
			*CONTROL_ROT_SAMPLE 4992	-0.750976	-0.0878255	-0.654463	3.90568
		}
	}
}
*HELPEROBJECT {
	*NODE_NAME "Bip01 Spine"
	*NODE_PARENT "Bip01 Pelvis"
	*NODE_TM {
		*NODE_NAME "Bip01 Spine"
		*TM_ROW0 0.304612	-0.374704	0.875676
		*TM_ROW1 0.544968	-0.685449	-0.482877
		*TM_ROW2 0.781167	0.624305	-0.00459434
		*TM_ROW3 -20.9493	12.7637	94.3214
		*TM_POS -20.9493	12.7637	94.3214
		*TM_ROTAXIS -0.767586	-0.0655213	-0.637589
		*TM_ROTANGLE 3.94714
		*TM_SCALE 1	1	1
		*TM_SCALEAXIS 0	0	0
		*TM_SCALEAXISANG 0	0	0
	}
}
*HELPEROBJECT {
	*NODE_NAME "Bip01 Spine1"
	*NODE_PARENT "Bip01 Spine"
	*NODE_TM {
		*NODE_NAME "Bip01 Spine1"
		*TM_ROW0 0.302705	-0.399088	0.865505
		*TM_ROW1 0.524682	-0.688337	-0.5009
		*TM_ROW2 0.795662	0.60574	0.00103128
		*TM_ROW3 -17.9611	9.08846	102.932
		*TM_POS -17.9611	9.08846	102.932
		*TM_ROTAXIS -0.766786	-0.0483937	-0.640076
		*TM_ROTANGLE 3.94772
		*TM_SCALE 1	1	1
		*TM_SCALEAXIS 0	0	0
		*TM_SCALEAXISANG 0	0	0
	}
}
*HELPEROBJECT {
	*NODE_NAME "Bip01 Spine2"
	*NODE_PARENT "Bip01 Spine1"
	*NODE_TM {
		*NODE_NAME "Bip01 Spine2"
		*TM_ROW0 0.405085	-0.192521	0.893779
		*TM_ROW1 0.414474	-0.832686	-0.367213
		*TM_ROW2 0.814934	0.519201	-0.257514
		*TM_ROW3 -14.0995	4.00408	114.01
		*TM_POS -14.0995	4.00408	114.01
		*TM_ROTAXIS -0.822876	-0.0731938	-0.563487
		*TM_ROTANGLE 3.71038
		*TM_SCALE 1	1	1
		*TM_SCALEAXIS 0	0	0
		*TM_SCALEAXISANG 0	0	0
	}
}
*HELPEROBJECT {
	*NODE_NAME "Bip01 Neck"
	*NODE_PARENT "Bip01 Spine2"
	*NODE_TM {
		*NODE_NAME "Bip01 Neck"
		*TM_ROW0 0.4903	-0.380725	0.783999
		*TM_ROW1 0.309006	-0.765169	-0.564829
		*TM_ROW2 0.814936	0.519196	-0.257516
		*TM_ROW3 -1.9551	-1.76432	140.813
		*TM_POS -1.9551	-1.76432	140.813
		*TM_ROTAXIS -0.843453	0.0240717	-0.536663
		*TM_ROTANGLE 3.83949
		*TM_SCALE 1	1	1
		*TM_SCALEAXIS 0	0	0
		*TM_SCALEAXISANG 0	0	0
	}
}
*HELPEROBJECT {
	*NODE_NAME "Bip01 Head"
	*NODE_PARENT "Bip01 Neck"
	*NODE_TM {
		*NODE_NAME "Bip01 Head"
		*TM_ROW0 0.232042	-0.253596	0.939066
		*TM_ROW1 0.316979	-0.893004	-0.319482
		*TM_ROW2 0.919609	0.371797	-0.126829
		*TM_ROW3 1.39817	-4.36818	146.174
		*TM_POS 1.39817	-4.36818	146.174
		*TM_ROTAXIS -0.771044	-0.0217022	-0.636412
		*TM_ROTANGLE 3.60643
		*TM_SCALE 1	1	1
		*TM_SCALEAXIS 0	0	0
		*TM_SCALEAXISANG 0	0	0
	}
}
*HELPEROBJECT {
	*NODE_NAME "zs_Helmet"
	*NODE_PARENT "Bip01 Head"
	*NODE_TM {
		*NODE_NAME "zs_Helmet"
		*TM_ROW0 0.919609	0.371798	-0.126829
		*TM_ROW1 -0.334208	0.910147	0.24482
		*TM_ROW2 0.206457	-0.182751	0.961238
		*TM_ROW3 89.6389	-140.247	387.659
		*TM_POS 89.6389	-140.247	387.659
		*TM_ROTAXIS -0.480344	-0.374421	-0.793145
		*TM_ROTANGLE 0.46125
		*TM_SCALE 1	1	1
		*TM_SCALEAXIS 0	0	0
		*TM_SCALEAXISANG 0	0	0
	}
}
*HELPEROBJECT {
	*NODE_NAME "Bip01 L Clavicle"
	*NODE_PARENT "Bip01 Neck"
	*NODE_TM {
		*NODE_NAME "Bip01 L Clavicle"
		*TM_ROW0 0.813264	0.547465	-0.197189
		*TM_ROW1 -0.452158	0.807854	0.378053
		*TM_ROW2 0.366271	-0.218297	0.90454
		*TM_ROW3 1.33806	5.45793	134.869
		*TM_POS 1.33806	5.45793	134.869
		*TM_ROTAXIS -0.461143	-0.43571	-0.772984
		*TM_ROTANGLE 0.703119
		*TM_SCALE 1	1	1
		*TM_SCALEAXIS 0	0	0
		*TM_SCALEAXISANG 0	0	0
	}
}
*HELPEROBJECT {
	*NODE_NAME "Bip01 L UpperArm"
	*NODE_PARENT "Bip01 L Clavicle"
	*NODE_TM {
		*NODE_NAME "Bip01 L UpperArm"
		*TM_ROW0 0.122767	0.586858	-0.800328
		*TM_ROW1 -0.211549	0.803369	0.556637
		*TM_ROW2 0.969626	0.100972	0.222776
		*TM_ROW3 12.1756	12.7535	132.241
		*TM_POS 12.1756	12.7535	132.241
		*TM_ROTAXIS -0.228467	-0.887441	-0.400315
		*TM_ROTANGLE 1.49627
		*TM_SCALE 1	1	1
		*TM_SCALEAXIS 0	0	0
		*TM_SCALEAXISANG 0	0	0
	}
}
*HELPEROBJECT {
	*NODE_NAME "Bip01 L Forearm"
	*NODE_PARENT "Bip01 L UpperArm"
	*NODE_TM {
		*NODE_NAME "Bip01 L Forearm"
		*TM_ROW0 0.232206	-0.0938561	-0.968128
		*TM_ROW1 -0.0768452	0.990452	-0.114452
		*TM_ROW2 0.969626	0.100972	0.222776
		*TM_ROW3 15.6016	29.1304	109.907
		*TM_POS 15.6016	29.1304	109.907
		*TM_ROTAXIS 0.110487	-0.993839	0.00872458
		*TM_ROTANGLE 1.3462
		*TM_SCALE 1	1	1
		*TM_SCALEAXIS 0	0	0
		*TM_SCALEAXISANG 0	0	0
	}
}
*HELPEROBJECT {
	*NODE_NAME "Bip01 L Hand"
	*NODE_PARENT "Bip01 L Forearm"
	*NODE_TM {
		*NODE_NAME "Bip01 L Hand"
		*TM_ROW0 0.150416	-0.302516	-0.941201
		*TM_ROW1 -0.983201	-0.145345	-0.110412
		*TM_ROW2 -0.103397	0.941997	-0.319296
		*TM_ROW3 22.0607	26.5197	82.9776
		*TM_POS 22.0607	26.5197	82.9776
		*TM_ROTAXIS -0.698076	0.555726	0.451507
		*TM_ROTANGLE 3.99541
		*TM_SCALE 1	1	1
		*TM_SCALEAXIS 0	0	0
		*TM_SCALEAXISANG 0	0	0
	}
}
*HELPEROBJECT {
	*NODE_NAME "Bip01 L Finger0"
	*NODE_PARENT "Bip01 L Hand"
	*NODE_TM {
		*NODE_NAME "Bip01 L Finger0"
		*TM_ROW0 0.150415	-0.302516	-0.941201
		*TM_ROW1 -0.983122	-0.146065	-0.110167
		*TM_ROW2 -0.104149	0.941886	-0.319381
		*TM_ROW3 23.9965	22.6264	70.8644
		*TM_POS 23.9965	22.6264	70.8644
		*TM_ROTAXIS -0.698165	0.555486	0.451664
		*TM_ROTANGLE 3.99487
		*TM_SCALE 1	1	1
		*TM_SCALEAXIS 0	0	0
		*TM_SCALEAXISANG 0	0	0
	}
}
*HELPEROBJECT {
	*NODE_NAME "zs_LeftHand"
	*NODE_PARENT "Bip01 L Hand"
	*NODE_TM {
		*NODE_NAME "zs_LeftHand"
		*TM_ROW0 -0.1522	0.963716	-0.219287
		*TM_ROW1 0.321557	-0.161517	-0.933013
		*TM_ROW2 -0.934578	-0.212517	-0.285307
		*TM_ROW3 -27.5924	-26.6711	-27.9847
		*TM_POS -27.5924	-26.6711	-27.9847
		*TM_ROTAXIS -0.599763	-0.59543	0.534553
		*TM_ROTANGLE 3.78591
		*TM_SCALE 1	1	1
		*TM_SCALEAXIS 0	0	0
		*TM_SCALEAXISANG 0	0	0
	}
}
*HELPEROBJECT {
	*NODE_NAME "zs_LeftArm"
	*NODE_PARENT "Bip01 L Forearm"
	*NODE_TM {
		*NODE_NAME "zs_LeftArm"
		*TM_ROW0 0.12702	0.118054	-0.98485
		*TM_ROW1 -0.0505481	0.992372	0.112437
		*TM_ROW2 0.990611	0.0355006	0.132019
		*TM_ROW3 137.989	-164.383	-112.827
		*TM_POS 137.989	-164.383	-112.827
		*TM_ROTAXIS -0.0387756	-0.995628	-0.0849753
		*TM_ROTANGLE 1.44476
		*TM_SCALE 1	1	1
		*TM_SCALEAXIS 0	0	0
		*TM_SCALEAXISANG 0	0	0
	}
}
*HELPEROBJECT {
	*NODE_NAME "Bip01 R Clavicle"
	*NODE_PARENT "Bip01 Neck"
	*NODE_TM {
		*NODE_NAME "Bip01 R Clavicle"
		*TM_ROW0 -0.911198	-0.402631	0.0872163
		*TM_ROW1 -0.351356	0.870054	0.345766
		*TM_ROW2 -0.215099	0.284418	-0.934258
		*TM_ROW3 -11.6422	-2.81192	138.971
		*TM_POS -11.6422	-2.81192	138.971
		*TM_ROTAXIS 0.196184	-0.96676	-0.163971
		*TM_ROTANGLE 3.29859
		*TM_SCALE 1	1	1
		*TM_SCALEAXIS 0	0	0
		*TM_SCALEAXISANG 0	0	0
	}
}
*HELPEROBJECT {
	*NODE_NAME "Bip01 R UpperArm"
	*NODE_PARENT "Bip01 R Clavicle"
	*NODE_TM {
		*NODE_NAME "Bip01 R UpperArm"
		*TM_ROW0 -0.408148	-0.0179036	-0.91274
		*TM_ROW1 -0.328024	0.935913	0.128324
		*TM_ROW2 0.851948	0.351776	-0.387864
		*TM_ROW3 -23.7848	-8.17738	140.133
		*TM_POS -23.7848	-8.17738	140.133
		*TM_ROTAXIS 0.123754	-0.977336	-0.171754
		*TM_ROTANGLE 2.01534
		*TM_SCALE 1	1	1
		*TM_SCALEAXIS 0	0	0
		*TM_SCALEAXISANG 0	0	0
	}
}
*HELPEROBJECT {
	*NODE_NAME "Bip01 R Forearm"
	*NODE_PARENT "Bip01 R UpperArm"
	*NODE_TM {
		*NODE_NAME "Bip01 R Forearm"
		*TM_ROW0 0.300102	-0.935026	-0.18885
		*TM_ROW1 -0.429096	0.0444913	-0.902163
		*TM_ROW2 0.851948	0.351776	-0.387864
		*TM_ROW3 -35.1747	-8.677	114.662
		*TM_POS -35.1747	-8.677	114.662
		*TM_ROTAXIS -0.734871	0.60996	-0.296501
		*TM_ROTANGLE 4.16362
		*TM_SCALE 1	1	1
		*TM_SCALEAXIS 0	0	0
		*TM_SCALEAXISANG 0	0	0
	}
}
*HELPEROBJECT {
	*NODE_NAME "Bip01 R Hand"
	*NODE_PARENT "Bip01 R Forearm"
	*NODE_TM {
		*NODE_NAME "Bip01 R Hand"
		*TM_ROW0 0.297512	-0.933835	-0.198592
		*TM_ROW1 0.386811	-0.0722709	0.919323
		*TM_ROW2 -0.872848	-0.350328	0.339716
		*TM_ROW3 -26.8269	-34.686	109.409
		*TM_POS -26.8269	-34.686	109.409
		*TM_ROTAXIS -0.650398	0.345398	0.676522
		*TM_ROTANGLE 1.79007
		*TM_SCALE 1	1	1
		*TM_SCALEAXIS 0	0	0
		*TM_SCALEAXISANG 0	0	0
	}
}
*HELPEROBJECT {
	*NODE_NAME "Bip01 R Finger0"
	*NODE_PARENT "Bip01 R Hand"
	*NODE_TM {
		*NODE_NAME "Bip01 R Finger0"
		*TM_ROW0 0.297519	-0.933834	-0.198587
		*TM_ROW1 0.386146	-0.0725298	0.919582
		*TM_ROW2 -0.87314	-0.350277	0.339017
		*TM_ROW3 -22.998	-46.7043	106.853
		*TM_POS -22.998	-46.7043	106.853
		*TM_ROTAXIS -0.650576	0.345588	0.676254
		*TM_ROTANGLE 1.79056
		*TM_SCALE 1	1	1
		*TM_SCALEAXIS 0	0	0
		*TM_SCALEAXISANG 0	0	0
	}
}
*HELPEROBJECT {
	*NODE_NAME "zs_RightHand"
	*NODE_PARENT "Bip01 R Hand"
	*NODE_TM {
		*NODE_NAME "zs_RightHand"
		*TM_ROW0 0.743199	0.349716	-0.570398
		*TM_ROW1 -0.240926	0.935215	0.259474
		*TM_ROW2 0.624187	-0.0554167	0.779307
		*TM_ROW3 -92.971	-191.267	227.242
		*TM_POS -92.971	-191.267	227.242
		*TM_ROTAXIS -0.229961	-0.872391	-0.431339
		*TM_ROTANGLE 0.75414
		*TM_SCALE 1	1	1
		*TM_SCALEAXIS 0	0	0
		*TM_SCALEAXISANG 0	0	0
	}
}
*HELPEROBJECT {
	*NODE_NAME "zs_Crossbow"
	*NODE_PARENT "Bip01 Spine2"
	*NODE_TM {
		*NODE_NAME "zs_Crossbow"
		*TM_ROW0 0.143402	-0.602325	0.785265
		*TM_ROW1 -0.949498	-0.307492	-0.0624627
		*TM_ROW2 0.279086	-0.73665	-0.616001
		*TM_ROW3 130.498	-181.966	1475.14
		*TM_POS 130.498	-181.966	1475.14
		*TM_ROTAXIS -0.739449	0.555177	-0.38078
		*TM_ROTANGLE 2.66824
		*TM_SCALE 1	1	1
		*TM_SCALEAXIS 0	0	0
		*TM_SCALEAXISANG 0	0	0
	}
}
*HELPEROBJECT {
	*NODE_NAME "zs_Longsword"
	*NODE_PARENT "Bip01 Spine2"
	*NODE_TM {
		*NODE_NAME "zs_Longsword"
		*TM_ROW0 0.019684	-0.625659	0.779848
		*TM_ROW1 -0.967479	-0.208661	-0.142985
		*TM_ROW2 0.252184	-0.751672	-0.609419
		*TM_ROW3 -23.8736	-220.195	1239.51
		*TM_POS -23.8736	-220.195	1239.51
		*TM_ROTAXIS -0.695576	0.602988	-0.390614
		*TM_ROTANGLE 2.68873
		*TM_SCALE 1	1	1
		*TM_SCALEAXIS 0	0	0
		*TM_SCALEAXISANG 0	0	0
	}
}
*HELPEROBJECT {
	*NODE_NAME "zs_Shield"
	*NODE_PARENT "Bip01 Spine2"
	*NODE_TM {
		*NODE_NAME "zs_Shield"
		*TM_ROW0 -0.519365	0.428658	-0.739264
		*TM_ROW1 -0.849338	-0.163513	0.501885
		*TM_ROW2 0.0942582	0.888547	0.448999
		*TM_ROW3 97.2404	397.417	483.19
		*TM_POS 97.2404	397.417	483.19
		*TM_ROTAXIS 0.245652	-0.52955	-0.811931
		*TM_ROTANGLE 2.23564
		*TM_SCALE 1	1	1
		*TM_SCALEAXIS 0	0	0
		*TM_SCALEAXISANG 0	0	0
	}
}
*HELPEROBJECT {
	*NODE_NAME "zs_Bow"
	*NODE_PARENT "Bip01 Spine2"
	*NODE_TM {
		*NODE_NAME "zs_Bow"
		*TM_ROW0 0.197028	-0.564055	0.801886
		*TM_ROW1 -0.272163	0.754303	0.597456
		*TM_ROW2 -0.941864	-0.33596	-0.00489605
		*TM_ROW3 -182.161	427.735	392.094
		*TM_POS -182.161	427.735	392.094
		*TM_ROTAXIS -0.466876	0.872188	0.145998
		*TM_ROTANGLE 1.59758
		*TM_SCALE 1	1	1
		*TM_SCALEAXIS 0	0	0
		*TM_SCALEAXISANG 0	0	0
	}
}
*HELPEROBJECT {
	*NODE_NAME "zs_Sword"
	*NODE_PARENT "Bip01 Spine"
	*NODE_TM {
		*NODE_NAME "zs_Sword"
		*TM_ROW0 0.492703	-0.624163	0.606353
		*TM_ROW1 -0.380225	0.47235	0.795182
		*TM_ROW2 -0.782734	-0.622339	-0.00459435
		*TM_ROW3 195.431	244.586	162.497
		*TM_POS 195.431	244.586	162.497
		*TM_ROTAXIS -0.708899	0.694679	0.121993
		*TM_ROTANGLE 1.59057
		*TM_SCALE 1	1	1
		*TM_SCALEAXIS 0	0	0
		*TM_SCALEAXISANG 0	0	0
	}
}
*HELPEROBJECT {
	*NODE_NAME "Bip01 L Thigh"
	*NODE_PARENT "Bip01 Pelvis"
	*NODE_TM {
		*NODE_NAME "Bip01 L Thigh"
		*TM_ROW0 0.413351	-0.480905	-0.773221
		*TM_ROW1 0.520369	-0.572081	0.633986
		*TM_ROW2 -0.747233	-0.664419	0.0137779
		*TM_ROW3 -14.4699	19.0982	92.1608
		*TM_POS -14.4699	19.0982	92.1608
		*TM_ROTAXIS -0.791787	-0.0158482	0.610592
		*TM_ROTANGLE 2.18032
		*TM_SCALE 1	1	1
		*TM_SCALEAXIS 0	0	0
		*TM_SCALEAXISANG 0	0	0
	}
	*TM_ANIMATION {
		*NODE_NAME "Bip01 L Thigh"
		*CONTROL_POS_TRACK {
			*CONTROL_POS_SAMPLE 192	-15.4995	17.6701	93.0106
			*CONTROL_POS_SAMPLE 384	-14.4699	19.0982	92.1608
			*CONTROL_POS_SAMPLE 576	-12.6945	19.9323	92.2126
			*CONTROL_POS_SAMPLE 768	-10.3106	20.2767	92.4986
			*CONTROL_POS_SAMPLE 960	-7.45539	20.2358	92.3517
			*CONTROL_POS_SAMPLE 1152	-4.26622	19.914	91.6473
			*CONTROL_POS_SAMPLE 1344	-0.888587	19.4268	90.7278
			*CONTROL_POS_SAMPLE 1536	2.54853	18.8673	89.7147
			*CONTROL_POS_SAMPLE 1728	5.90786	18.34	88.6941
			*CONTROL_POS_SAMPLE 1920	9.05217	17.9491	87.7522
			*CONTROL_POS_SAMPLE 2112	11.8442	17.7991	86.9749
			*CONTROL_POS_SAMPLE 2304	12.8052	17.6797	87.7195
			*CONTROL_POS_SAMPLE 2496	16.8327	17.6812	88.5561
			*CONTROL_POS_SAMPLE 2688	21.0702	17.6887	89.4282
			*CONTROL_POS_SAMPLE 2880	25.4467	17.7007	90.2897
			*CONTROL_POS_SAMPLE 3072	29.9197	17.6863	91.1502
			*CONTROL_POS_SAMPLE 3264	34.3899	17.6737	91.908
			*CONTROL_POS_SAMPLE 3456	38.7861	17.6616	92.4626
			*CONTROL_POS_SAMPLE 3648	43.0376	17.6487	92.8171
			*CONTROL_POS_SAMPLE 3840	47.0733	17.6336	93.0811
			*CONTROL_POS_SAMPLE 4032	49.3733	17.6353	93.2623
			*CONTROL_POS_SAMPLE 4224	51.737	17.6374	93.1147
			*CONTROL_POS_SAMPLE 4416	56.6092	17.6378	92.4253
			*CONTROL_POS_SAMPLE 4608	62.2303	17.6376	91.5341
			*CONTROL_POS_SAMPLE 4800	67.1578	17.6374	90.8949
			*CONTROL_POS_SAMPLE 4992	68.1362	17.6374	91.6665
		}
		*CONTROL_ROT_TRACK {
			*CONTROL_ROT_SAMPLE 192	-0.770657	-0.0673064	0.633686	2.25486
			*CONTROL_ROT_SAMPLE 384	-0.791787	-0.0158482	0.610592	2.18032
			*CONTROL_ROT_SAMPLE 576	-0.817445	0.0297589	0.575238	2.14177
			*CONTROL_ROT_SAMPLE 768	-0.834161	0.0490287	0.549337	2.14506
			*CONTROL_ROT_SAMPLE 960	-0.843184	0.0496307	0.535329	2.16704
			*CONTROL_ROT_SAMPLE 1152	-0.852197	0.0504796	0.52078	2.19127
			*CONTROL_ROT_SAMPLE 1344	-0.86029	0.0468806	0.507646	2.21929
			*CONTROL_ROT_SAMPLE 1536	-0.867067	0.0390675	0.496658	2.25373
			*CONTROL_ROT_SAMPLE 1728	-0.872307	0.026015	0.488266	2.2945
			*CONTROL_ROT_SAMPLE 1920	-0.8754	0.00495773	0.483375	2.34313
			*CONTROL_ROT_SAMPLE 2112	-0.873464	-0.0357411	0.485575	2.41087
			*CONTROL_ROT_SAMPLE 2304	-0.865195	-0.0602606	0.497801	2.42776
			*CONTROL_ROT_SAMPLE 2496	-0.865937	-0.0201741	0.499747	2.35113
			*CONTROL_ROT_SAMPLE 2688	-0.859444	-0.00561808	0.511199	2.3002
			*CONTROL_ROT_SAMPLE 2880	-0.84984	-0.00186082	0.527037	2.25949
			*CONTROL_ROT_SAMPLE 3072	-0.837624	-0.00407267	0.546232	2.23355
			*CONTROL_ROT_SAMPLE 3264	-0.82387	-0.0111366	0.566669	2.21485
			*CONTROL_ROT_SAMPLE 3456	-0.809717	-0.0199794	0.586481	2.20106
			*CONTROL_ROT_SAMPLE 3648	-0.796004	-0.0291416	0.60459	2.19143
			*CONTROL_ROT_SAMPLE 3840	-0.783245	-0.0385459	0.620517	2.18685
			*CONTROL_ROT_SAMPLE 4032	-0.777715	-0.0470053	0.626857	2.18362
			*CONTROL_ROT_SAMPLE 4224	-0.775914	-0.0486186	0.628963	2.17359
			*CONTROL_ROT_SAMPLE 4416	-0.776832	-0.0366548	0.62864	2.15037
			*CONTROL_ROT_SAMPLE 4608	-0.786153	-0.0134216	0.617887	2.12355
			*CONTROL_ROT_SAMPLE 4800	-0.800124	0.010491	0.599743	2.10524
			*CONTROL_ROT_SAMPLE 4992	-0.818099	0.0140147	0.574906	2.12342
		}
	}
}
*HELPEROBJECT {
	*NODE_NAME "Bip01 L Calf"
	*NODE_PARENT "Bip01 L Thigh"
	*NODE_TM {
		*NODE_NAME "Bip01 L Calf"
		*TM_ROW0 -0.049386	0.0348428	-0.998172
		*TM_ROW1 0.662725	-0.746547	-0.0588487
		*TM_ROW2 -0.747233	-0.664419	0.0137778
		*TM_ROW3 1.79332	0.177045	61.7386
		*TM_POS 1.79332	0.177045	61.7386
		*TM_ROTAXIS 0.667147	0.276455	-0.691727
		*TM_ROTANGLE 3.61267
		*TM_SCALE 1	1	1
		*TM_SCALEAXIS 0	0	0
		*TM_SCALEAXISANG 0	0	0
	}
	*TM_ANIMATION {
		*NODE_NAME "Bip01 L Calf"
		*CONTROL_POS_TRACK {
			*CONTROL_POS_SAMPLE 192	-2.22907	1.67782	59.6017
			*CONTROL_POS_SAMPLE 384	1.79332	0.177045	61.7386
			*CONTROL_POS_SAMPLE 576	6.54126	-0.584648	64.6979
			*CONTROL_POS_SAMPLE 768	10.5655	-0.353112	66.2952
			*CONTROL_POS_SAMPLE 960	14.1313	0.23656	66.2354
			*CONTROL_POS_SAMPLE 1152	18.045	0.566652	65.6492
			*CONTROL_POS_SAMPLE 1344	22.0542	0.962969	64.637
			*CONTROL_POS_SAMPLE 1536	25.9656	1.5351	63.2714
			*CONTROL_POS_SAMPLE 1728	29.6174	2.46025	61.6071
			*CONTROL_POS_SAMPLE 1920	32.7875	4.03669	59.6258
			*CONTROL_POS_SAMPLE 2112	34.916	7.19133	56.9219
			*CONTROL_POS_SAMPLE 2304	34.7798	8.45787	56.4131
			*CONTROL_POS_SAMPLE 2496	39.4111	4.87846	58.9872
			*CONTROL_POS_SAMPLE 2688	43.2791	3.00959	60.4575
			*CONTROL_POS_SAMPLE 2880	46.917	1.7925	61.4112
			*CONTROL_POS_SAMPLE 3072	50.3012	0.961459	61.9459
			*CONTROL_POS_SAMPLE 3264	53.5067	0.422434	62.1598
			*CONTROL_POS_SAMPLE 3456	56.5972	0.0316581	62.1316
			*CONTROL_POS_SAMPLE 3648	59.5843	-0.259245	61.9378
			*CONTROL_POS_SAMPLE 3840	62.4229	-0.418162	61.6719
			*CONTROL_POS_SAMPLE 4032	64.2281	-0.27455	61.5356
			*CONTROL_POS_SAMPLE 4224	66.5472	-0.421851	61.4519
			*CONTROL_POS_SAMPLE 4416	71.8082	-1.32297	61.4819
			*CONTROL_POS_SAMPLE 4608	78.6565	-2.41969	61.9385
			*CONTROL_POS_SAMPLE 4800	85.1356	-3.16728	62.7528
			*CONTROL_POS_SAMPLE 4992	87.6389	-2.30313	63.917
		}
		*CONTROL_ROT_TRACK {
			*CONTROL_ROT_SAMPLE 192	0.671131	0.264607	-0.692507	3.64372
			*CONTROL_ROT_SAMPLE 384	0.667147	0.276455	-0.691727	3.61267
			*CONTROL_ROT_SAMPLE 576	-0.685228	-0.274757	0.674515	2.67061
			*CONTROL_ROT_SAMPLE 768	-0.709071	-0.264003	0.65385	2.6513
			*CONTROL_ROT_SAMPLE 960	-0.729072	-0.251758	0.636453	2.6312
			*CONTROL_ROT_SAMPLE 1152	-0.748261	-0.240436	0.618301	2.61758
			*CONTROL_ROT_SAMPLE 1344	-0.767078	-0.228336	0.599545	2.60367
			*CONTROL_ROT_SAMPLE 1536	-0.786116	-0.213386	0.580076	2.59034
			*CONTROL_ROT_SAMPLE 1728	-0.805498	-0.194155	0.559891	2.57537
			*CONTROL_ROT_SAMPLE 1920	-0.825674	-0.167948	0.538569	2.55476
			*CONTROL_ROT_SAMPLE 2112	-0.848937	-0.125061	0.513483	2.51624
			*CONTROL_ROT_SAMPLE 2304	-0.849455	-0.115082	0.514958	2.49373
			*CONTROL_ROT_SAMPLE 2496	-0.820833	-0.166125	0.546475	2.53617
			*CONTROL_ROT_SAMPLE 2688	-0.79426	-0.198996	0.574066	2.56077
			*CONTROL_ROT_SAMPLE 2880	-0.767442	-0.225056	0.600319	2.5807
			*CONTROL_ROT_SAMPLE 3072	-0.741761	-0.244172	0.624636	2.60304
			*CONTROL_ROT_SAMPLE 3264	-0.717086	-0.259361	0.646931	2.62304
			*CONTROL_ROT_SAMPLE 3456	-0.693855	-0.271764	0.666865	2.64189
			*CONTROL_ROT_SAMPLE 3648	0.672853	0.28166	-0.684059	3.62384
			*CONTROL_ROT_SAMPLE 3840	0.65525	0.288719	-0.698061	3.60959
			*CONTROL_ROT_SAMPLE 4032	0.648068	0.292474	-0.703183	3.61176
			*CONTROL_ROT_SAMPLE 4224	0.641829	0.297379	-0.706839	3.60908
			*CONTROL_ROT_SAMPLE 4416	0.631256	0.30557	-0.712841	3.58549
			*CONTROL_ROT_SAMPLE 4608	0.629283	0.311458	-0.712037	3.56339
			*CONTROL_ROT_SAMPLE 4800	0.637675	0.313067	-0.703818	3.55652
			*CONTROL_ROT_SAMPLE 4992	0.669122	0.300904	-0.679509	3.60022
		}
	}
}
*HELPEROBJECT {
	*NODE_NAME "Bip01 L Foot"
	*NODE_PARENT "Bip01 L Calf"
	*NODE_TM {
		*NODE_NAME "Bip01 L Foot"
		*TM_ROW0 0.022376	0.00663601	-0.999728
		*TM_ROW1 0.487307	-0.873216	0.00511072
		*TM_ROW2 -0.872944	-0.487288	-0.0227729
		*TM_ROW3 -0.631419	1.88774	12.7307
		*TM_POS -0.631419	1.88774	12.7307
		*TM_ROTAXIS -0.703732	-0.181198	0.68697
		*TM_ROTANGLE 2.78418
		*TM_SCALE 1	1	1
		*TM_SCALEAXIS 0	0	0
		*TM_SCALEAXISANG 0	0	0
	}
	*TM_ANIMATION {
		*NODE_NAME "Bip01 L Foot"
		*CONTROL_POS_TRACK {
			*CONTROL_POS_SAMPLE 192	-3.76714	1.67568	10.5281
			*CONTROL_POS_SAMPLE 384	-0.631419	1.88774	12.7307
			*CONTROL_POS_SAMPLE 576	6.38563	1.86916	15.6618
			*CONTROL_POS_SAMPLE 768	13.7145	1.82954	17.3473
			*CONTROL_POS_SAMPLE 960	20.1601	1.84635	17.5359
			*CONTROL_POS_SAMPLE 1152	26.8258	1.85815	17.3603
			*CONTROL_POS_SAMPLE 1344	33.5894	1.86582	16.9222
			*CONTROL_POS_SAMPLE 1536	40.3289	1.87018	16.3229
			*CONTROL_POS_SAMPLE 1728	46.9223	1.8721	15.6639
			*CONTROL_POS_SAMPLE 1920	53.2475	1.87247	15.0468
			*CONTROL_POS_SAMPLE 2112	59.1824	1.87216	14.573
			*CONTROL_POS_SAMPLE 2304	59.3072	1.82661	14.401
			*CONTROL_POS_SAMPLE 2496	59.3212	1.80888	14.2128
			*CONTROL_POS_SAMPLE 2688	59.1002	1.7915	13.9947
			*CONTROL_POS_SAMPLE 2880	58.7452	1.77455	13.7596
			*CONTROL_POS_SAMPLE 3072	58.3574	1.75814	13.5202
			*CONTROL_POS_SAMPLE 3264	58.0378	1.74233	13.2895
			*CONTROL_POS_SAMPLE 3456	57.8873	1.72722	13.0802
			*CONTROL_POS_SAMPLE 3648	58.0071	1.71295	12.9051
			*CONTROL_POS_SAMPLE 3840	58.4982	1.69955	12.7772
			*CONTROL_POS_SAMPLE 4032	59.4617	1.68712	12.7092
			*CONTROL_POS_SAMPLE 4224	60.9985	1.6758	12.7139
			*CONTROL_POS_SAMPLE 4416	64.702	1.66975	12.9935
			*CONTROL_POS_SAMPLE 4608	71.043	1.67044	13.6075
			*CONTROL_POS_SAMPLE 4800	78.4392	1.67379	14.3554
			*CONTROL_POS_SAMPLE 4992	85.3078	1.67585	15.0364
		}
		*CONTROL_ROT_TRACK {
			*CONTROL_ROT_SAMPLE 192	-0.704597	-0.16544	0.690053	2.81464
			*CONTROL_ROT_SAMPLE 384	-0.703732	-0.181198	0.68697	2.78418
			*CONTROL_ROT_SAMPLE 576	-0.703795	-0.180165	0.687178	2.78617
			*CONTROL_ROT_SAMPLE 768	-0.704002	-0.176629	0.687883	2.793
			*CONTROL_ROT_SAMPLE 960	-0.704029	-0.176151	0.687978	2.79392
			*CONTROL_ROT_SAMPLE 1152	-0.704099	-0.174913	0.688222	2.79631
			*CONTROL_ROT_SAMPLE 1344	-0.704197	-0.17314	0.68857	2.79974
			*CONTROL_ROT_SAMPLE 1536	-0.70431	-0.171059	0.688975	2.80376
			*CONTROL_ROT_SAMPLE 1728	-0.704423	-0.168895	0.689393	2.80795
			*CONTROL_ROT_SAMPLE 1920	-0.704526	-0.166872	0.689781	2.81187
			*CONTROL_ROT_SAMPLE 2112	-0.704608	-0.165216	0.690096	2.81507
			*CONTROL_ROT_SAMPLE 2304	-0.704597	-0.16544	0.690053	2.81464
			*CONTROL_ROT_SAMPLE 2496	-0.704596	-0.165456	0.69005	2.81461
			*CONTROL_ROT_SAMPLE 2688	-0.704595	-0.165466	0.690048	2.81459
			*CONTROL_ROT_SAMPLE 2880	-0.704595	-0.16547	0.690047	2.81458
			*CONTROL_ROT_SAMPLE 3072	-0.704595	-0.165469	0.690048	2.81458
			*CONTROL_ROT_SAMPLE 3264	-0.704595	-0.165465	0.690048	2.81459
			*CONTROL_ROT_SAMPLE 3456	-0.704596	-0.165459	0.690049	2.8146
			*CONTROL_ROT_SAMPLE 3648	-0.704596	-0.165452	0.690051	2.81462
			*CONTROL_ROT_SAMPLE 3840	-0.704596	-0.165446	0.690052	2.81463
			*CONTROL_ROT_SAMPLE 4032	-0.704597	-0.165442	0.690053	2.81464
			*CONTROL_ROT_SAMPLE 4224	-0.704597	-0.16544	0.690053	2.81464
			*CONTROL_ROT_SAMPLE 4416	-0.704597	-0.16544	0.690053	2.81464
			*CONTROL_ROT_SAMPLE 4608	-0.704597	-0.16544	0.690053	2.81464
			*CONTROL_ROT_SAMPLE 4800	-0.704597	-0.16544	0.690053	2.81464
			*CONTROL_ROT_SAMPLE 4992	-0.704597	-0.16544	0.690053	2.81464
		}
	}
}
*HELPEROBJECT {
	*NODE_NAME "Bip01 L Toe0"
	*NODE_PARENT "Bip01 L Foot"
	*NODE_TM {
		*NODE_NAME "Bip01 L Toe0"
		*TM_ROW0 0.487313	-0.873213	0.00503957
		*TM_ROW1 -0.0223382	-0.00669656	0.999728
		*TM_ROW2 -0.872941	-0.487293	-0.0227694
		*TM_ROW3 10.6856	-17.8014	0.223093
		*TM_POS 10.6856	-17.8014	0.223093
		*TM_ROTAXIS -0.772432	0.456067	0.441986
		*TM_ROTANGLE 1.84531
		*TM_SCALE 1	1	1
		*TM_SCALEAXIS 0	0	0
		*TM_SCALEAXISANG 0	0	0
	}
	*TM_ANIMATION {
		*NODE_NAME "Bip01 L Toe0"
		*CONTROL_POS_TRACK {
			*CONTROL_POS_SAMPLE 192	6.63771	-18.4944	-2.0052
			*CONTROL_POS_SAMPLE 384	10.6856	-17.8014	0.223093
			*CONTROL_POS_SAMPLE 576	17.6436	-17.8527	3.15247
			*CONTROL_POS_SAMPLE 768	24.7694	-18.003	4.83194
			*CONTROL_POS_SAMPLE 960	31.1876	-18.001	5.01973
			*CONTROL_POS_SAMPLE 1152	37.7818	-18.0275	4.84216
			*CONTROL_POS_SAMPLE 1344	44.4429	-18.0741	4.40107
			*CONTROL_POS_SAMPLE 1536	51.0617	-18.1329	3.7984
			*CONTROL_POS_SAMPLE 1728	57.5291	-18.1959	3.13598
			*CONTROL_POS_SAMPLE 1920	63.7362	-18.2555	2.51568
			*CONTROL_POS_SAMPLE 2112	69.5741	-18.3045	2.03935
			*CONTROL_POS_SAMPLE 2304	69.7121	-18.3435	1.86771
			*CONTROL_POS_SAMPLE 2496	69.727	-18.3607	1.67952
			*CONTROL_POS_SAMPLE 2688	69.5065	-18.3778	1.46146
			*CONTROL_POS_SAMPLE 2880	69.1518	-18.3947	1.22631
			*CONTROL_POS_SAMPLE 3072	68.764	-18.4111	0.986974
			*CONTROL_POS_SAMPLE 3264	68.4441	-18.427	0.756209
			*CONTROL_POS_SAMPLE 3456	68.2933	-18.4423	0.546893
			*CONTROL_POS_SAMPLE 3648	68.4127	-18.4568	0.371848
			*CONTROL_POS_SAMPLE 3840	68.9035	-18.4703	0.243891
			*CONTROL_POS_SAMPLE 4032	69.8666	-18.4829	0.175882
			*CONTROL_POS_SAMPLE 4224	71.4033	-18.4943	0.180588
			*CONTROL_POS_SAMPLE 4416	75.1068	-18.5003	0.460155
			*CONTROL_POS_SAMPLE 4608	81.4479	-18.4996	1.0742
			*CONTROL_POS_SAMPLE 4800	88.844	-18.4963	1.8221
			*CONTROL_POS_SAMPLE 4992	95.7126	-18.4942	2.50306
		}
		*CONTROL_ROT_TRACK {
			*CONTROL_ROT_SAMPLE 192	-0.756308	0.46864	0.45648	1.86331
			*CONTROL_ROT_SAMPLE 384	-0.772432	0.456067	0.441986	1.84531
			*CONTROL_ROT_SAMPLE 576	-0.771385	0.456904	0.442949	1.84647
			*CONTROL_ROT_SAMPLE 768	-0.767788	0.459757	0.446234	1.85046
			*CONTROL_ROT_SAMPLE 960	-0.767301	0.46014	0.446676	1.851
			*CONTROL_ROT_SAMPLE 1152	-0.766038	0.461133	0.44782	1.85241
			*CONTROL_ROT_SAMPLE 1344	-0.764226	0.462549	0.449452	1.85443
			*CONTROL_ROT_SAMPLE 1536	-0.762093	0.464206	0.451362	1.85682
			*CONTROL_ROT_SAMPLE 1728	-0.759869	0.46592	0.45334	1.85931
			*CONTROL_ROT_SAMPLE 1920	-0.757786	0.467515	0.455181	1.86165
			*CONTROL_ROT_SAMPLE 2112	-0.756078	0.468815	0.456682	1.86357
			*CONTROL_ROT_SAMPLE 2304	-0.756308	0.46864	0.45648	1.86331
			*CONTROL_ROT_SAMPLE 2496	-0.756325	0.468627	0.456465	1.86329
			*CONTROL_ROT_SAMPLE 2688	-0.756335	0.46862	0.456456	1.86328
			*CONTROL_ROT_SAMPLE 2880	-0.756339	0.468617	0.456453	1.86328
			*CONTROL_ROT_SAMPLE 3072	-0.756339	0.468617	0.456453	1.86328
			*CONTROL_ROT_SAMPLE 3264	-0.756335	0.46862	0.456457	1.86328
			*CONTROL_ROT_SAMPLE 3456	-0.756329	0.468625	0.456462	1.86329
			*CONTROL_ROT_SAMPLE 3648	-0.756322	0.46863	0.456468	1.8633
			*CONTROL_ROT_SAMPLE 3840	-0.756315	0.468635	0.456474	1.8633
			*CONTROL_ROT_SAMPLE 4032	-0.75631	0.468639	0.456478	1.86331
			*CONTROL_ROT_SAMPLE 4224	-0.756308	0.46864	0.45648	1.86331
			*CONTROL_ROT_SAMPLE 4416	-0.756308	0.46864	0.45648	1.86331
			*CONTROL_ROT_SAMPLE 4608	-0.756308	0.46864	0.45648	1.86331
			*CONTROL_ROT_SAMPLE 4800	-0.756308	0.46864	0.45648	1.86331
			*CONTROL_ROT_SAMPLE 4992	-0.756308	0.46864	0.45648	1.86331
		}
	}
}
*HELPEROBJECT {
	*NODE_NAME "Bip01 R Thigh"
	*NODE_PARENT "Bip01 Pelvis"
	*NODE_TM {
		*NODE_NAME "Bip01 R Thigh"
		*TM_ROW0 -0.198965	-0.217514	-0.955563
		*TM_ROW1 -0.0453361	-0.971971	0.230689
		*TM_ROW2 -0.978957	0.0892204	0.183527
		*TM_ROW3 -28.5789	7.88837	92.0506
		*TM_POS -28.5789	7.88837	92.0506
		*TM_ROTAXIS 0.631367	-0.104408	-0.768423
		*TM_ROTANGLE 3.25386
		*TM_SCALE 1	1	1
		*TM_SCALEAXIS 0	0	0
		*TM_SCALEAXISANG 0	0	0
	}
	*TM_ANIMATION {
		*NODE_NAME "Bip01 R Thigh"
		*CONTROL_POS_TRACK {
			*CONTROL_POS_SAMPLE 192	-29.5977	6.44637	92.9384
			*CONTROL_POS_SAMPLE 384	-28.5789	7.88837	92.0506
			*CONTROL_POS_SAMPLE 576	-26.8142	8.73642	92.0643
			*CONTROL_POS_SAMPLE 768	-24.441	9.09488	92.3124
			*CONTROL_POS_SAMPLE 960	-21.5964	9.06808	92.1275
			*CONTROL_POS_SAMPLE 1152	-18.4177	8.76039	91.3852
			*CONTROL_POS_SAMPLE 1344	-15.031	8.26089	90.4986
			*CONTROL_POS_SAMPLE 1536	-11.5846	7.6892	89.5186
			*CONTROL_POS_SAMPLE 1728	-8.21606	7.14966	88.531
			*CONTROL_POS_SAMPLE 1920	-5.06246	6.74662	87.6221
			*CONTROL_POS_SAMPLE 2112	-2.26109	6.58445	86.8779
			*CONTROL_POS_SAMPLE 2304	-1.27148	6.42889	87.6642
			*CONTROL_POS_SAMPLE 2496	2.7848	6.39444	88.5424
			*CONTROL_POS_SAMPLE 2688	7.05125	6.36594	89.4561
			*CONTROL_POS_SAMPLE 2880	11.4569	6.34205	90.3591
			*CONTROL_POS_SAMPLE 3072	15.8959	6.36963	91.1498
			*CONTROL_POS_SAMPLE 3264	20.3323	6.39923	91.8377
			*CONTROL_POS_SAMPLE 3456	24.6952	6.42952	92.3222
			*CONTROL_POS_SAMPLE 3648	28.9136	6.45916	92.6067
			*CONTROL_POS_SAMPLE 3840	32.9168	6.48681	92.8007
			*CONTROL_POS_SAMPLE 4032	35.2168	6.48855	92.9819
			*CONTROL_POS_SAMPLE 4224	37.5805	6.49067	92.8343
			*CONTROL_POS_SAMPLE 4416	42.4527	6.49102	92.1449
			*CONTROL_POS_SAMPLE 4608	48.0738	6.49084	91.2537
			*CONTROL_POS_SAMPLE 4800	53.0013	6.49067	90.6144
			*CONTROL_POS_SAMPLE 4992	53.9796	6.49067	91.386
		}
		*CONTROL_ROT_TRACK {
			*CONTROL_ROT_SAMPLE 192	0.653718	-0.0570453	-0.754585	3.30498
			*CONTROL_ROT_SAMPLE 384	0.631367	-0.104408	-0.768423	3.25386
			*CONTROL_ROT_SAMPLE 576	0.624221	-0.102075	-0.774551	3.23827
			*CONTROL_ROT_SAMPLE 768	0.618001	-0.0875908	-0.781283	3.22696
			*CONTROL_ROT_SAMPLE 960	0.606026	-0.0777893	-0.791632	3.22132
			*CONTROL_ROT_SAMPLE 1152	0.590207	-0.0680006	-0.804383	3.22001
			*CONTROL_ROT_SAMPLE 1344	0.572777	-0.0541202	-0.817923	3.21085
			*CONTROL_ROT_SAMPLE 1536	0.555045	-0.0379201	-0.830955	3.19499
			*CONTROL_ROT_SAMPLE 1728	0.538422	-0.0213128	-0.842406	3.17561
			*CONTROL_ROT_SAMPLE 1920	0.524375	-0.00772758	-0.851452	3.16176
			*CONTROL_ROT_SAMPLE 2112	0.514555	-0.00228959	-0.857454	3.16953
			*CONTROL_ROT_SAMPLE 2304	0.519348	0.000544395	-0.854563	3.17577
			*CONTROL_ROT_SAMPLE 2496	0.51856	0.00315462	-0.855036	3.18775
			*CONTROL_ROT_SAMPLE 2688	0.526757	-0.0186369	-0.849812	3.27212
			*CONTROL_ROT_SAMPLE 2880	0.541124	-0.0418882	-0.839899	3.348
			*CONTROL_ROT_SAMPLE 3072	0.558213	-0.0610883	-0.827446	3.38814
			*CONTROL_ROT_SAMPLE 3264	0.577097	-0.0755456	-0.813174	3.39706
			*CONTROL_ROT_SAMPLE 3456	0.598316	-0.0902279	-0.796164	3.39484
			*CONTROL_ROT_SAMPLE 3648	0.621059	-0.104351	-0.776786	3.3821
			*CONTROL_ROT_SAMPLE 3840	0.644842	-0.116122	-0.755443	3.35794
			*CONTROL_ROT_SAMPLE 4032	0.675521	-0.12561	-0.726563	3.32242
			*CONTROL_ROT_SAMPLE 4224	-0.704211	0.130484	0.697898	2.99951
			*CONTROL_ROT_SAMPLE 4416	0.683245	-0.132287	-0.718106	3.31335
			*CONTROL_ROT_SAMPLE 4608	0.658488	-0.130393	-0.741209	3.34149
			*CONTROL_ROT_SAMPLE 4800	0.636651	-0.123726	-0.761162	3.3556
			*CONTROL_ROT_SAMPLE 4992	0.633823	-0.114123	-0.765013	3.33715
		}
	}
}
*HELPEROBJECT {
	*NODE_NAME "Bip01 R Calf"
	*NODE_PARENT "Bip01 R Thigh"
	*NODE_TM {
		*NODE_NAME "Bip01 R Calf"
		*TM_ROW0 -0.127045	0.437332	-0.890281
		*TM_ROW1 -0.159693	-0.894863	-0.416794
		*TM_ROW2 -0.978957	0.0892204	0.183527
		*TM_ROW3 -36.4072	-0.669677	54.4541
		*TM_POS -36.4072	-0.669677	54.4541
		*TM_ROTAXIS 0.642456	0.112587	-0.758007
		*TM_ROTANGLE 2.73682
		*TM_SCALE 1	1	1
		*TM_SCALEAXIS 0	0	0
		*TM_SCALEAXISANG 0	0	0
	}
	*TM_ANIMATION {
		*NODE_NAME "Bip01 R Calf"
		*CONTROL_POS_TRACK {
			*CONTROL_POS_SAMPLE 192	-35.0147	-1.29766	54.7454
			*CONTROL_POS_SAMPLE 384	-36.4072	-0.669677	54.4541
			*CONTROL_POS_SAMPLE 576	-35.3853	0.792757	54.4951
			*CONTROL_POS_SAMPLE 768	-33.6437	2.22212	54.6814
			*CONTROL_POS_SAMPLE 960	-31.962	2.88363	54.6799
			*CONTROL_POS_SAMPLE 1152	-30.2727	3.12797	54.294
			*CONTROL_POS_SAMPLE 1344	-28.4964	3.59743	53.8251
			*CONTROL_POS_SAMPLE 1536	-26.6483	4.2893	53.331
			*CONTROL_POS_SAMPLE 1728	-24.7327	5.11959	52.8786
			*CONTROL_POS_SAMPLE 1920	-22.7643	5.75233	52.4984
			*CONTROL_POS_SAMPLE 2112	-20.7602	5.54946	52.1687
			*CONTROL_POS_SAMPLE 2304	-19.3752	5.30213	52.7499
			*CONTROL_POS_SAMPLE 2496	-15.3694	4.97092	53.6653
			*CONTROL_POS_SAMPLE 2688	-10.2175	1.24479	54.4764
			*CONTROL_POS_SAMPLE 2880	-4.25581	-2.19519	55.3128
			*CONTROL_POS_SAMPLE 3072	1.88988	-4.21858	55.9398
			*CONTROL_POS_SAMPLE 3264	8.04594	-5.06054	56.2605
			*CONTROL_POS_SAMPLE 3456	14.3255	-5.59924	56.3251
			*CONTROL_POS_SAMPLE 3648	20.6162	-5.84699	56.1687
			*CONTROL_POS_SAMPLE 3840	26.8286	-5.71739	55.8953
			*CONTROL_POS_SAMPLE 4032	32.1291	-5.27501	55.564
			*CONTROL_POS_SAMPLE 4224	37.4587	-4.59191	55.0828
			*CONTROL_POS_SAMPLE 4416	40.1508	-5.39803	54.7101
			*CONTROL_POS_SAMPLE 4608	43.2931	-5.98923	54.2482
			*CONTROL_POS_SAMPLE 4800	46.085	-5.99718	53.9506
			*CONTROL_POS_SAMPLE 4992	46.6956	-4.99568	54.4669
		}
		*CONTROL_ROT_TRACK {
			*CONTROL_ROT_SAMPLE 192	0.644399	0.154344	-0.748952	2.81881
			*CONTROL_ROT_SAMPLE 384	0.642456	0.112587	-0.758007	2.73682
			*CONTROL_ROT_SAMPLE 576	0.636419	0.105881	-0.764042	2.73336
			*CONTROL_ROT_SAMPLE 768	0.627098	0.103839	-0.771988	2.7519
			*CONTROL_ROT_SAMPLE 960	0.613442	0.0990353	-0.783506	2.76691
			*CONTROL_ROT_SAMPLE 1152	0.595827	0.0968913	-0.797247	2.77707
			*CONTROL_ROT_SAMPLE 1344	0.576218	0.0937414	-0.811902	2.7937
			*CONTROL_ROT_SAMPLE 1536	0.556377	0.0899058	-0.826052	2.81597
			*CONTROL_ROT_SAMPLE 1728	0.538017	0.0861802	-0.838517	2.8418
			*CONTROL_ROT_SAMPLE 1920	0.522712	0.0844264	-0.848319	2.86431
			*CONTROL_ROT_SAMPLE 2112	0.511788	0.0877502	-0.854619	2.87098
			*CONTROL_ROT_SAMPLE 2304	0.515748	0.0918528	-0.851802	2.87661
			*CONTROL_ROT_SAMPLE 2496	0.513875	0.0965925	-0.85241	2.88066
			*CONTROL_ROT_SAMPLE 2688	0.518796	0.120998	-0.846292	2.82277
			*CONTROL_ROT_SAMPLE 2880	0.529852	0.145093	-0.835586	2.76902
			*CONTROL_ROT_SAMPLE 3072	0.546107	0.159286	-0.822433	2.73739
			*CONTROL_ROT_SAMPLE 3264	0.566616	0.164712	-0.807351	2.72439
			*CONTROL_ROT_SAMPLE 3456	0.59079	0.167776	-0.789188	2.71505
			*CONTROL_ROT_SAMPLE 3648	0.617548	0.168519	-0.768268	2.70905
			*CONTROL_ROT_SAMPLE 3840	0.645925	0.166324	-0.745062	2.70804
			*CONTROL_ROT_SAMPLE 4032	0.680893	0.16354	-0.71389	2.71372
			*CONTROL_ROT_SAMPLE 4224	-0.712755	-0.159174	0.683114	3.55997
			*CONTROL_ROT_SAMPLE 4416	0.691073	0.163002	-0.704165	2.70739
			*CONTROL_ROT_SAMPLE 4608	0.665067	0.164178	-0.728513	2.69368
			*CONTROL_ROT_SAMPLE 4800	0.641806	0.160813	-0.749816	2.69003
			*CONTROL_ROT_SAMPLE 4992	0.638478	0.152189	-0.754443	2.70712
		}
	}
}
*HELPEROBJECT {
	*NODE_NAME "Bip01 R Foot"
	*NODE_PARENT "Bip01 R Calf"
	*NODE_TM {
		*NODE_NAME "Bip01 R Foot"
