*3DSMAX_ASCIIEXPORT	110
*COMMENT "This file is part of Gothic Free Aim Copyright (C) 2016-2018  mud-freak (@szapp)"
*COMMENT "<http://github.com/szapp/GothicFreeAim>"
*COMMENT "Animations: first iteration"
*SCENE {
	*SCENE_FILENAME "bowIK_frontRight.max"
	*SCENE_FIRSTFRAME 1
	*SCENE_LASTFRAME 26
	*SCENE_FRAMESPEED 25
	*SCENE_TICKSPERFRAME 192
	*SCENE_BACKGROUND_STATIC 0	0	0
	*SCENE_AMBIENT_STATIC 0.2	0.2	0.2
}
*HELPEROBJECT {
	*NODE_NAME "Bip01"
	*NODE_TM {
		*NODE_NAME "Bip01"
		*TM_ROW0 -0.836419	-0.547972	0.0113689
		*TM_ROW1 0.547171	-0.836037	-0.040567
		*TM_ROW2 0.0317344	-0.0277103	0.999112
		*TM_ROW3 -0.0496109	8.30836	93.7967
		*TM_POS -0.0496109	8.30836	93.7967
		*TM_ROTAXIS -0.0117369	0.0185917	-0.999758
		*TM_ROTANGLE 3.72121
		*TM_SCALE 1	1	1
		*TM_SCALEAXIS 0	0	0
		*TM_SCALEAXISANG 0	0	0
	}
	*TM_ANIMATION {
		*NODE_NAME "Bip01"
		*CONTROL_POS_TRACK {
			*CONTROL_POS_SAMPLE 192	-0.0496109	8.30836	93.7967
			*CONTROL_POS_SAMPLE 384	-1.67354	4.29399	91.2086
			*CONTROL_POS_SAMPLE 576	-3.10334	0.279624	89.8633
			*CONTROL_POS_SAMPLE 768	-4.45549	-3.73474	88.8653
			*CONTROL_POS_SAMPLE 960	-5.84647	-7.74911	88.0049
			*CONTROL_POS_SAMPLE 1152	-7.39274	-11.7635	86.6452
			*CONTROL_POS_SAMPLE 1344	-9.2108	-15.7778	85.0791
			*CONTROL_POS_SAMPLE 1536	-11.4171	-19.7922	83.5578
			*CONTROL_POS_SAMPLE 1728	-14.1282	-23.8066	82.3324
			*CONTROL_POS_SAMPLE 1920	-17.1972	-27.821	81.6543
			*CONTROL_POS_SAMPLE 2112	-20.3916	-31.8353	82.2785
			*CONTROL_POS_SAMPLE 2304	-23.6994	-35.8497	83.9575
			*CONTROL_POS_SAMPLE 2496	-27.1082	-39.8641	85.4383
			*CONTROL_POS_SAMPLE 2688	-30.6062	-43.8784	86.4032
			*CONTROL_POS_SAMPLE 2880	-34.1809	-47.8928	87.1699
			*CONTROL_POS_SAMPLE 3072	-37.8204	-51.9072	87.4382
			*CONTROL_POS_SAMPLE 3264	-41.5126	-55.9215	87.09
			*CONTROL_POS_SAMPLE 3456	-45.2452	-59.9359	86.385
			*CONTROL_POS_SAMPLE 3648	-49.0061	-63.9503	85.5892
			*CONTROL_POS_SAMPLE 3840	-52.7832	-67.9647	84.969
			*CONTROL_POS_SAMPLE 4032	-56.5643	-71.979	84.7905
			*CONTROL_POS_SAMPLE 4224	-60.3373	-75.9934	85.3082
			*CONTROL_POS_SAMPLE 4416	-64.0901	-80.0078	86.3589
			*CONTROL_POS_SAMPLE 4608	-67.8106	-84.0221	87.5824
			*CONTROL_POS_SAMPLE 4800	-71.4865	-88.0365	88.6185
			*CONTROL_POS_SAMPLE 4992	-75.1058	-92.0509	88.9019
		}
		*CONTROL_ROT_TRACK {
			*CONTROL_ROT_SAMPLE 192	-0.0117369	0.0185917	-0.999758	3.72121
			*CONTROL_ROT_SAMPLE 384	-0.0117369	0.0185917	-0.999758	3.72121
			*CONTROL_ROT_SAMPLE 576	-0.0117369	0.0185917	-0.999758	3.72121
			*CONTROL_ROT_SAMPLE 768	-0.0117369	0.0185917	-0.999758	3.72121
			*CONTROL_ROT_SAMPLE 960	-0.0117369	0.0185917	-0.999758	3.72121
			*CONTROL_ROT_SAMPLE 1152	-0.0117369	0.0185917	-0.999758	3.72121
			*CONTROL_ROT_SAMPLE 1344	-0.0117369	0.0185917	-0.999758	3.72121
			*CONTROL_ROT_SAMPLE 1536	-0.0117369	0.0185917	-0.999758	3.72121
			*CONTROL_ROT_SAMPLE 1728	-0.0117369	0.0185917	-0.999758	3.72121
			*CONTROL_ROT_SAMPLE 1920	-0.0117369	0.0185917	-0.999758	3.72121
			*CONTROL_ROT_SAMPLE 2112	-0.0117369	0.0185917	-0.999758	3.72121
			*CONTROL_ROT_SAMPLE 2304	-0.0117369	0.0185917	-0.999758	3.72121
			*CONTROL_ROT_SAMPLE 2496	-0.0117369	0.0185917	-0.999758	3.72121
			*CONTROL_ROT_SAMPLE 2688	-0.0117369	0.0185917	-0.999758	3.72121
			*CONTROL_ROT_SAMPLE 2880	-0.0117369	0.0185917	-0.999758	3.72121
			*CONTROL_ROT_SAMPLE 3072	-0.0117369	0.0185917	-0.999758	3.72121
			*CONTROL_ROT_SAMPLE 3264	-0.0117369	0.0185917	-0.999758	3.72121
			*CONTROL_ROT_SAMPLE 3456	-0.0117369	0.0185917	-0.999758	3.72121
			*CONTROL_ROT_SAMPLE 3648	-0.0117369	0.0185917	-0.999758	3.72121
			*CONTROL_ROT_SAMPLE 3840	-0.0117369	0.0185917	-0.999758	3.72121
			*CONTROL_ROT_SAMPLE 4032	-0.0117369	0.0185917	-0.999758	3.72121
			*CONTROL_ROT_SAMPLE 4224	-0.0117369	0.0185917	-0.999758	3.72121
			*CONTROL_ROT_SAMPLE 4416	-0.0117369	0.0185917	-0.999758	3.72121
			*CONTROL_ROT_SAMPLE 4608	-0.0117369	0.0185917	-0.999758	3.72121
			*CONTROL_ROT_SAMPLE 4800	-0.0117369	0.0185917	-0.999758	3.72121
			*CONTROL_ROT_SAMPLE 4992	-0.0117369	0.0185917	-0.999758	3.72121
		}
	}
}
*HELPEROBJECT {
	*NODE_NAME "Bip01 Footsteps"
	*NODE_PARENT "Bip01"
	*NODE_TM {
		*NODE_NAME "Bip01 Footsteps"
		*TM_ROW0 1	0	0
		*TM_ROW1 0	1	0
		*TM_ROW2 0	0	1
		*TM_ROW3 -0.0496109	8.30836	-1.14188
		*TM_POS -0.0496109	8.30836	-1.14188
		*TM_ROTAXIS 0	0	0
		*TM_ROTANGLE 0
		*TM_SCALE 1	1	1
		*TM_SCALEAXIS 0	0	0
		*TM_SCALEAXISANG 0	0	0
	}
}
*HELPEROBJECT {
	*NODE_NAME "Bip01 Pelvis"
	*NODE_PARENT "Bip01"
	*NODE_TM {
		*NODE_NAME "Bip01 Pelvis"
		*TM_ROW0 0.0317337	-0.0277091	0.999112
		*TM_ROW1 -0.836418	-0.547974	0.0113689
		*TM_ROW2 0.547172	-0.836037	-0.0405656
		*TM_ROW3 2.29814	8.78044	93.7352
		*TM_POS 2.29814	8.78044	93.7352
		*TM_ROTAXIS -0.674938	0.35996	-0.644118
		*TM_ROTANGLE 2.46291
		*TM_SCALE 1	1	1
		*TM_SCALEAXIS 0	0	0
		*TM_SCALEAXISANG 0	0	0
	}
	*TM_ANIMATION {
		*NODE_NAME "Bip01 Pelvis"
		*CONTROL_POS_TRACK {
			*CONTROL_POS_SAMPLE 192	2.29814	8.78044	93.7352
			*CONTROL_POS_SAMPLE 384	0.674214	4.76607	91.1472
			*CONTROL_POS_SAMPLE 576	-0.755587	0.751699	89.8018
			*CONTROL_POS_SAMPLE 768	-2.10774	-3.26267	88.8038
			*CONTROL_POS_SAMPLE 960	-3.49871	-7.27704	87.9434
			*CONTROL_POS_SAMPLE 1152	-5.04499	-11.2914	86.5837
			*CONTROL_POS_SAMPLE 1344	-6.86305	-15.3058	85.0176
			*CONTROL_POS_SAMPLE 1536	-9.06937	-19.3201	83.4963
			*CONTROL_POS_SAMPLE 1728	-11.7804	-23.3345	82.2709
			*CONTROL_POS_SAMPLE 1920	-14.8494	-27.3489	81.5928
			*CONTROL_POS_SAMPLE 2112	-18.0439	-31.3633	82.217
			*CONTROL_POS_SAMPLE 2304	-21.3516	-35.3776	83.896
			*CONTROL_POS_SAMPLE 2496	-24.7605	-39.392	85.3768
			*CONTROL_POS_SAMPLE 2688	-28.2584	-43.4064	86.3417
			*CONTROL_POS_SAMPLE 2880	-31.8332	-47.4207	87.1084
			*CONTROL_POS_SAMPLE 3072	-35.4727	-51.4351	87.3767
			*CONTROL_POS_SAMPLE 3264	-39.1648	-55.4495	87.0286
			*CONTROL_POS_SAMPLE 3456	-42.8974	-59.4638	86.3235
			*CONTROL_POS_SAMPLE 3648	-46.6583	-63.4782	85.5277
			*CONTROL_POS_SAMPLE 3840	-50.4354	-67.4926	84.9075
			*CONTROL_POS_SAMPLE 4032	-54.2165	-71.5069	84.729
			*CONTROL_POS_SAMPLE 4224	-57.9896	-75.5213	85.2467
			*CONTROL_POS_SAMPLE 4416	-61.7424	-79.5357	86.2974
			*CONTROL_POS_SAMPLE 4608	-65.4628	-83.55	87.5209
			*CONTROL_POS_SAMPLE 4800	-69.1388	-87.5644	88.557
			*CONTROL_POS_SAMPLE 4992	-72.758	-91.5788	88.8404
		}
		*CONTROL_ROT_TRACK {
			*CONTROL_ROT_SAMPLE 192	-0.674938	0.35996	-0.644118	2.46291
			*CONTROL_ROT_SAMPLE 384	-0.674938	0.35996	-0.644118	2.46291
			*CONTROL_ROT_SAMPLE 576	-0.674938	0.35996	-0.644118	2.46291
			*CONTROL_ROT_SAMPLE 768	-0.674938	0.35996	-0.644118	2.46291
			*CONTROL_ROT_SAMPLE 960	-0.674938	0.35996	-0.644118	2.46291
			*CONTROL_ROT_SAMPLE 1152	-0.674938	0.35996	-0.644118	2.46291
			*CONTROL_ROT_SAMPLE 1344	-0.674938	0.35996	-0.644118	2.46291
			*CONTROL_ROT_SAMPLE 1536	-0.674938	0.35996	-0.644118	2.46291
			*CONTROL_ROT_SAMPLE 1728	-0.674938	0.35996	-0.644118	2.46291
			*CONTROL_ROT_SAMPLE 1920	-0.674938	0.35996	-0.644118	2.46291
			*CONTROL_ROT_SAMPLE 2112	-0.674938	0.35996	-0.644118	2.46291
			*CONTROL_ROT_SAMPLE 2304	-0.674938	0.35996	-0.644118	2.46291
			*CONTROL_ROT_SAMPLE 2496	-0.674938	0.35996	-0.644118	2.46291
			*CONTROL_ROT_SAMPLE 2688	-0.674938	0.35996	-0.644118	2.46291
			*CONTROL_ROT_SAMPLE 2880	-0.674938	0.35996	-0.644118	2.46291
			*CONTROL_ROT_SAMPLE 3072	-0.674938	0.35996	-0.644118	2.46291
			*CONTROL_ROT_SAMPLE 3264	-0.674938	0.35996	-0.644118	2.46291
			*CONTROL_ROT_SAMPLE 3456	-0.674938	0.35996	-0.644118	2.46291
			*CONTROL_ROT_SAMPLE 3648	-0.674938	0.35996	-0.644118	2.46291
			*CONTROL_ROT_SAMPLE 3840	-0.674938	0.35996	-0.644118	2.46291
			*CONTROL_ROT_SAMPLE 4032	-0.674938	0.35996	-0.644118	2.46291
			*CONTROL_ROT_SAMPLE 4224	-0.674938	0.35996	-0.644118	2.46291
			*CONTROL_ROT_SAMPLE 4416	-0.674938	0.35996	-0.644118	2.46291
			*CONTROL_ROT_SAMPLE 4608	-0.674938	0.35996	-0.644118	2.46291
			*CONTROL_ROT_SAMPLE 4800	-0.674938	0.35996	-0.644118	2.46291
			*CONTROL_ROT_SAMPLE 4992	-0.674938	0.35996	-0.644118	2.46291
		}
	}
}
*HELPEROBJECT {
	*NODE_NAME "Bip01 Spine"
	*NODE_PARENT "Bip01 Pelvis"
	*NODE_TM {
		*NODE_NAME "Bip01 Spine"
		*TM_ROW0 -0.0267009	-0.065869	0.997471
		*TM_ROW1 -0.836597	-0.544701	-0.0583644
		*TM_ROW2 0.547168	-0.836039	-0.0405617
		*TM_ROW3 2.44888	8.76274	96.1329
		*TM_POS 2.44888	8.76274	96.1329
		*TM_ROTAXIS -0.656887	0.380362	-0.651018
		*TM_ROTANGLE 2.50813
		*TM_SCALE 1	1	1
		*TM_SCALEAXIS 0	0	0
		*TM_SCALEAXISANG 0	0	0
	}
}
*HELPEROBJECT {
	*NODE_NAME "Bip01 Spine1"
	*NODE_PARENT "Bip01 Spine"
	*NODE_TM {
		*NODE_NAME "Bip01 Spine1"
		*TM_ROW0 -0.039078	-0.0785962	0.99614
		*TM_ROW1 -0.938651	-0.338959	-0.0635668
		*TM_ROW2 0.342647	-0.937512	-0.0605285
		*TM_ROW3 2.19604	8.11889	105.936
		*TM_POS 2.19604	8.11889	105.936
		*TM_ROTAXIS -0.628994	0.47033	-0.618996
		*TM_ROTANGLE 2.37357
		*TM_SCALE 1	1	1
		*TM_SCALEAXIS 0	0	0
		*TM_SCALEAXISANG 0	0	0
	}
}
*HELPEROBJECT {
	*NODE_NAME "Bip01 Spine2"
	*NODE_PARENT "Bip01 Spine1"
	*NODE_TM {
		*NODE_NAME "Bip01 Spine2"
		*TM_ROW0 -0.130741	0.0235049	0.991138
		*TM_ROW1 -0.984898	-0.117536	-0.12713
		*TM_ROW2 0.113506	-0.99279	0.0385166
		*TM_ROW3 1.71976	7.11646	118.679
		*TM_POS 1.71976	7.11646	118.679
		*TM_ROTAXIS -0.54354	0.551057	-0.633167
		*TM_ROTANGLE 2.22041
		*TM_SCALE 1	1	1
		*TM_SCALEAXIS 0	0	0
		*TM_SCALEAXISANG 0	0	0
	}
}
*HELPEROBJECT {
	*NODE_NAME "Bip01 Neck"
	*NODE_PARENT "Bip01 Spine2"
	*NODE_TM {
		*NODE_NAME "Bip01 Neck"
		*TM_ROW0 -0.418375	-0.324523	0.84832
		*TM_ROW1 -0.131855	-0.902396	-0.410238
		*TM_ROW2 0.898653	-0.283489	0.33475
		*TM_ROW3 -2.19966	7.82615	148.4
		*TM_POS -2.19966	7.82615	148.4
		*TM_ROTAXIS -0.536959	0.213228	-0.816216
		*TM_ROTANGLE 3.25989
		*TM_SCALE 1	1	1
		*TM_SCALEAXIS 0	0	0
		*TM_SCALEAXISANG 0	0	0
	}
}
*HELPEROBJECT {
	*NODE_NAME "Bip01 Head"
	*NODE_PARENT "Bip01 Neck"
	*NODE_TM {
		*NODE_NAME "Bip01 Head"
		*TM_ROW0 -0.478393	0.0242117	0.877812
		*TM_ROW1 0.329045	-0.92185	0.20475
		*TM_ROW2 0.814168	0.386791	0.43304
		*TM_ROW3 -5.06102	5.60666	154.202
		*TM_POS -5.06102	5.60666	154.202
		*TM_ROTAXIS -0.504671	-0.17644	-0.84509
		*TM_ROTANGLE 3.32294
		*TM_SCALE 1	1	1
		*TM_SCALEAXIS 0	0	0
		*TM_SCALEAXISANG 0	0	0
	}
}
*HELPEROBJECT {
	*NODE_NAME "zs_Helmet"
	*NODE_PARENT "Bip01 Head"
	*NODE_TM {
		*NODE_NAME "zs_Helmet"
		*TM_ROW0 0.814168	0.386792	0.43304
		*TM_ROW1 -0.290497	0.917108	-0.272991
		*TM_ROW2 -0.502735	0.0964637	0.859042
		*TM_ROW3 -116.082	-54.0937	416.26
		*TM_POS -116.082	-54.0937	416.26
		*TM_ROTAXIS 0.304629	0.77158	-0.558449
		*TM_ROTANGLE 0.651527
		*TM_SCALE 1	1	1
		*TM_SCALEAXIS 0	0	0
		*TM_SCALEAXISANG 0	0	0
	}
}
*HELPEROBJECT {
	*NODE_NAME "Bip01 L Clavicle"
	*NODE_PARENT "Bip01 Neck"
	*NODE_TM {
		*NODE_NAME "Bip01 L Clavicle"
		*TM_ROW0 0.343247	-0.887333	0.307932
		*TM_ROW1 0.913452	0.391675	0.110434
		*TM_ROW2 -0.2186	0.243375	0.944977
		*TM_ROW3 1.83974	0.0790369	143.699
		*TM_POS 1.83974	0.0790369	143.699
		*TM_ROTAXIS 0.0706802	0.279938	0.957413
		*TM_ROTANGLE 1.22393
		*TM_SCALE 1	1	1
		*TM_SCALEAXIS 0	0	0
		*TM_SCALEAXISANG 0	0	0
	}
}
*HELPEROBJECT {
	*NODE_NAME "Bip01 L UpperArm"
	*NODE_PARENT "Bip01 L Clavicle"
	*NODE_TM {
		*NODE_NAME "Bip01 L UpperArm"
		*TM_ROW0 0.105933	-0.994218	0.0175471
		*TM_ROW1 0.979278	0.101245	-0.175398
		*TM_ROW2 0.172607	0.0357638	0.984341
		*TM_ROW3 6.41386	-11.7456	147.803
		*TM_POS 6.41386	-11.7456	147.803
		*TM_ROTAXIS 0.106068	-0.077888	0.991304
		*TM_ROTANGLE 1.47489
		*TM_SCALE 1	1	1
		*TM_SCALEAXIS 0	0	0
		*TM_SCALEAXISANG 0	0	0
	}
}
*HELPEROBJECT {
	*NODE_NAME "Bip01 L Forearm"
	*NODE_PARENT "Bip01 L UpperArm"
	*NODE_TM {
		*NODE_NAME "Bip01 L Forearm"
		*TM_ROW0 0.0537749	-0.998192	0.0268375
		*TM_ROW1 0.983522	0.0483005	-0.174218
		*TM_ROW2 0.172607	0.0357638	0.984341
		*TM_ROW3 9.37003	-39.4904	148.292
		*TM_POS 9.37003	-39.4904	148.292
		*TM_ROTAXIS 0.105089	-0.072953	0.991783
		*TM_ROTANGLE 1.52757
		*TM_SCALE 1	1	1
		*TM_SCALEAXIS 0	0	0
		*TM_SCALEAXISANG 0	0	0
	}
}
*HELPEROBJECT {
	*NODE_NAME "Bip01 L Hand"
	*NODE_PARENT "Bip01 L Forearm"
	*NODE_TM {
		*NODE_NAME "Bip01 L Hand"
		*TM_ROW0 0.299205	-0.932532	0.202137
		*TM_ROW1 -0.893023	-0.348296	-0.284957
		*TM_ROW2 0.336135	-0.0952527	-0.936984
		*TM_ROW3 10.8658	-67.2565	149.039
		*TM_POS 10.8658	-67.2565	149.039
		*TM_ROTAXIS -0.80522	0.568768	-0.167704
		*TM_ROTANGLE 3.25966
		*TM_SCALE 1	1	1
		*TM_SCALEAXIS 0	0	0
		*TM_SCALEAXISANG 0	0	0
	}
}
*HELPEROBJECT {
	*NODE_NAME "Bip01 L Finger0"
	*NODE_PARENT "Bip01 L Hand"
	*NODE_TM {
		*NODE_NAME "Bip01 L Finger0"
		*TM_ROW0 0.299204	-0.932533	0.202136
		*TM_ROW1 -0.893279	-0.348222	-0.284242
		*TM_ROW2 0.335453	-0.0955175	-0.937202
		*TM_ROW3 14.7166	-79.258	151.64
		*TM_POS 14.7166	-79.258	151.64
		*TM_ROTAXIS -0.805227	0.568822	-0.167483
		*TM_ROTANGLE 3.25905
		*TM_SCALE 1	1	1
		*TM_SCALEAXIS 0	0	0
		*TM_SCALEAXISANG 0	0	0
	}
}
*HELPEROBJECT {
	*NODE_NAME "zs_LeftHand"
	*NODE_PARENT "Bip01 L Hand"
	*NODE_TM {
		*NODE_NAME "zs_LeftHand"
		*TM_ROW0 0.336753	0.0227545	-0.941318
		*TM_ROW1 0.415834	-0.90053	0.126994
		*TM_ROW2 -0.844796	-0.434198	-0.312718
		*TM_ROW3 -12.6718	-199.114	95.8644
		*TM_POS -12.6718	-199.114	95.8644
		*TM_ROTAXIS -0.811055	-0.139498	0.568093
		*TM_ROTANGLE 2.78833
		*TM_SCALE 1	1	1
		*TM_SCALEAXIS 0	0	0
		*TM_SCALEAXISANG 0	0	0
	}
}
*HELPEROBJECT {
	*NODE_NAME "zs_LeftArm"
	*NODE_PARENT "Bip01 L Forearm"
	*NODE_TM {
		*NODE_NAME "zs_LeftArm"
		*TM_ROW0 0.219087	-0.97558	-0.0156268
		*TM_ROW1 0.968635	0.219396	-0.116669
		*TM_ROW2 0.117249	0.0104241	0.993048
		*TM_ROW3 -140.669	-307.943	234.654
		*TM_POS -140.669	-307.943	234.654
		*TM_ROTAXIS 0.0650796	-0.0680404	0.995558
		*TM_ROTANGLE 1.35332
		*TM_SCALE 1	1	1
		*TM_SCALEAXIS 0	0	0
		*TM_SCALEAXISANG 0	0	0
	}
}
*HELPEROBJECT {
	*NODE_NAME "Bip01 R Clavicle"
	*NODE_PARENT "Bip01 Neck"
	*NODE_TM {
		*NODE_NAME "Bip01 R Clavicle"
		*TM_ROW0 -0.73824	0.59506	-0.317654
		*TM_ROW1 0.61029	0.78981	0.0612091
		*TM_ROW2 0.28731	-0.148674	-0.946229
		*TM_ROW3 0.031784	15.8922	143.086
		*TM_POS 0.031784	15.8922	143.086
		*TM_ROTAXIS -0.327677	-0.94449	0.0237776
		*TM_ROTANGLE 2.81559
		*TM_SCALE 1	1	1
		*TM_SCALEAXIS 0	0	0
		*TM_SCALEAXISANG 0	0	0
	}
}
*HELPEROBJECT {
	*NODE_NAME "Bip01 R UpperArm"
	*NODE_PARENT "Bip01 R Clavicle"
	*NODE_TM {
		*NODE_NAME "Bip01 R UpperArm"
		*TM_ROW0 -0.616576	-0.786162	-0.042222
		*TM_ROW1 -0.545953	0.465591	-0.696534
		*TM_ROW2 0.567247	-0.406415	-0.71628
		*TM_ROW3 -9.80601	23.822	138.853
		*TM_POS -9.80601	23.822	138.853
		*TM_ROTAXIS 0.404931	-0.850661	0.33527
		*TM_ROTANGLE 2.77522
		*TM_SCALE 1	1	1
		*TM_SCALEAXIS 0	0	0
		*TM_SCALEAXISANG 0	0	0
	}
}
*HELPEROBJECT {
	*NODE_NAME "Bip01 R Forearm"
	*NODE_PARENT "Bip01 R UpperArm"
	*NODE_TM {
		*NODE_NAME "Bip01 R Forearm"
		*TM_ROW0 0.61614	-0.367669	0.696557
		*TM_ROW1 -0.546445	-0.836449	0.0418496
		*TM_ROW2 0.567247	-0.406415	-0.71628
		*TM_ROW3 -27.0123	1.88313	137.674
		*TM_POS -27.0123	1.88313	137.674
		*TM_ROTAXIS -0.897206	0.258814	-0.357822
		*TM_ROTANGLE 2.88911
		*TM_SCALE 1	1	1
		*TM_SCALEAXIS 0	0	0
		*TM_SCALEAXISANG 0	0	0
	}
}
*HELPEROBJECT {
	*NODE_NAME "Bip01 R Hand"
	*NODE_PARENT "Bip01 R Forearm"
	*NODE_TM {
		*NODE_NAME "Bip01 R Hand"
		*TM_ROW0 0.42203	-0.900574	0.104197
		*TM_ROW1 0.0508362	-0.0912448	-0.99453
		*TM_ROW2 0.905155	0.425018	0.00727376
		*TM_ROW3 -9.87358	-8.34406	157.05
		*TM_POS -9.87358	-8.34406	157.05
		*TM_ROTAXIS 0.752165	-0.424398	0.504117
		*TM_ROTANGLE 1.90813
		*TM_SCALE 1	1	1
		*TM_SCALEAXIS 0	0	0
		*TM_SCALEAXISANG 0	0	0
	}
}
*HELPEROBJECT {
	*NODE_NAME "Bip01 R Finger0"
	*NODE_PARENT "Bip01 R Hand"
	*NODE_TM {
		*NODE_NAME "Bip01 R Finger0"
		*TM_ROW0 0.422028	-0.900575	0.104198
		*TM_ROW1 0.0515298	-0.0909203	-0.994524
		*TM_ROW2 0.905117	0.425087	0.00803546
		*TM_ROW3 -4.44212	-19.9343	158.391
		*TM_POS -4.44212	-19.9343	158.391
		*TM_ROTAXIS 0.752047	-0.424291	0.504383
		*TM_ROTANGLE 1.90755
		*TM_SCALE 1	1	1
		*TM_SCALEAXIS 0	0	0
		*TM_SCALEAXISANG 0	0	0
	}
}
*HELPEROBJECT {
	*NODE_NAME "zs_RightHand"
	*NODE_PARENT "Bip01 R Hand"
	*NODE_TM {
		*NODE_NAME "zs_RightHand"
		*TM_ROW0 -0.379853	0.920874	-0.0877655
		*TM_ROW1 -0.76956	-0.261933	0.582382
		*TM_ROW2 0.513312	0.288761	0.808164
		*TM_ROW3 191.202	-461.379	212.55
		*TM_POS 191.202	-461.379	212.55
		*TM_ROTAXIS -0.161509	-0.330628	-0.929839
		*TM_ROTANGLE 2.00073
		*TM_SCALE 1	1	1
		*TM_SCALEAXIS 0	0	0
		*TM_SCALEAXISANG 0	0	0
	}
}
*HELPEROBJECT {
	*NODE_NAME "zs_Crossbow"
	*NODE_PARENT "Bip01 Spine2"
	*NODE_TM {
		*NODE_NAME "zs_Crossbow"
		*TM_ROW0 -0.431687	0.381545	0.817355
		*TM_ROW1 0.0583802	0.916053	-0.396784
		*TM_ROW2 -0.900132	-0.123569	-0.417723
		*TM_ROW3 73.6922	398.288	1441.55
		*TM_POS 73.6922	398.288	1441.55
		*TM_ROTAXIS 0.154459	0.97096	-0.182697
		*TM_ROTANGLE 2.05633
		*TM_SCALE 1	1	1
		*TM_SCALEAXIS 0	0	0
		*TM_SCALEAXISANG 0	0	0
	}
}
*HELPEROBJECT {
	*NODE_NAME "zs_Longsword"
	*NODE_PARENT "Bip01 Spine2"
	*NODE_TM {
		*NODE_NAME "zs_Longsword"
		*TM_ROW0 -0.401259	0.48874	0.774677
		*TM_ROW1 0.138421	0.868392	-0.476166
		*TM_ROW2 -0.905445	-0.0838346	-0.416102
		*TM_ROW3 45.2388	470.008	1167.94
		*TM_POS 45.2388	470.008	1167.94
		*TM_ROTAXIS 0.222849	0.954329	-0.198985
		*TM_ROTANGLE 2.06517
		*TM_SCALE 1	1	1
		*TM_SCALEAXIS 0	0	0
		*TM_SCALEAXISANG 0	0	0
	}
}
*HELPEROBJECT {
	*NODE_NAME "zs_Shield"
	*NODE_PARENT "Bip01 Spine2"
	*NODE_TM {
		*NODE_NAME "zs_Shield"
		*TM_ROW0 0.419781	0.0186411	-0.907434
		*TM_ROW1 0.273907	0.950573	0.146237
		*TM_ROW2 0.865309	-0.30994	0.393926
		*TM_ROW3 395.99	-135.319	476.069
		*TM_POS 395.99	-135.319	476.069
		*TM_ROTAXIS -0.246821	-0.959168	0.138115
		*TM_ROTANGLE 1.17869
		*TM_SCALE 1	1	1
		*TM_SCALEAXIS 0	0	0
		*TM_SCALEAXISANG 0	0	0
	}
}
*HELPEROBJECT {
	*NODE_NAME "zs_Bow"
	*NODE_PARENT "Bip01 Spine2"
	*NODE_TM {
		*NODE_NAME "zs_Bow"
		*TM_ROW0 -0.179014	0.289407	0.940318
		*TM_ROW1 0.951959	0.292309	0.0912646
		*TM_ROW2 -0.248451	0.911482	-0.327831
		*TM_ROW3 514.267	145.7	163.746
		*TM_POS 514.267	145.7	163.746
		*TM_ROTAXIS -0.516186	-0.748127	-0.416963
		*TM_ROTANGLE 4.05977
		*TM_SCALE 1	1	1
		*TM_SCALEAXIS 0	0	0
		*TM_SCALEAXISANG 0	0	0
	}
}
*HELPEROBJECT {
	*NODE_NAME "zs_Sword"
	*NODE_PARENT "Bip01 Spine"
	*NODE_TM {
		*NODE_NAME "zs_Sword"
		*TM_ROW0 -0.32856	-0.258227	0.908497
		*TM_ROW1 0.769613	0.484386	0.416012
		*TM_ROW2 -0.547489	0.835876	0.0395848
		*TM_ROW3 234.747	-215.586	126.381
		*TM_POS 234.747	-215.586	126.381
		*TM_ROTAXIS 0.229306	0.795177	0.561348
		*TM_ROTANGLE 1.98482
		*TM_SCALE 1	1	1
		*TM_SCALEAXIS 0	0	0
		*TM_SCALEAXISANG 0	0	0
	}
}
*HELPEROBJECT {
	*NODE_NAME "Bip01 L Thigh"
	*NODE_PARENT "Bip01 Pelvis"
	*NODE_TM {
		*NODE_NAME "Bip01 L Thigh"
		*TM_ROW0 0.0529444	-0.355998	-0.932986
		*TM_ROW1 -0.168458	-0.92409	0.343044
		*TM_ROW2 -0.984286	0.139006	-0.108896
		*TM_ROW3 7.22827	1.24755	93.3697
		*TM_POS 7.22827	1.24755	93.3697
		*TM_ROTAXIS -0.723946	0.182018	0.665411
		*TM_ROTANGLE 3.0002
		*TM_SCALE 1	1	1
		*TM_SCALEAXIS 0	0	0
		*TM_SCALEAXISANG 0	0	0
	}
	*TM_ANIMATION {
		*NODE_NAME "Bip01 L Thigh"
		*CONTROL_POS_TRACK {
			*CONTROL_POS_SAMPLE 192	7.22827	1.24755	93.3697
			*CONTROL_POS_SAMPLE 384	5.60434	-2.76682	90.7817
			*CONTROL_POS_SAMPLE 576	4.17454	-6.78118	89.4363
			*CONTROL_POS_SAMPLE 768	2.82239	-10.7956	88.4383
			*CONTROL_POS_SAMPLE 960	1.43142	-14.8099	87.5779
			*CONTROL_POS_SAMPLE 1152	-0.114861	-18.8243	86.2182
			*CONTROL_POS_SAMPLE 1344	-1.93292	-22.8387	84.6521
			*CONTROL_POS_SAMPLE 1536	-4.13924	-26.853	83.1308
			*CONTROL_POS_SAMPLE 1728	-6.85029	-30.8674	81.9054
			*CONTROL_POS_SAMPLE 1920	-9.91931	-34.8818	81.2273
			*CONTROL_POS_SAMPLE 2112	-13.1138	-38.8961	81.8515
			*CONTROL_POS_SAMPLE 2304	-16.4215	-42.9105	83.5305
			*CONTROL_POS_SAMPLE 2496	-19.8304	-46.9249	85.0113
			*CONTROL_POS_SAMPLE 2688	-23.3283	-50.9392	85.9762
			*CONTROL_POS_SAMPLE 2880	-26.9031	-54.9536	86.7429
			*CONTROL_POS_SAMPLE 3072	-30.5426	-58.968	87.0112
			*CONTROL_POS_SAMPLE 3264	-34.2347	-62.9823	86.663
			*CONTROL_POS_SAMPLE 3456	-37.9673	-66.9967	85.958
			*CONTROL_POS_SAMPLE 3648	-41.7282	-71.0111	85.1622
			*CONTROL_POS_SAMPLE 3840	-45.5053	-75.0255	84.542
			*CONTROL_POS_SAMPLE 4032	-49.2864	-79.0398	84.3635
			*CONTROL_POS_SAMPLE 4224	-53.0594	-83.0542	84.8812
			*CONTROL_POS_SAMPLE 4416	-56.8123	-87.0686	85.9319
			*CONTROL_POS_SAMPLE 4608	-60.5327	-91.0829	87.1554
			*CONTROL_POS_SAMPLE 4800	-64.2086	-95.0973	88.1915
			*CONTROL_POS_SAMPLE 4992	-67.8279	-99.1117	88.4749
		}
		*CONTROL_ROT_TRACK {
			*CONTROL_ROT_SAMPLE 192	-0.723946	0.182018	0.665411	3.0002
			*CONTROL_ROT_SAMPLE 384	-0.745568	0.151285	0.649031	2.90634
			*CONTROL_ROT_SAMPLE 576	-0.760284	0.127769	0.636901	2.89675
			*CONTROL_ROT_SAMPLE 768	-0.769108	0.112753	0.629094	2.92787
			*CONTROL_ROT_SAMPLE 960	-0.775977	0.0980037	0.6231	2.97581
			*CONTROL_ROT_SAMPLE 1152	-0.785384	0.0800668	0.613809	3.01212
			*CONTROL_ROT_SAMPLE 1344	-0.794806	0.0617652	0.603712	3.05797
			*CONTROL_ROT_SAMPLE 1536	-0.802533	0.0447618	0.594926	3.12148
			*CONTROL_ROT_SAMPLE 1728	-0.810524	0.0245699	0.58519	3.1825
			*CONTROL_ROT_SAMPLE 1920	-0.804113	0.0893693	0.58772	3.07238
			*CONTROL_ROT_SAMPLE 2112	-0.791653	0.147673	0.592856	2.95938
			*CONTROL_ROT_SAMPLE 2304	-0.775726	0.187632	0.602531	2.86737
			*CONTROL_ROT_SAMPLE 2496	-0.759007	0.216456	0.614049	2.79181
			*CONTROL_ROT_SAMPLE 2688	-0.740886	0.244925	0.62538	2.71628
			*CONTROL_ROT_SAMPLE 2880	-0.72198	0.2699	0.637102	2.64625
			*CONTROL_ROT_SAMPLE 3072	-0.702682	0.292757	0.648484	2.58095
			*CONTROL_ROT_SAMPLE 3264	-0.683378	0.313891	0.659141	2.52044
			*CONTROL_ROT_SAMPLE 3456	0.665058	-0.330966	-0.669448	3.81368
			*CONTROL_ROT_SAMPLE 3648	0.65036	-0.331427	-0.683512	3.83607
			*CONTROL_ROT_SAMPLE 3840	0.643565	-0.311178	-0.69928	3.81728
			*CONTROL_ROT_SAMPLE 4032	0.644735	-0.287979	-0.708085	3.77719
			*CONTROL_ROT_SAMPLE 4224	0.658224	-0.279596	-0.698976	3.72831
			*CONTROL_ROT_SAMPLE 4416	0.679511	-0.268375	-0.682817	3.66114
			*CONTROL_ROT_SAMPLE 4608	-0.699417	0.248647	0.670068	2.69031
			*CONTROL_ROT_SAMPLE 4800	-0.718764	0.227257	0.657064	2.75881
			*CONTROL_ROT_SAMPLE 4992	-0.736109	0.209844	0.643513	2.82043
		}
	}
}
*HELPEROBJECT {
	*NODE_NAME "Bip01 L Calf"
	*NODE_PARENT "Bip01 L Thigh"
	*NODE_TM {
		*NODE_NAME "Bip01 L Calf"
		*TM_ROW0 0.147476	0.307948	-0.939904
		*TM_ROW1 -0.0971182	-0.941193	-0.323609
		*TM_ROW2 -0.984286	0.139006	-0.108896
		*TM_ROW3 9.31136	-12.7591	56.6615
		*TM_POS 9.31136	-12.7591	56.6615
		*TM_ROTAXIS -0.750401	-0.0719919	0.657051
		*TM_ROTANGLE 3.45494
		*TM_SCALE 1	1	1
		*TM_SCALEAXIS 0	0	0
		*TM_SCALEAXISANG 0	0	0
	}
	*TM_ANIMATION {
		*NODE_NAME "Bip01 L Calf"
		*CONTROL_POS_TRACK {
			*CONTROL_POS_SAMPLE 192	9.31136	-12.7591	56.6615
			*CONTROL_POS_SAMPLE 384	10.4822	-17.4724	54.6158
			*CONTROL_POS_SAMPLE 576	10.81	-20.3854	53.1195
			*CONTROL_POS_SAMPLE 768	10.3903	-22.7917	51.739
			*CONTROL_POS_SAMPLE 960	9.68349	-24.7989	50.4276
			*CONTROL_POS_SAMPLE 1152	9.20447	-26.8698	48.8493
			*CONTROL_POS_SAMPLE 1344	8.48247	-28.6787	47.163
			*CONTROL_POS_SAMPLE 1536	7.1996	-30.1502	45.5998
			*CONTROL_POS_SAMPLE 1728	5.51123	-31.4922	44.5582
			*CONTROL_POS_SAMPLE 1920	1.64974	-42.1291	44.3267
			*CONTROL_POS_SAMPLE 2112	-2.8995	-52.246	46.2781
			*CONTROL_POS_SAMPLE 2304	-7.82933	-60.5695	49.4373
			*CONTROL_POS_SAMPLE 2496	-12.8329	-67.7408	52.3655
			*CONTROL_POS_SAMPLE 2688	-17.8982	-74.7346	55.1167
			*CONTROL_POS_SAMPLE 2880	-22.9665	-81.2808	57.7705
			*CONTROL_POS_SAMPLE 3072	-27.9842	-87.4834	60.0234
			*CONTROL_POS_SAMPLE 3264	-32.9139	-93.3781	61.7156
			*CONTROL_POS_SAMPLE 3456	-37.7355	-98.8333	62.8409
			*CONTROL_POS_SAMPLE 3648	-42.5315	-103.219	62.5785
			*CONTROL_POS_SAMPLE 3840	-47.1943	-106.261	60.677
			*CONTROL_POS_SAMPLE 4032	-51.4318	-108.763	58.6735
			*CONTROL_POS_SAMPLE 4224	-54.5821	-111.551	57.7952
			*CONTROL_POS_SAMPLE 4416	-57.0287	-113.81	57.0728
			*CONTROL_POS_SAMPLE 4608	-59.3717	-115.58	56.3895
			*CONTROL_POS_SAMPLE 4800	-61.5243	-117.142	55.7129
			*CONTROL_POS_SAMPLE 4992	-63.6125	-118.948	54.7592
		}
		*CONTROL_ROT_TRACK {
			*CONTROL_ROT_SAMPLE 192	-0.750401	-0.0719919	0.657051	3.45494
			*CONTROL_ROT_SAMPLE 384	-0.747901	-0.153839	0.645738	3.43234
			*CONTROL_ROT_SAMPLE 576	-0.74844	-0.196042	0.633565	3.43856
			*CONTROL_ROT_SAMPLE 768	-0.752059	-0.21952	0.621464	3.47015
			*CONTROL_ROT_SAMPLE 960	-0.756934	-0.235321	0.609651	3.50729
			*CONTROL_ROT_SAMPLE 1152	-0.76088	-0.257515	0.595608	3.5348
			*CONTROL_ROT_SAMPLE 1344	-0.766278	-0.276634	0.579906	3.56487
			*CONTROL_ROT_SAMPLE 1536	-0.774103	-0.286794	0.56437	3.60205
			*CONTROL_ROT_SAMPLE 1728	-0.78279	-0.290385	0.550378	3.62419
			*CONTROL_ROT_SAMPLE 1920	-0.76854	-0.33365	0.545916	3.67171
			*CONTROL_ROT_SAMPLE 2112	-0.75326	-0.356966	0.552426	3.69399
			*CONTROL_ROT_SAMPLE 2304	-0.741554	-0.352276	0.570963	3.68729
			*CONTROL_ROT_SAMPLE 2496	-0.732351	-0.333747	0.593528	3.66674
			*CONTROL_ROT_SAMPLE 2688	-0.723006	-0.311869	0.616441	3.64343
			*CONTROL_ROT_SAMPLE 2880	-0.713788	-0.285054	0.639728	3.61401
			*CONTROL_ROT_SAMPLE 3072	-0.704457	-0.25609	0.661935	3.58134
			*CONTROL_ROT_SAMPLE 3264	-0.69502	-0.226517	0.682376	3.54692
			*CONTROL_ROT_SAMPLE 3456	0.685841	0.196132	-0.700824	2.77383
			*CONTROL_ROT_SAMPLE 3648	0.676529	0.15765	-0.719343	2.83247
			*CONTROL_ROT_SAMPLE 3840	0.668869	0.117115	-0.734097	2.9085
			*CONTROL_ROT_SAMPLE 4032	0.667259	0.0913507	-0.739202	2.96195
			*CONTROL_ROT_SAMPLE 4224	0.680474	0.104905	-0.725224	2.92807
			*CONTROL_ROT_SAMPLE 4416	0.700196	0.132376	-0.701572	2.87078
			*CONTROL_ROT_SAMPLE 4608	-0.716584	-0.145706	0.682112	3.43331
			*CONTROL_ROT_SAMPLE 4800	-0.732449	-0.155953	0.66272	3.44846
			*CONTROL_ROT_SAMPLE 4992	-0.747278	-0.167682	0.643007	3.46954
		}
	}
}
*HELPEROBJECT {
	*NODE_NAME "Bip01 L Foot"
	*NODE_PARENT "Bip01 L Calf"
	*NODE_TM {
		*NODE_NAME "Bip01 L Foot"
		*TM_ROW0 0.000337569	-0.00015917	-1
		*TM_ROW1 -0.108085	-0.994142	0.000121749
		*TM_ROW2 -0.994142	0.108085	-0.000352795
		*TM_ROW3 16.5521	2.36042	10.5144
		*TM_POS 16.5521	2.36042	10.5144
		*TM_ROTAXIS -0.706709	0.0383477	0.706464
		*TM_ROTANGLE 3.21805
		*TM_SCALE 1	1	1
		*TM_SCALEAXIS 0	0	0
		*TM_SCALEAXISANG 0	0	0
	}
	*TM_ANIMATION {
		*NODE_NAME "Bip01 L Foot"
		*CONTROL_POS_TRACK {
			*CONTROL_POS_SAMPLE 192	16.5521	2.36042	10.5144
			*CONTROL_POS_SAMPLE 384	17.2186	2.67702	10.353
			*CONTROL_POS_SAMPLE 576	17.6629	2.80945	10.3923
			*CONTROL_POS_SAMPLE 768	17.9721	2.83158	10.5499
			*CONTROL_POS_SAMPLE 960	18.2333	2.81737	10.7436
			*CONTROL_POS_SAMPLE 1152	18.5335	2.84068	10.8909
			*CONTROL_POS_SAMPLE 1344	18.8321	2.91296	11.0323
			*CONTROL_POS_SAMPLE 1536	18.9933	2.82751	11.191
			*CONTROL_POS_SAMPLE 1728	18.7552	2.09468	11.285
			*CONTROL_POS_SAMPLE 1920	13.3099	-5.12489	14.2384
			*CONTROL_POS_SAMPLE 2112	6.87804	-13.5737	17.6523
			*CONTROL_POS_SAMPLE 2304	0.280445	-22.231	19.8574
			*CONTROL_POS_SAMPLE 2496	-6.19709	-30.7474	20.7738
			*CONTROL_POS_SAMPLE 2688	-12.7762	-39.3992	21.4158
			*CONTROL_POS_SAMPLE 2880	-19.3967	-48.103	21.7556
			*CONTROL_POS_SAMPLE 3072	-25.9984	-56.7758	21.7654
			*CONTROL_POS_SAMPLE 3264	-32.5215	-65.3342	21.4172
			*CONTROL_POS_SAMPLE 3456	-38.9056	-73.6951	20.6831
			*CONTROL_POS_SAMPLE 3648	-45.4239	-82.2496	18.2784
			*CONTROL_POS_SAMPLE 3840	-51.627	-90.3469	14.4419
			*CONTROL_POS_SAMPLE 4032	-56.3711	-96.3405	11.4308
			*CONTROL_POS_SAMPLE 4224	-57.6123	-97.0753	10.9778
			*CONTROL_POS_SAMPLE 4416	-57.0717	-95.6599	11.4532
			*CONTROL_POS_SAMPLE 4608	-57.0376	-95.9128	11.4639
			*CONTROL_POS_SAMPLE 4800	-56.8789	-96.3581	11.4744
			*CONTROL_POS_SAMPLE 4992	-56.7201	-96.8034	11.4849
		}
		*CONTROL_ROT_TRACK {
			*CONTROL_ROT_SAMPLE 192	-0.706709	0.0383477	0.706464	3.21805
			*CONTROL_ROT_SAMPLE 384	-0.706268	0.0525945	0.705988	3.24646
			*CONTROL_ROT_SAMPLE 576	-0.70606	0.0580726	0.705767	3.25737
			*CONTROL_ROT_SAMPLE 768	-0.706051	0.0582925	0.705758	3.25781
			*CONTROL_ROT_SAMPLE 960	-0.706111	0.0567714	0.705822	3.25478
			*CONTROL_ROT_SAMPLE 1152	-0.706101	0.0570272	0.705811	3.25529
			*CONTROL_ROT_SAMPLE 1344	-0.706112	0.0567403	0.705823	3.25472
			*CONTROL_ROT_SAMPLE 1536	-0.706196	0.0545565	0.705912	3.25037
			*CONTROL_ROT_SAMPLE 1728	-0.706268	0.0525966	0.705988	3.24646
			*CONTROL_ROT_SAMPLE 1920	-0.706304	0.0515762	0.706027	3.24443
			*CONTROL_ROT_SAMPLE 2112	-0.706334	0.0507337	0.706059	3.24275
			*CONTROL_ROT_SAMPLE 2304	-0.706362	0.0499192	0.706089	3.24113
			*CONTROL_ROT_SAMPLE 2496	-0.70639	0.0490752	0.706119	3.23944
			*CONTROL_ROT_SAMPLE 2688	-0.706418	0.0482415	0.706149	3.23778
			*CONTROL_ROT_SAMPLE 2880	-0.706445	0.0474148	0.706178	3.23613
			*CONTROL_ROT_SAMPLE 3072	-0.706471	0.0465919	0.706207	3.23449
			*CONTROL_ROT_SAMPLE 3264	-0.706497	0.0457697	0.706234	3.23285
			*CONTROL_ROT_SAMPLE 3456	-0.706523	0.0449448	0.706262	3.23121
			*CONTROL_ROT_SAMPLE 3648	-0.706547	0.0441199	0.706289	3.22956
			*CONTROL_ROT_SAMPLE 3840	-0.706572	0.0432974	0.706315	3.22792
			*CONTROL_ROT_SAMPLE 4032	-0.706596	0.0424732	0.706341	3.22628
			*CONTROL_ROT_SAMPLE 4224	-0.70662	0.0416432	0.706367	3.22463
			*CONTROL_ROT_SAMPLE 4416	-0.706643	0.0408137	0.706392	3.22297
			*CONTROL_ROT_SAMPLE 4608	-0.706665	0.0399903	0.706417	3.22133
			*CONTROL_ROT_SAMPLE 4800	-0.706687	0.039169	0.706441	3.21969
			*CONTROL_ROT_SAMPLE 4992	-0.706709	0.0383477	0.706464	3.21805
		}
	}
}
*HELPEROBJECT {
	*NODE_NAME "Bip01 L Toe0"
	*NODE_PARENT "Bip01 L Foot"
	*NODE_TM {
		*NODE_NAME "Bip01 L Toe0"
		*TM_ROW0 -0.108085	-0.994142	4.63444e-005
		*TM_ROW1 -0.000347825	8.44239e-005	1
		*TM_ROW2 -0.994142	0.108085	-0.000354912
		*TM_ROW3 14.1089	-20.1528	-2.10954
		*TM_POS 14.1089	-20.1528	-2.10954
		*TM_ROTAXIS 0.53575	-0.597183	-0.596946
		*TM_ROTANGLE 4.12501
		*TM_SCALE 1	1	1
		*TM_SCALEAXIS 0	0	0
		*TM_SCALEAXISANG 0	0	0
	}
	*TM_ANIMATION {
		*NODE_NAME "Bip01 L Toe0"
		*CONTROL_POS_TRACK {
			*CONTROL_POS_SAMPLE 192	14.1089	-20.1528	-2.10954
			*CONTROL_POS_SAMPLE 384	13.8725	-19.7199	-2.27081
			*CONTROL_POS_SAMPLE 576	13.9711	-19.5331	-2.23145
			*CONTROL_POS_SAMPLE 768	14.2664	-19.5087	-2.07378
			*CONTROL_POS_SAMPLE 960	14.6235	-19.5386	-1.88012
			*CONTROL_POS_SAMPLE 1152	14.9075	-19.5127	-1.73282
			*CONTROL_POS_SAMPLE 1344	15.2243	-19.4433	-1.59142
			*CONTROL_POS_SAMPLE 1536	15.5233	-19.5505	-1.43272
			*CONTROL_POS_SAMPLE 1728	15.4089	-20.3022	-1.33873
			*CONTROL_POS_SAMPLE 1920	10.0282	-27.5313	1.61462
			*CONTROL_POS_SAMPLE 2112	3.64952	-35.9879	5.02852
			*CONTROL_POS_SAMPLE 2304	-2.89656	-44.6525	7.23361
			*CONTROL_POS_SAMPLE 2496	-9.3207	-53.1764	8.14995
			*CONTROL_POS_SAMPLE 2688	-15.847	-61.8355	8.79199
			*CONTROL_POS_SAMPLE 2880	-22.4151	-70.5464	9.13179
			*CONTROL_POS_SAMPLE 3072	-28.9648	-79.2261	9.14153
			*CONTROL_POS_SAMPLE 3264	-35.4357	-87.7913	8.79329
			*CONTROL_POS_SAMPLE 3456	-41.7675	-96.1589	8.0592
			*CONTROL_POS_SAMPLE 3648	-48.2335	-104.72	5.65453
			*CONTROL_POS_SAMPLE 3840	-54.3845	-112.824	1.818
			*CONTROL_POS_SAMPLE 4032	-59.0763	-118.824	-1.19313
			*CONTROL_POS_SAMPLE 4224	-60.2648	-119.565	-1.64613
			*CONTROL_POS_SAMPLE 4416	-59.6716	-118.156	-1.17075
			*CONTROL_POS_SAMPLE 4608	-59.5852	-118.414	-1.16008
			*CONTROL_POS_SAMPLE 4800	-59.3742	-118.866	-1.1496
			*CONTROL_POS_SAMPLE 4992	-59.1633	-119.317	-1.13912
		}
		*CONTROL_ROT_TRACK {
			*CONTROL_ROT_SAMPLE 192	0.53575	-0.597183	-0.596946	4.12501
			*CONTROL_ROT_SAMPLE 384	0.520309	-0.603991	-0.603716	4.10084
			*CONTROL_ROT_SAMPLE 576	0.514381	-0.606532	-0.606243	4.09147
			*CONTROL_ROT_SAMPLE 768	0.514143	-0.606633	-0.606344	4.0911
			*CONTROL_ROT_SAMPLE 960	0.515789	-0.605933	-0.605647	4.0937
			*CONTROL_ROT_SAMPLE 1152	0.515512	-0.606051	-0.605764	4.09326
			*CONTROL_ROT_SAMPLE 1344	0.515822	-0.605918	-0.605632	4.09375
			*CONTROL_ROT_SAMPLE 1536	0.518185	-0.604906	-0.604626	4.09749
			*CONTROL_ROT_SAMPLE 1728	0.520307	-0.603992	-0.603717	4.10083
			*CONTROL_ROT_SAMPLE 1920	0.521412	-0.603514	-0.603242	4.10257
			*CONTROL_ROT_SAMPLE 2112	0.522324	-0.603118	-0.602848	4.10401
			*CONTROL_ROT_SAMPLE 2304	0.523206	-0.602735	-0.602467	4.1054
			*CONTROL_ROT_SAMPLE 2496	0.52412	-0.602336	-0.602071	4.10683
			*CONTROL_ROT_SAMPLE 2688	0.525024	-0.601941	-0.601678	4.10825
			*CONTROL_ROT_SAMPLE 2880	0.525919	-0.601549	-0.601288	4.10966
			*CONTROL_ROT_SAMPLE 3072	0.526811	-0.601158	-0.600899	4.11106
			*CONTROL_ROT_SAMPLE 3264	0.527702	-0.600766	-0.600509	4.11245
			*CONTROL_ROT_SAMPLE 3456	0.528596	-0.600371	-0.600117	4.11385
			*CONTROL_ROT_SAMPLE 3648	0.52949	-0.599976	-0.599724	4.11525
			*CONTROL_ROT_SAMPLE 3840	0.530382	-0.599581	-0.599331	4.11664
			*CONTROL_ROT_SAMPLE 4032	0.531276	-0.599184	-0.598936	4.11804
			*CONTROL_ROT_SAMPLE 4224	0.532176	-0.598783	-0.598538	4.11945
			*CONTROL_ROT_SAMPLE 4416	0.533075	-0.598382	-0.598139	4.12085
			*CONTROL_ROT_SAMPLE 4608	0.533968	-0.597983	-0.597741	4.12224
			*CONTROL_ROT_SAMPLE 4800	0.534859	-0.597583	-0.597344	4.12363
			*CONTROL_ROT_SAMPLE 4992	0.53575	-0.597183	-0.596946	4.12501
		}
	}
}
*HELPEROBJECT {
	*NODE_NAME "Bip01 R Thigh"
	*NODE_PARENT "Bip01 Pelvis"
	*NODE_TM {
		*NODE_NAME "Bip01 R Thigh"
		*TM_ROW0 -0.261604	0.174877	-0.9492
		*TM_ROW1 -0.802063	-0.58645	0.113007
		*TM_ROW2 -0.536896	0.790882	0.29368
		*TM_ROW3 -2.63198	16.3133	94.1007
		*TM_POS -2.63198	16.3133	94.1007
		*TM_ROTAXIS 0.53862	-0.327605	-0.776249
		*TM_ROTANGLE 2.46098
		*TM_SCALE 1	1	1
		*TM_SCALEAXIS 0	0	0
		*TM_SCALEAXISANG 0	0	0
	}
	*TM_ANIMATION {
		*NODE_NAME "Bip01 R Thigh"
		*CONTROL_POS_TRACK {
			*CONTROL_POS_SAMPLE 192	-2.63198	16.3133	94.1007
			*CONTROL_POS_SAMPLE 384	-4.25591	12.2989	91.5127
			*CONTROL_POS_SAMPLE 576	-5.68572	8.28457	90.1674
			*CONTROL_POS_SAMPLE 768	-7.03786	4.27021	89.1693
			*CONTROL_POS_SAMPLE 960	-8.42884	0.255837	88.3089
			*CONTROL_POS_SAMPLE 1152	-9.97512	-3.75853	86.9492
			*CONTROL_POS_SAMPLE 1344	-11.7932	-7.7729	85.3831
			*CONTROL_POS_SAMPLE 1536	-13.9995	-11.7873	83.8618
			*CONTROL_POS_SAMPLE 1728	-16.7106	-15.8016	82.6365
			*CONTROL_POS_SAMPLE 1920	-19.7796	-19.816	81.9583
			*CONTROL_POS_SAMPLE 2112	-22.974	-23.8304	82.5825
			*CONTROL_POS_SAMPLE 2304	-26.2817	-27.8447	84.2616
			*CONTROL_POS_SAMPLE 2496	-29.6906	-31.8591	85.7423
			*CONTROL_POS_SAMPLE 2688	-33.1885	-35.8735	86.7073
			*CONTROL_POS_SAMPLE 2880	-36.7633	-39.8879	87.474
			*CONTROL_POS_SAMPLE 3072	-40.4028	-43.9022	87.7422
			*CONTROL_POS_SAMPLE 3264	-44.0949	-47.9166	87.3941
			*CONTROL_POS_SAMPLE 3456	-47.8275	-51.931	86.689
			*CONTROL_POS_SAMPLE 3648	-51.5884	-55.9453	85.8932
			*CONTROL_POS_SAMPLE 3840	-55.3655	-59.9597	85.273
			*CONTROL_POS_SAMPLE 4032	-59.1467	-63.9741	85.0945
			*CONTROL_POS_SAMPLE 4224	-62.9197	-67.9884	85.6123
			*CONTROL_POS_SAMPLE 4416	-66.6725	-72.0028	86.663
			*CONTROL_POS_SAMPLE 4608	-70.393	-76.0172	87.8865
			*CONTROL_POS_SAMPLE 4800	-74.0689	-80.0316	88.9225
			*CONTROL_POS_SAMPLE 4992	-77.6882	-84.0459	89.2059
		}
		*CONTROL_ROT_TRACK {
			*CONTROL_ROT_SAMPLE 192	0.53862	-0.327605	-0.776249	2.46098
			*CONTROL_ROT_SAMPLE 384	0.450493	-0.376687	-0.809421	2.69075
			*CONTROL_ROT_SAMPLE 576	0.392854	-0.438416	-0.808367	2.92658
			*CONTROL_ROT_SAMPLE 768	0.369245	-0.475596	-0.798415	3.05308
			*CONTROL_ROT_SAMPLE 960	0.359661	-0.510369	-0.781132	3.15241
			*CONTROL_ROT_SAMPLE 1152	0.358822	-0.538765	-0.762219	3.22241
			*CONTROL_ROT_SAMPLE 1344	0.372418	-0.557771	-0.741752	3.24542
			*CONTROL_ROT_SAMPLE 1536	0.402067	-0.564927	-0.720555	3.21594
			*CONTROL_ROT_SAMPLE 1728	0.43631	-0.561385	-0.703194	3.16382
			*CONTROL_ROT_SAMPLE 1920	0.421002	-0.564218	-0.710222	3.19125
			*CONTROL_ROT_SAMPLE 2112	0.423762	-0.555522	-0.715417	3.17682
			*CONTROL_ROT_SAMPLE 2304	0.437377	-0.53882	-0.719982	3.12606
			*CONTROL_ROT_SAMPLE 2496	0.452666	-0.52053	-0.723976	3.0704
			*CONTROL_ROT_SAMPLE 2688	0.46667	-0.502961	-0.727495	3.01533
			*CONTROL_ROT_SAMPLE 2880	0.481348	-0.484509	-0.730449	2.95307
			*CONTROL_ROT_SAMPLE 3072	0.493898	-0.466923	-0.733517	2.88782
			*CONTROL_ROT_SAMPLE 3264	0.503959	-0.450224	-0.737105	2.82203
			*CONTROL_ROT_SAMPLE 3456	0.514061	-0.432775	-0.740572	2.7537
			*CONTROL_ROT_SAMPLE 3648	0.526407	-0.413532	-0.742891	2.68232
			*CONTROL_ROT_SAMPLE 3840	0.551586	-0.38847	-0.738135	2.58545
			*CONTROL_ROT_SAMPLE 4032	0.561952	-0.373429	-0.738079	2.53707
			*CONTROL_ROT_SAMPLE 4224	0.5417	-0.376952	-0.751311	2.57518
			*CONTROL_ROT_SAMPLE 4416	0.517175	-0.381762	-0.76602	2.62591
			*CONTROL_ROT_SAMPLE 4608	0.490571	-0.386231	-0.781131	2.68177
			*CONTROL_ROT_SAMPLE 4800	0.463451	-0.389447	-0.795954	2.73712
			*CONTROL_ROT_SAMPLE 4992	0.435144	-0.391898	-0.810596	2.79334
		}
	}
}
*HELPEROBJECT {
	*NODE_NAME "Bip01 R Calf"
	*NODE_PARENT "Bip01 R Thigh"
	*NODE_TM {
		*NODE_NAME "Bip01 R Calf"
		*TM_ROW0 0.00453305	0.350806	-0.936437
		*TM_ROW1 -0.843636	-0.501438	-0.191932
		*TM_ROW2 -0.536896	0.790882	0.29368
		*TM_ROW3 -12.9247	23.1938	56.7546
		*TM_POS -12.9247	23.1938	56.7546
		*TM_ROTAXIS 0.615191	-0.250092	-0.747659
		*TM_ROTANGLE 2.21631
		*TM_SCALE 1	1	1
		*TM_SCALEAXIS 0	0	0
		*TM_SCALEAXISANG 0	0	0
	}
	*TM_ANIMATION {
		*NODE_NAME "Bip01 R Calf"
		*CONTROL_POS_TRACK {
			*CONTROL_POS_SAMPLE 192	-12.9247	23.1938	56.7546
			*CONTROL_POS_SAMPLE 384	-24.4977	13.4892	57.7952
			*CONTROL_POS_SAMPLE 576	-32.1199	1.67353	61.7853
			*CONTROL_POS_SAMPLE 768	-35.521	-6.74462	64.362
			*CONTROL_POS_SAMPLE 960	-37.5927	-14.5204	66.4194
			*CONTROL_POS_SAMPLE 1152	-39.0765	-21.3672	67.174
			*CONTROL_POS_SAMPLE 1344	-40.0416	-27.0993	65.9787
			*CONTROL_POS_SAMPLE 1536	-40.5324	-31.7419	62.747
			*CONTROL_POS_SAMPLE 1728	-41.0677	-35.6883	58.9876
			*CONTROL_POS_SAMPLE 1920	-45.1374	-39.8832	59.5461
			*CONTROL_POS_SAMPLE 2112	-48.1682	-43.3403	59.5037
			*CONTROL_POS_SAMPLE 2304	-50.5695	-45.9482	59.1541
			*CONTROL_POS_SAMPLE 2496	-52.8322	-48.3508	58.53
			*CONTROL_POS_SAMPLE 2688	-55.1512	-50.6654	57.6065
			*CONTROL_POS_SAMPLE 2880	-57.3405	-52.6912	56.4793
			*CONTROL_POS_SAMPLE 3072	-59.5997	-54.5127	55.0786
			*CONTROL_POS_SAMPLE 3264	-61.9685	-56.208	53.3382
			*CONTROL_POS_SAMPLE 3456	-64.2274	-57.7661	51.4043
			*CONTROL_POS_SAMPLE 3648	-66.1807	-59.2303	49.5024
			*CONTROL_POS_SAMPLE 3840	-66.6439	-60.2189	47.5802
			*CONTROL_POS_SAMPLE 4032	-68.8711	-62.5184	46.9982
			*CONTROL_POS_SAMPLE 4224	-74.8325	-66.9394	48.1289
			*CONTROL_POS_SAMPLE 4416	-81.2222	-71.6667	50.1088
			*CONTROL_POS_SAMPLE 4608	-87.6972	-76.5134	52.5547
			*CONTROL_POS_SAMPLE 4800	-94.0193	-81.3369	55.036
			*CONTROL_POS_SAMPLE 4992	-100.219	-86.1787	57.0213
		}
		*CONTROL_ROT_TRACK {
			*CONTROL_ROT_SAMPLE 192	0.615191	-0.250092	-0.747659	2.21631
			*CONTROL_ROT_SAMPLE 384	0.649969	-0.180549	-0.738202	2.02624
			*CONTROL_ROT_SAMPLE 576	0.675894	-0.166641	-0.717912	1.99736
			*CONTROL_ROT_SAMPLE 768	0.679254	-0.181433	-0.711123	2.05327
			*CONTROL_ROT_SAMPLE 960	0.677695	-0.208337	-0.705213	2.15435
			*CONTROL_ROT_SAMPLE 1152	0.672594	-0.239329	-0.700243	2.26742
			*CONTROL_ROT_SAMPLE 1344	0.663262	-0.278801	-0.694517	2.39381
			*CONTROL_ROT_SAMPLE 1536	0.649366	-0.327188	-0.686492	2.52558
			*CONTROL_ROT_SAMPLE 1728	0.635794	-0.368698	-0.678106	2.62898
			*CONTROL_ROT_SAMPLE 1920	0.658652	-0.330268	-0.676093	2.54024
			*CONTROL_ROT_SAMPLE 2112	-0.674171	0.302468	0.6738	3.80537
			*CONTROL_ROT_SAMPLE 2304	-0.687586	0.279059	0.670337	3.86554
			*CONTROL_ROT_SAMPLE 2496	-0.700393	0.255824	0.666336	3.92351
			*CONTROL_ROT_SAMPLE 2688	-0.713405	0.232042	0.661219	3.98321
			*CONTROL_ROT_SAMPLE 2880	-0.725201	0.210404	0.655601	4.04158
			*CONTROL_ROT_SAMPLE 3072	-0.736658	0.189584	0.649147	4.10442
			*CONTROL_ROT_SAMPLE 3264	-0.748206	0.168129	0.641811	4.17279
			*CONTROL_ROT_SAMPLE 3456	0.758954	-0.147113	-0.634308	2.04312
			*CONTROL_ROT_SAMPLE 3648	0.768178	-0.127777	-0.627356	1.98374
			*CONTROL_ROT_SAMPLE 3840	0.779019	-0.112489	-0.616826	1.93762
			*CONTROL_ROT_SAMPLE 4032	0.78122	-0.104511	-0.615445	1.91319
			*CONTROL_ROT_SAMPLE 4224	0.770633	-0.101836	-0.629091	1.90605
			*CONTROL_ROT_SAMPLE 4416	0.753235	-0.10642	-0.649085	1.91266
			*CONTROL_ROT_SAMPLE 4608	0.730648	-0.116082	-0.672813	1.92894
			*CONTROL_ROT_SAMPLE 4800	0.70517	-0.127797	-0.697426	1.94921
