*3DSMAX_ASCIIEXPORT	110
*COMMENT "This file is part of Gothic Free Aim Copyright (C) 2016-2018  mud-freak (@szapp)"
*COMMENT "<http://github.com/szapp/GothicFreeAim>"
*COMMENT "Animations: fourth iteration"
*SCENE {
	*SCENE_FILENAME "bowIK_left.max"
	*SCENE_FIRSTFRAME 1
	*SCENE_LASTFRAME 26
	*SCENE_FRAMESPEED 25
	*SCENE_TICKSPERFRAME 192
	*SCENE_BACKGROUND_STATIC 0	0	0
	*SCENE_AMBIENT_STATIC 0.2	0.2	0.2
}
*HELPEROBJECT {
	*NODE_NAME "Bip01"
	*NODE_TM {
		*NODE_NAME "Bip01"
		*TM_ROW0 -0.836419	-0.547972	0.0113689
		*TM_ROW1 0.547171	-0.836037	-0.040567
		*TM_ROW2 0.0317344	-0.0277103	0.999112
		*TM_ROW3 100.2	8.30836	94.0043
		*TM_POS 100.2	8.30836	94.0043
		*TM_ROTAXIS -0.0117369	0.0185917	-0.999758
		*TM_ROTANGLE 3.72121
		*TM_SCALE 1	1	1
		*TM_SCALEAXIS 0	0	0
		*TM_SCALEAXISANG 0	0	0
	}
	*TM_ANIMATION {
		*NODE_NAME "Bip01"
		*CONTROL_POS_TRACK {
			*CONTROL_POS_SAMPLE 192	-0.0496109	8.30836	93.7967
			*CONTROL_POS_SAMPLE 384	3.46819	8.30836	93.8724
			*CONTROL_POS_SAMPLE 576	6.98598	8.30836	93.9448
			*CONTROL_POS_SAMPLE 768	10.5038	8.30836	94.0153
			*CONTROL_POS_SAMPLE 960	14.0216	8.30836	94.0853
			*CONTROL_POS_SAMPLE 1152	17.5394	8.30836	93.7675
			*CONTROL_POS_SAMPLE 1344	21.0572	8.30836	93.4389
			*CONTROL_POS_SAMPLE 1536	24.575	8.30836	93.1102
			*CONTROL_POS_SAMPLE 1728	28.0928	8.30836	92.7815
			*CONTROL_POS_SAMPLE 1920	31.6105	8.30836	92.4531
			*CONTROL_POS_SAMPLE 2112	35.1283	8.30836	92.125
			*CONTROL_POS_SAMPLE 2304	38.6461	8.30836	92.5007
			*CONTROL_POS_SAMPLE 2496	42.6965	8.30836	92.8762
			*CONTROL_POS_SAMPLE 2688	46.7469	8.30836	93.2519
			*CONTROL_POS_SAMPLE 2880	50.7973	8.30836	93.6282
			*CONTROL_POS_SAMPLE 3072	54.8478	8.30836	94.0055
			*CONTROL_POS_SAMPLE 3264	58.8982	8.30836	93.7465
			*CONTROL_POS_SAMPLE 3456	62.9485	8.30836	93.4546
			*CONTROL_POS_SAMPLE 3648	66.999	8.30836	93.1821
			*CONTROL_POS_SAMPLE 3840	71.0494	8.30836	92.981
			*CONTROL_POS_SAMPLE 4032	75.0998	8.30836	92.9031
			*CONTROL_POS_SAMPLE 4224	79.1502	8.30836	92.9827
			*CONTROL_POS_SAMPLE 4416	84.4127	8.30836	93.1851
			*CONTROL_POS_SAMPLE 4608	89.6753	8.30836	93.458
			*CONTROL_POS_SAMPLE 4800	94.9378	8.30836	93.7487
			*CONTROL_POS_SAMPLE 4992	100.2	8.30836	94.0043
		}
		*CONTROL_ROT_TRACK {
			*CONTROL_ROT_SAMPLE 192	-0.0117369	0.0185917	-0.999758	3.72121
			*CONTROL_ROT_SAMPLE 384	-0.0137638	0.0194569	-0.999716	3.72109
			*CONTROL_ROT_SAMPLE 576	-0.0150985	0.0200266	-0.999685	3.72101
			*CONTROL_ROT_SAMPLE 768	-0.0160377	0.0204274	-0.999663	3.72096
			*CONTROL_ROT_SAMPLE 960	-0.016878	0.020786	-0.999641	3.72091
			*CONTROL_ROT_SAMPLE 1152	-0.0179159	0.021229	-0.999614	3.72084
			*CONTROL_ROT_SAMPLE 1344	-0.0166939	0.0206441	-0.999647	3.72091
			*CONTROL_ROT_SAMPLE 1536	-0.0154622	0.0199202	-0.999682	3.72097
			*CONTROL_ROT_SAMPLE 1728	-0.0142352	0.0192658	-0.999713	3.72104
			*CONTROL_ROT_SAMPLE 1920	-0.0130272	0.0188891	-0.999737	3.7211
			*CONTROL_ROT_SAMPLE 2112	-0.0118525	0.0189988	-0.999749	3.72116
			*CONTROL_ROT_SAMPLE 2304	-0.0106058	0.0197924	-0.999748	3.72116
			*CONTROL_ROT_SAMPLE 2496	-0.00925369	0.021128	-0.999734	3.7211
			*CONTROL_ROT_SAMPLE 2688	-0.00791811	0.0227047	-0.999711	3.72103
			*CONTROL_ROT_SAMPLE 2880	-0.00672083	0.0242218	-0.999684	3.72103
			*CONTROL_ROT_SAMPLE 3072	-0.00578364	0.0253785	-0.999661	3.72116
			*CONTROL_ROT_SAMPLE 3264	-0.00522833	0.0258742	-0.999652	3.7215
			*CONTROL_ROT_SAMPLE 3456	-0.00522396	0.0254047	-0.999664	3.7223
			*CONTROL_ROT_SAMPLE 3648	-0.00572643	0.0241407	-0.999692	3.72353
			*CONTROL_ROT_SAMPLE 3840	-0.00653774	0.0224948	-0.999726	3.72485
			*CONTROL_ROT_SAMPLE 4032	-0.00745963	0.0208799	-0.999754	3.72588
			*CONTROL_ROT_SAMPLE 4224	-0.00829356	0.0197098	-0.999771	3.72628
			*CONTROL_ROT_SAMPLE 4416	-0.00907747	0.0191319	-0.999776	3.72571
			*CONTROL_ROT_SAMPLE 4608	-0.00994718	0.0188855	-0.999772	3.72436
			*CONTROL_ROT_SAMPLE 4800	-0.0108508	0.0187717	-0.999765	3.72271
			*CONTROL_ROT_SAMPLE 4992	-0.0117369	0.0185917	-0.999758	3.72121
		}
	}
}
*HELPEROBJECT {
	*NODE_NAME "Bip01 Footsteps"
	*NODE_PARENT "Bip01"
	*NODE_TM {
		*NODE_NAME "Bip01 Footsteps"
		*TM_ROW0 1	0	0
		*TM_ROW1 0	1	0
		*TM_ROW2 0	0	1
		*TM_ROW3 100.2	8.30836	-2.38553
		*TM_POS 100.2	8.30836	-2.38553
		*TM_ROTAXIS 0	0	0
		*TM_ROTANGLE 0
		*TM_SCALE 1	1	1
		*TM_SCALEAXIS 0	0	0
		*TM_SCALEAXISANG 0	0	0
	}
}
*HELPEROBJECT {
	*NODE_NAME "Bip01 Pelvis"
	*NODE_PARENT "Bip01"
	*NODE_TM {
		*NODE_NAME "Bip01 Pelvis"
		*TM_ROW0 0.0317337	-0.0277091	0.999112
		*TM_ROW1 -0.836418	-0.547974	0.0113689
		*TM_ROW2 0.547172	-0.836037	-0.0405656
		*TM_ROW3 102.548	8.78044	93.9428
		*TM_POS 102.548	8.78044	93.9428
		*TM_ROTAXIS -0.674938	0.35996	-0.644118
		*TM_ROTANGLE 2.46291
		*TM_SCALE 1	1	1
		*TM_SCALEAXIS 0	0	0
		*TM_SCALEAXISANG 0	0	0
	}
	*TM_ANIMATION {
		*NODE_NAME "Bip01 Pelvis"
		*CONTROL_POS_TRACK {
			*CONTROL_POS_SAMPLE 192	2.29814	8.78044	93.7352
			*CONTROL_POS_SAMPLE 384	5.81568	8.78036	93.8013
			*CONTROL_POS_SAMPLE 576	9.33329	8.78032	93.8673
			*CONTROL_POS_SAMPLE 768	12.8509	8.78029	93.9334
			*CONTROL_POS_SAMPLE 960	16.3686	8.78026	93.9994
			*CONTROL_POS_SAMPLE 1152	19.8862	8.78023	93.6767
			*CONTROL_POS_SAMPLE 1344	23.4042	8.78024	93.3539
			*CONTROL_POS_SAMPLE 1536	26.9222	8.78023	93.0311
			*CONTROL_POS_SAMPLE 1728	30.4402	8.78024	92.7083
			*CONTROL_POS_SAMPLE 1920	33.9582	8.78028	92.3856
			*CONTROL_POS_SAMPLE 2112	37.4761	8.78036	92.0628
			*CONTROL_POS_SAMPLE 2304	40.994	8.78035	92.4439
			*CONTROL_POS_SAMPLE 2496	45.0446	8.78021	92.825
			*CONTROL_POS_SAMPLE 2688	49.0951	8.78007	93.2061
			*CONTROL_POS_SAMPLE 2880	53.1456	8.78008	93.5872
			*CONTROL_POS_SAMPLE 3072	57.196	8.78039	93.9684
			*CONTROL_POS_SAMPLE 3264	61.2463	8.78117	93.7117
			*CONTROL_POS_SAMPLE 3456	65.2963	8.78302	93.4201
			*CONTROL_POS_SAMPLE 3648	69.3461	8.78587	93.1459
			*CONTROL_POS_SAMPLE 3840	73.3959	8.78891	92.9419
			*CONTROL_POS_SAMPLE 4032	77.4457	8.79129	92.8605
			*CONTROL_POS_SAMPLE 4224	81.4959	8.7922	92.9368
			*CONTROL_POS_SAMPLE 4416	86.7586	8.79087	93.1357
			*CONTROL_POS_SAMPLE 4608	92.0217	8.78775	93.4047
			*CONTROL_POS_SAMPLE 4800	97.285	8.78392	93.6913
			*CONTROL_POS_SAMPLE 4992	102.548	8.78044	93.9428
		}
		*CONTROL_ROT_TRACK {
			*CONTROL_ROT_SAMPLE 192	-0.674938	0.35996	-0.644118	2.46291
			*CONTROL_ROT_SAMPLE 384	-0.676511	0.359464	-0.642743	2.4617
			*CONTROL_ROT_SAMPLE 576	-0.677545	0.359136	-0.641836	2.4609
			*CONTROL_ROT_SAMPLE 768	-0.678272	0.358906	-0.641197	2.46034
			*CONTROL_ROT_SAMPLE 960	-0.678922	0.358699	-0.640625	2.45984
			*CONTROL_ROT_SAMPLE 1152	-0.679725	0.358443	-0.639916	2.45922
			*CONTROL_ROT_SAMPLE 1344	-0.678755	0.35872	-0.640789	2.45987
			*CONTROL_ROT_SAMPLE 1536	-0.677727	0.358941	-0.641753	2.4604
			*CONTROL_ROT_SAMPLE 1728	-0.676727	0.359189	-0.64267	2.46099
			*CONTROL_ROT_SAMPLE 1920	-0.675841	0.359548	-0.6434	2.46185
			*CONTROL_ROT_SAMPLE 2112	-0.675158	0.360103	-0.643807	2.46319
			*CONTROL_ROT_SAMPLE 2304	-0.674681	0.361005	-0.643802	2.46526
			*CONTROL_ROT_SAMPLE 2496	-0.674334	0.362213	-0.643486	2.46796
			*CONTROL_ROT_SAMPLE 2688	-0.674087	0.363517	-0.64301	2.4709
			*CONTROL_ROT_SAMPLE 2880	-0.67391	0.364705	-0.642523	2.47368
			*CONTROL_ROT_SAMPLE 3072	-0.673772	0.36557	-0.642176	2.47591
			*CONTROL_ROT_SAMPLE 3264	-0.673645	0.365904	-0.642118	2.47721
			*CONTROL_ROT_SAMPLE 3456	-0.673547	0.365407	-0.642505	2.47725
			*CONTROL_ROT_SAMPLE 3648	-0.67351	0.364181	-0.643239	2.47624
			*CONTROL_ROT_SAMPLE 3840	-0.673528	0.362623	-0.6441	2.47458
			*CONTROL_ROT_SAMPLE 4032	-0.673596	0.36113	-0.644866	2.47266
			*CONTROL_ROT_SAMPLE 4224	-0.673714	0.360102	-0.645318	2.47087
			*CONTROL_ROT_SAMPLE 4416	-0.673928	0.359714	-0.645311	2.46911
			*CONTROL_ROT_SAMPLE 4608	-0.674244	0.359718	-0.644979	2.46709
			*CONTROL_ROT_SAMPLE 4800	-0.674601	0.359878	-0.644516	2.46498
			*CONTROL_ROT_SAMPLE 4992	-0.674938	0.35996	-0.644118	2.46291
		}
	}
}
*HELPEROBJECT {
	*NODE_NAME "Bip01 Spine"
	*NODE_PARENT "Bip01 Pelvis"
	*NODE_TM {
		*NODE_NAME "Bip01 Spine"
		*TM_ROW0 -0.0267009	-0.0658689	0.997471
		*TM_ROW1 -0.836597	-0.544701	-0.0583644
		*TM_ROW2 0.547168	-0.836039	-0.0405617
		*TM_ROW3 102.699	8.76274	96.3405
		*TM_POS 102.699	8.76274	96.3405
		*TM_ROTAXIS -0.656887	0.380362	-0.651018
		*TM_ROTANGLE 2.50813
		*TM_SCALE 1	1	1
		*TM_SCALEAXIS 0	0	0
		*TM_SCALEAXISANG 0	0	0
	}
}
*HELPEROBJECT {
	*NODE_NAME "Bip01 Spine1"
	*NODE_PARENT "Bip01 Spine"
	*NODE_TM {
		*NODE_NAME "Bip01 Spine1"
		*TM_ROW0 -0.039078	-0.0785962	0.99614
		*TM_ROW1 -0.938651	-0.338959	-0.0635668
		*TM_ROW2 0.342647	-0.937512	-0.0605285
		*TM_ROW3 102.446	8.11889	106.144
		*TM_POS 102.446	8.11889	106.144
		*TM_ROTAXIS -0.628994	0.47033	-0.618996
		*TM_ROTANGLE 2.37357
		*TM_SCALE 1	1	1
		*TM_SCALEAXIS 0	0	0
		*TM_SCALEAXISANG 0	0	0
	}
}
*HELPEROBJECT {
	*NODE_NAME "Bip01 Spine2"
	*NODE_PARENT "Bip01 Spine1"
	*NODE_TM {
		*NODE_NAME "Bip01 Spine2"
		*TM_ROW0 -0.130741	0.0235049	0.991138
		*TM_ROW1 -0.984898	-0.117536	-0.12713
		*TM_ROW2 0.113506	-0.99279	0.0385166
		*TM_ROW3 101.97	7.11646	118.887
		*TM_POS 101.97	7.11646	118.887
		*TM_ROTAXIS -0.54354	0.551057	-0.633167
		*TM_ROTANGLE 2.22041
		*TM_SCALE 1	1	1
		*TM_SCALEAXIS 0	0	0
		*TM_SCALEAXISANG 0	0	0
	}
}
*HELPEROBJECT {
	*NODE_NAME "Bip01 Neck"
	*NODE_PARENT "Bip01 Spine2"
	*NODE_TM {
		*NODE_NAME "Bip01 Neck"
		*TM_ROW0 -0.418375	-0.324523	0.84832
		*TM_ROW1 -0.131855	-0.902396	-0.410238
		*TM_ROW2 0.898653	-0.283489	0.33475
		*TM_ROW3 98.0503	7.82615	148.608
		*TM_POS 98.0503	7.82615	148.608
		*TM_ROTAXIS -0.536959	0.213228	-0.816216
		*TM_ROTANGLE 3.25989
		*TM_SCALE 1	1	1
		*TM_SCALEAXIS 0	0	0
		*TM_SCALEAXISANG 0	0	0
	}
}
*HELPEROBJECT {
	*NODE_NAME "Bip01 Head"
	*NODE_PARENT "Bip01 Neck"
	*NODE_TM {
		*NODE_NAME "Bip01 Head"
		*TM_ROW0 -0.478393	0.0242117	0.877812
		*TM_ROW1 0.329045	-0.92185	0.20475
		*TM_ROW2 0.814168	0.386791	0.43304
		*TM_ROW3 95.1889	5.60666	154.409
		*TM_POS 95.1889	5.60666	154.409
		*TM_ROTAXIS -0.504671	-0.17644	-0.84509
		*TM_ROTANGLE 3.32294
		*TM_SCALE 1	1	1
		*TM_SCALEAXIS 0	0	0
		*TM_SCALEAXISANG 0	0	0
	}
}
*HELPEROBJECT {
	*NODE_NAME "zs_Helmet"
	*NODE_PARENT "Bip01 Head"
	*NODE_TM {
		*NODE_NAME "zs_Helmet"
		*TM_ROW0 0.814168	0.386792	0.43304
		*TM_ROW1 -0.290497	0.917108	-0.272991
		*TM_ROW2 -0.502735	0.0964637	0.859042
		*TM_ROW3 -15.8321	-54.0937	416.468
		*TM_POS -15.8321	-54.0937	416.468
		*TM_ROTAXIS 0.304629	0.77158	-0.558449
		*TM_ROTANGLE 0.651527
		*TM_SCALE 1	1	1
		*TM_SCALEAXIS 0	0	0
		*TM_SCALEAXISANG 0	0	0
	}
}
*HELPEROBJECT {
	*NODE_NAME "Bip01 L Clavicle"
	*NODE_PARENT "Bip01 Neck"
	*NODE_TM {
		*NODE_NAME "Bip01 L Clavicle"
		*TM_ROW0 0.343247	-0.887333	0.307932
		*TM_ROW1 0.913452	0.391675	0.110434
		*TM_ROW2 -0.2186	0.243375	0.944977
		*TM_ROW3 102.09	0.0790369	143.907
		*TM_POS 102.09	0.0790369	143.907
		*TM_ROTAXIS 0.0706802	0.279938	0.957413
		*TM_ROTANGLE 1.22393
		*TM_SCALE 1	1	1
		*TM_SCALEAXIS 0	0	0
		*TM_SCALEAXISANG 0	0	0
	}
}
*HELPEROBJECT {
	*NODE_NAME "Bip01 L UpperArm"
	*NODE_PARENT "Bip01 L Clavicle"
	*NODE_TM {
		*NODE_NAME "Bip01 L UpperArm"
		*TM_ROW0 0.105933	-0.994218	0.0175471
		*TM_ROW1 0.979278	0.101245	-0.175398
		*TM_ROW2 0.172607	0.0357638	0.984341
		*TM_ROW3 106.664	-11.7456	148.01
		*TM_POS 106.664	-11.7456	148.01
		*TM_ROTAXIS 0.106068	-0.077888	0.991304
		*TM_ROTANGLE 1.47489
		*TM_SCALE 1	1	1
		*TM_SCALEAXIS 0	0	0
		*TM_SCALEAXISANG 0	0	0
	}
}
*HELPEROBJECT {
	*NODE_NAME "Bip01 L Forearm"
	*NODE_PARENT "Bip01 L UpperArm"
	*NODE_TM {
		*NODE_NAME "Bip01 L Forearm"
		*TM_ROW0 0.0537749	-0.998192	0.0268375
		*TM_ROW1 0.983522	0.0483005	-0.174218
		*TM_ROW2 0.172607	0.0357638	0.984341
		*TM_ROW3 109.62	-39.4904	148.5
		*TM_POS 109.62	-39.4904	148.5
		*TM_ROTAXIS 0.105089	-0.072953	0.991783
		*TM_ROTANGLE 1.52757
		*TM_SCALE 1	1	1
		*TM_SCALEAXIS 0	0	0
		*TM_SCALEAXISANG 0	0	0
	}
}
*HELPEROBJECT {
	*NODE_NAME "Bip01 L Hand"
	*NODE_PARENT "Bip01 L Forearm"
	*NODE_TM {
		*NODE_NAME "Bip01 L Hand"
		*TM_ROW0 0.299205	-0.932532	0.202137
		*TM_ROW1 -0.893023	-0.348296	-0.284957
		*TM_ROW2 0.336135	-0.0952527	-0.936984
		*TM_ROW3 111.116	-67.2565	149.246
		*TM_POS 111.116	-67.2565	149.246
		*TM_ROTAXIS -0.80522	0.568768	-0.167704
		*TM_ROTANGLE 3.25966
		*TM_SCALE 1	1	1
		*TM_SCALEAXIS 0	0	0
		*TM_SCALEAXISANG 0	0	0
	}
}
*HELPEROBJECT {
	*NODE_NAME "Bip01 L Finger0"
	*NODE_PARENT "Bip01 L Hand"
	*NODE_TM {
		*NODE_NAME "Bip01 L Finger0"
		*TM_ROW0 0.299204	-0.932533	0.202136
		*TM_ROW1 -0.893279	-0.348222	-0.284242
		*TM_ROW2 0.335453	-0.0955175	-0.937202
		*TM_ROW3 114.967	-79.258	151.848
		*TM_POS 114.967	-79.258	151.848
		*TM_ROTAXIS -0.805227	0.568822	-0.167483
		*TM_ROTANGLE 3.25905
		*TM_SCALE 1	1	1
		*TM_SCALEAXIS 0	0	0
		*TM_SCALEAXISANG 0	0	0
	}
}
*HELPEROBJECT {
	*NODE_NAME "zs_LeftHand"
	*NODE_PARENT "Bip01 L Hand"
	*NODE_TM {
		*NODE_NAME "zs_LeftHand"
		*TM_ROW0 0.264702	-0.00447173	-0.96432
		*TM_ROW1 0.416183	-0.901537	0.118421
		*TM_ROW2 -0.869899	-0.43268	-0.236778
		*TM_ROW3 87.5781	-199.114	96.072
		*TM_POS 87.5781	-199.114	96.072
		*TM_ROTAXIS -0.787627	-0.134945	0.601194
		*TM_ROTANGLE 2.78418
		*TM_SCALE 1	1	1
		*TM_SCALEAXIS 0	0	0
		*TM_SCALEAXISANG 0	0	0
	}
}
*HELPEROBJECT {
	*NODE_NAME "zs_LeftArm"
	*NODE_PARENT "Bip01 L Forearm"
	*NODE_TM {
		*NODE_NAME "zs_LeftArm"
		*TM_ROW0 0.185219	-0.981907	-0.0394105
		*TM_ROW1 0.975804	0.188513	-0.110764
		*TM_ROW2 0.116189	-0.0179414	0.993065
		*TM_ROW3 -40.4186	-307.943	234.862
		*TM_POS -40.4186	-307.943	234.862
		*TM_ROTAXIS 0.0472119	-0.0791421	0.995745
		*TM_ROTANGLE 1.38635
		*TM_SCALE 1	1	1
		*TM_SCALEAXIS 0	0	0
		*TM_SCALEAXISANG 0	0	0
	}
}
*HELPEROBJECT {
	*NODE_NAME "Bip01 R Clavicle"
	*NODE_PARENT "Bip01 Neck"
	*NODE_TM {
		*NODE_NAME "Bip01 R Clavicle"
		*TM_ROW0 -0.73824	0.59506	-0.317654
		*TM_ROW1 0.61029	0.78981	0.0612091
		*TM_ROW2 0.287309	-0.148674	-0.946229
		*TM_ROW3 100.282	15.8922	143.293
		*TM_POS 100.282	15.8922	143.293
		*TM_ROTAXIS -0.327677	-0.94449	0.0237776
		*TM_ROTANGLE 2.81559
		*TM_SCALE 1	1	1
		*TM_SCALEAXIS 0	0	0
		*TM_SCALEAXISANG 0	0	0
	}
}
*HELPEROBJECT {
	*NODE_NAME "Bip01 R UpperArm"
	*NODE_PARENT "Bip01 R Clavicle"
	*NODE_TM {
		*NODE_NAME "Bip01 R UpperArm"
		*TM_ROW0 -0.616576	-0.786162	-0.042222
		*TM_ROW1 -0.545953	0.465591	-0.696534
		*TM_ROW2 0.567247	-0.406415	-0.71628
		*TM_ROW3 90.444	23.822	139.06
		*TM_POS 90.444	23.822	139.06
		*TM_ROTAXIS 0.404931	-0.850661	0.33527
		*TM_ROTANGLE 2.77522
		*TM_SCALE 1	1	1
		*TM_SCALEAXIS 0	0	0
		*TM_SCALEAXISANG 0	0	0
	}
}
*HELPEROBJECT {
	*NODE_NAME "Bip01 R Forearm"
	*NODE_PARENT "Bip01 R UpperArm"
	*NODE_TM {
		*NODE_NAME "Bip01 R Forearm"
		*TM_ROW0 0.61614	-0.367669	0.696557
		*TM_ROW1 -0.546445	-0.836449	0.0418496
		*TM_ROW2 0.567247	-0.406415	-0.71628
		*TM_ROW3 73.2376	1.88313	137.882
		*TM_POS 73.2376	1.88313	137.882
		*TM_ROTAXIS -0.897206	0.258814	-0.357822
		*TM_ROTANGLE 2.88911
		*TM_SCALE 1	1	1
		*TM_SCALEAXIS 0	0	0
		*TM_SCALEAXISANG 0	0	0
	}
}
*HELPEROBJECT {
	*NODE_NAME "Bip01 R Hand"
	*NODE_PARENT "Bip01 R Forearm"
	*NODE_TM {
		*NODE_NAME "Bip01 R Hand"
		*TM_ROW0 0.42203	-0.900574	0.104197
		*TM_ROW1 0.0508362	-0.0912448	-0.99453
		*TM_ROW2 0.905155	0.425018	0.00727376
		*TM_ROW3 90.3764	-8.34406	157.258
		*TM_POS 90.3764	-8.34406	157.258
		*TM_ROTAXIS 0.752165	-0.424398	0.504117
		*TM_ROTANGLE 1.90813
		*TM_SCALE 1	1	1
		*TM_SCALEAXIS 0	0	0
		*TM_SCALEAXISANG 0	0	0
	}
}
*HELPEROBJECT {
	*NODE_NAME "Bip01 R Finger0"
	*NODE_PARENT "Bip01 R Hand"
	*NODE_TM {
		*NODE_NAME "Bip01 R Finger0"
		*TM_ROW0 0.422028	-0.900575	0.104198
		*TM_ROW1 0.0515297	-0.0909203	-0.994524
		*TM_ROW2 0.905117	0.425087	0.00803543
		*TM_ROW3 95.8079	-19.9343	158.599
		*TM_POS 95.8079	-19.9343	158.599
		*TM_ROTAXIS 0.752047	-0.424291	0.504383
		*TM_ROTANGLE 1.90755
		*TM_SCALE 1	1	1
		*TM_SCALEAXIS 0	0	0
		*TM_SCALEAXISANG 0	0	0
	}
}
*HELPEROBJECT {
	*NODE_NAME "zs_RightHand"
	*NODE_PARENT "Bip01 R Hand"
	*NODE_TM {
		*NODE_NAME "zs_RightHand"
		*TM_ROW0 -0.373524	0.922474	-0.0975807
		*TM_ROW1 -0.797796	-0.265793	0.541179
		*TM_ROW2 0.473287	0.279993	0.835226
		*TM_ROW3 291.452	-461.379	212.757
		*TM_POS 291.452	-461.379	212.757
		*TM_ROTAXIS -0.142628	-0.311739	-0.939402
		*TM_ROTANGLE 1.98455
		*TM_SCALE 1	1	1
		*TM_SCALEAXIS 0	0	0
		*TM_SCALEAXISANG 0	0	0
	}
}
*HELPEROBJECT {
	*NODE_NAME "zs_Crossbow"
	*NODE_PARENT "Bip01 Spine2"
	*NODE_TM {
		*NODE_NAME "zs_Crossbow"
		*TM_ROW0 -0.429544	0.368344	0.824509
		*TM_ROW1 0.0550698	0.922016	-0.383215
		*TM_ROW2 -0.901365	-0.119202	-0.416331
		*TM_ROW3 173.942	398.288	1441.76
		*TM_POS 173.942	398.288	1441.76
		*TM_ROTAXIS 0.148837	0.972963	-0.176609
		*TM_ROTANGLE 2.05097
		*TM_SCALE 1	1	1
		*TM_SCALEAXIS 0	0	0
		*TM_SCALEAXISANG 0	0	0
	}
}
*HELPEROBJECT {
	*NODE_NAME "zs_Longsword"
	*NODE_PARENT "Bip01 Spine2"
	*NODE_TM {
		*NODE_NAME "zs_Longsword"
		*TM_ROW0 -0.406874	0.486926	0.772888
		*TM_ROW1 0.131122	0.868458	-0.478109
		*TM_ROW2 -0.904025	-0.0931876	-0.4172
		*TM_ROW3 145.489	470.008	1168.15
		*TM_POS 145.489	470.008	1168.15
		*TM_ROTAXIS 0.219088	0.954457	-0.202515
		*TM_ROTANGLE 2.06895
		*TM_SCALE 1	1	1
		*TM_SCALEAXIS 0	0	0
		*TM_SCALEAXISANG 0	0	0
	}
}
*HELPEROBJECT {
	*NODE_NAME "zs_Shield"
	*NODE_PARENT "Bip01 Spine2"
	*NODE_TM {
		*NODE_NAME "zs_Shield"
		*TM_ROW0 0.410452	0.0255317	-0.911525
		*TM_ROW1 0.269533	0.951547	0.148021
		*TM_ROW2 0.871138	-0.306442	0.383683
		*TM_ROW3 496.24	-135.319	476.276
		*TM_POS 496.24	-135.319	476.276
		*TM_ROTAXIS -0.244889	-0.960595	0.131481
		*TM_ROTANGLE 1.18873
		*TM_SCALE 1	1	1
		*TM_SCALEAXIS 0	0	0
		*TM_SCALEAXISANG 0	0	0
	}
}
*HELPEROBJECT {
	*NODE_NAME "zs_Bow"
	*NODE_PARENT "Bip01 Spine2"
	*NODE_TM {
		*NODE_NAME "zs_Bow"
		*TM_ROW0 -0.178195	0.275038	0.944775
		*TM_ROW1 0.95218	0.290375	0.0950589
		*TM_ROW2 -0.248194	0.916535	-0.313629
		*TM_ROW3 614.517	145.7	163.953
		*TM_POS 614.517	145.7	163.953
		*TM_ROTAXIS -0.513772	-0.746113	-0.423501
		*TM_ROTANGLE 4.06798
		*TM_SCALE 1	1	1
		*TM_SCALEAXIS 0	0	0
		*TM_SCALEAXISANG 0	0	0
	}
}
*HELPEROBJECT {
	*NODE_NAME "zs_Sword"
	*NODE_PARENT "Bip01 Spine"
	*NODE_TM {
		*NODE_NAME "zs_Sword"
		*TM_ROW0 -0.29945	-0.240773	0.923232
		*TM_ROW1 0.781628	0.493013	0.382095
		*TM_ROW2 -0.547164	0.836042	0.0405626
		*TM_ROW3 334.997	-215.586	126.589
		*TM_POS 334.997	-215.586	126.589
		*TM_ROTAXIS 0.245702	0.795863	0.553382
		*TM_ROTANGLE 1.96377
		*TM_SCALE 1	1	1
		*TM_SCALEAXIS 0	0	0
		*TM_SCALEAXISANG 0	0	0
	}
}
*HELPEROBJECT {
	*NODE_NAME "Bip01 L Thigh"
	*NODE_PARENT "Bip01 Pelvis"
	*NODE_TM {
		*NODE_NAME "Bip01 L Thigh"
		*TM_ROW0 0.0420572	-0.359917	-0.932036
		*TM_ROW1 -0.0143039	-0.932983	0.359637
		*TM_ROW2 -0.999013	-0.00179358	-0.0443869
		*TM_ROW3 107.478	1.24755	93.5773
		*TM_POS 107.478	1.24755	93.5773
		*TM_ROTAXIS -0.716349	0.132747	0.684998
		*TM_ROTANGLE 2.88656
		*TM_SCALE 1	1	1
		*TM_SCALEAXIS 0	0	0
		*TM_SCALEAXISANG 0	0	0
	}
	*TM_ANIMATION {
		*NODE_NAME "Bip01 L Thigh"
		*CONTROL_POS_TRACK {
			*CONTROL_POS_SAMPLE 192	7.22827	1.24755	93.3697
			*CONTROL_POS_SAMPLE 384	10.7439	1.24744	93.4114
			*CONTROL_POS_SAMPLE 576	14.2602	1.24738	93.4615
			*CONTROL_POS_SAMPLE 768	17.7769	1.24734	93.5163
			*CONTROL_POS_SAMPLE 960	21.2937	1.24731	93.5723
			*CONTROL_POS_SAMPLE 1152	24.8102	1.24727	93.2371
			*CONTROL_POS_SAMPLE 1344	28.3294	1.2472	92.93
			*CONTROL_POS_SAMPLE 1536	31.8487	1.24702	92.6253
			*CONTROL_POS_SAMPLE 1728	35.3679	1.24692	92.3194
			*CONTROL_POS_SAMPLE 1920	38.8869	1.24703	92.0088
			*CONTROL_POS_SAMPLE 2112	42.4057	1.24748	91.69
			*CONTROL_POS_SAMPLE 2304	45.9239	1.248	92.0641
			*CONTROL_POS_SAMPLE 2496	49.9741	1.24844	92.4298
			*CONTROL_POS_SAMPLE 2688	54.0243	1.24911	92.7914
			*CONTROL_POS_SAMPLE 2880	58.0749	1.25028	93.1533
			*CONTROL_POS_SAMPLE 3072	62.1265	1.2522	93.52
			*CONTROL_POS_SAMPLE 3264	66.1794	1.25506	93.2579
			*CONTROL_POS_SAMPLE 3456	70.2356	1.26047	92.9741
			*CONTROL_POS_SAMPLE 3648	74.2948	1.2684	92.7185
			*CONTROL_POS_SAMPLE 3840	78.3544	1.27667	92.5377
			*CONTROL_POS_SAMPLE 4032	82.412	1.28303	92.4784
			*CONTROL_POS_SAMPLE 4224	86.4652	1.28515	92.5699
			*CONTROL_POS_SAMPLE 4416	91.7234	1.2806	92.7745
			*CONTROL_POS_SAMPLE 4608	96.9762	1.27065	93.0432
			*CONTROL_POS_SAMPLE 4800	102.227	1.25856	93.3272
			*CONTROL_POS_SAMPLE 4992	107.478	1.24755	93.5773
		}
		*CONTROL_ROT_TRACK {
			*CONTROL_ROT_SAMPLE 192	-0.723946	0.182018	0.665411	3.0002
			*CONTROL_ROT_SAMPLE 384	-0.724643	0.140831	0.674581	2.91333
			*CONTROL_ROT_SAMPLE 576	-0.715816	0.124983	0.687013	2.87955
			*CONTROL_ROT_SAMPLE 768	-0.701699	0.123851	0.701626	2.87707
			*CONTROL_ROT_SAMPLE 960	0.685875	-0.126141	-0.716703	3.39703
			*CONTROL_ROT_SAMPLE 1152	0.671428	-0.125289	-0.730402	3.40518
			*CONTROL_ROT_SAMPLE 1344	0.657038	-0.121543	-0.743995	3.40967
			*CONTROL_ROT_SAMPLE 1536	0.641616	-0.120703	-0.757469	3.40424
			*CONTROL_ROT_SAMPLE 1728	0.628732	-0.117096	-0.768755	3.40041
			*CONTROL_ROT_SAMPLE 1920	0.603866	-0.102349	-0.790487	3.35858
			*CONTROL_ROT_SAMPLE 2112	0.5907	-0.10688	-0.799781	3.35153
			*CONTROL_ROT_SAMPLE 2304	0.599097	-0.142637	-0.787869	3.40361
			*CONTROL_ROT_SAMPLE 2496	0.608457	-0.179746	-0.772963	3.45307
			*CONTROL_ROT_SAMPLE 2688	0.621315	-0.214393	-0.75366	3.49278
			*CONTROL_ROT_SAMPLE 2880	0.637767	-0.24276	-0.730973	3.51727
			*CONTROL_ROT_SAMPLE 3072	0.657088	-0.262065	-0.706794	3.52353
			*CONTROL_ROT_SAMPLE 3264	0.676309	-0.275367	-0.683212	3.51966
			*CONTROL_ROT_SAMPLE 3456	-0.697947	0.275344	0.661102	2.794
			*CONTROL_ROT_SAMPLE 3648	-0.722018	0.261928	0.640378	2.85142
			*CONTROL_ROT_SAMPLE 3840	-0.745785	0.236606	0.622754	2.92944
			*CONTROL_ROT_SAMPLE 4032	-0.767861	0.200181	0.608537	3.02179
			*CONTROL_ROT_SAMPLE 4224	-0.78747	0.152773	0.597119	3.12163
			*CONTROL_ROT_SAMPLE 4416	-0.768079	0.155806	0.621111	3.0694
			*CONTROL_ROT_SAMPLE 4608	-0.750285	0.154626	0.642778	2.99836
			*CONTROL_ROT_SAMPLE 4800	-0.733239	0.146665	0.663965	2.93751
			*CONTROL_ROT_SAMPLE 4992	-0.716349	0.132747	0.684998	2.88656
		}
	}
}
*HELPEROBJECT {
	*NODE_NAME "Bip01 L Calf"
	*NODE_PARENT "Bip01 L Thigh"
	*NODE_TM {
		*NODE_NAME "Bip01 L Calf"
		*TM_ROW0 0.0414126	0.323971	-0.94516
		*TM_ROW1 0.0160753	-0.946065	-0.323577
		*TM_ROW2 -0.999013	-0.0017936	-0.044387
		*TM_ROW3 109.133	-12.9133	56.9065
		*TM_POS 109.133	-12.9133	56.9065
		*TM_ROTAXIS -0.717301	-0.120045	0.686344
		*TM_ROTANGLE 3.36782
		*TM_SCALE 1	1	1
		*TM_SCALEAXIS 0	0	0
		*TM_SCALEAXISANG 0	0	0
	}
	*TM_ANIMATION {
		*NODE_NAME "Bip01 L Calf"
		*CONTROL_POS_TRACK {
			*CONTROL_POS_SAMPLE 192	9.31136	-12.7591	56.6615
			*CONTROL_POS_SAMPLE 384	13.2043	-12.6848	56.6983
			*CONTROL_POS_SAMPLE 576	15.8903	-12.6747	56.6983
			*CONTROL_POS_SAMPLE 768	17.872	-12.6896	56.7227
			*CONTROL_POS_SAMPLE 960	19.6425	-12.575	56.7724
			*CONTROL_POS_SAMPLE 1152	21.6861	-12.7455	56.5975
			*CONTROL_POS_SAMPLE 1344	23.7535	-12.6783	56.4176
			*CONTROL_POS_SAMPLE 1536	25.6919	-12.4804	56.2705
			*CONTROL_POS_SAMPLE 1728	27.9218	-12.191	56.0979
			*CONTROL_POS_SAMPLE 1920	28.8228	-10.2552	55.7537
			*CONTROL_POS_SAMPLE 2112	31.0802	-10.2237	55.799
			*CONTROL_POS_SAMPLE 2304	35.683	-13.3912	57.0094
			*CONTROL_POS_SAMPLE 2496	40.9541	-16.4709	58.4787
			*CONTROL_POS_SAMPLE 2688	46.5306	-19.1138	59.9705
			*CONTROL_POS_SAMPLE 2880	52.3647	-21.0601	61.2526
			*CONTROL_POS_SAMPLE 3072	58.368	-22.1748	62.1342
			*CONTROL_POS_SAMPLE 3264	64.3344	-22.8046	62.1815
			*CONTROL_POS_SAMPLE 3456	70.4296	-22.2698	61.4415
			*CONTROL_POS_SAMPLE 3648	76.759	-20.511	60.0443
			*CONTROL_POS_SAMPLE 3840	83.1679	-17.6122	58.3608
			*CONTROL_POS_SAMPLE 4032	89.5792	-13.6306	56.7821
			*CONTROL_POS_SAMPLE 4224	95.9195	-8.64959	55.6927
			*CONTROL_POS_SAMPLE 4416	98.8432	-9.88672	55.7257
			*CONTROL_POS_SAMPLE 4608	102.104	-11.4217	56.1566
			*CONTROL_POS_SAMPLE 4800	105.566	-12.4105	56.5845
			*CONTROL_POS_SAMPLE 4992	109.133	-12.9133	56.9065
		}
		*CONTROL_ROT_TRACK {
			*CONTROL_ROT_SAMPLE 192	-0.7504	-0.0719917	0.657051	3.45494
			*CONTROL_ROT_SAMPLE 384	-0.730322	-0.108844	0.674375	3.37425
			*CONTROL_ROT_SAMPLE 576	-0.714202	-0.121004	0.689401	3.35088
			*CONTROL_ROT_SAMPLE 768	0.700705	0.117559	-0.703699	2.92464
			*CONTROL_ROT_SAMPLE 960	0.687913	0.108025	-0.717709	2.91047
			*CONTROL_ROT_SAMPLE 1152	0.67351	0.106812	-0.73142	2.90332
			*CONTROL_ROT_SAMPLE 1344	0.658785	0.104437	-0.745047	2.90101
			*CONTROL_ROT_SAMPLE 1536	0.644985	0.0969061	-0.758026	2.8944
			*CONTROL_ROT_SAMPLE 1728	0.63248	0.0916064	-0.769141	2.89417
			*CONTROL_ROT_SAMPLE 1920	0.608948	0.069224	-0.790184	2.91318
			*CONTROL_ROT_SAMPLE 2112	0.598203	0.0606454	-0.799046	2.90275
			*CONTROL_ROT_SAMPLE 2304	0.612922	0.0756875	-0.78651	2.83992
			*CONTROL_ROT_SAMPLE 2496	0.630375	0.0929355	-0.770708	2.77946
			*CONTROL_ROT_SAMPLE 2688	0.651547	0.111852	-0.750317	2.73042
			*CONTROL_ROT_SAMPLE 2880	0.674665	0.130402	-0.726514	2.69911
			*CONTROL_ROT_SAMPLE 3072	0.69782	0.145657	-0.701306	2.68743
			*CONTROL_ROT_SAMPLE 3264	-0.719076	-0.157811	0.676776	3.59669
			*CONTROL_ROT_SAMPLE 3456	-0.740118	-0.159167	0.653369	3.57917
			*CONTROL_ROT_SAMPLE 3648	-0.761715	-0.147703	0.630851	3.54735
			*CONTROL_ROT_SAMPLE 3840	-0.781612	-0.123195	0.611478	3.508
			*CONTROL_ROT_SAMPLE 4032	-0.797726	-0.0869488	0.596718	3.46313
			*CONTROL_ROT_SAMPLE 4224	-0.808345	-0.0416591	0.587234	3.4105
			*CONTROL_ROT_SAMPLE 4416	-0.788092	-0.0574283	0.612872	3.40743
			*CONTROL_ROT_SAMPLE 4608	-0.765981	-0.0822027	0.637585	3.39736
			*CONTROL_ROT_SAMPLE 4800	-0.742291	-0.102838	0.66214	3.3842
			*CONTROL_ROT_SAMPLE 4992	-0.717301	-0.120045	0.686344	3.36782
		}
	}
}
*HELPEROBJECT {
	*NODE_NAME "Bip01 L Foot"
	*NODE_PARENT "Bip01 L Calf"
	*NODE_TM {
		*NODE_NAME "Bip01 L Foot"
		*TM_ROW0 0.000337568	-0.000159174	-1
		*TM_ROW1 -0.108085	-0.994142	0.000121754
		*TM_ROW2 -0.994142	0.108085	-0.000352795
		*TM_ROW3 111.166	2.99293	10.5013
		*TM_POS 111.166	2.99293	10.5013
		*TM_ROTAXIS -0.706709	0.0383477	0.706464
		*TM_ROTANGLE 3.21805
		*TM_SCALE 1	1	1
		*TM_SCALEAXIS 0	0	0
		*TM_SCALEAXISANG 0	0	0
	}
	*TM_ANIMATION {
		*NODE_NAME "Bip01 L Foot"
		*CONTROL_POS_TRACK {
			*CONTROL_POS_SAMPLE 192	16.5521	2.36041	10.5144
			*CONTROL_POS_SAMPLE 384	17.0984	2.64983	10.2196
			*CONTROL_POS_SAMPLE 576	17.4054	2.75124	10.1115
			*CONTROL_POS_SAMPLE 768	17.5729	2.74141	10.114
			*CONTROL_POS_SAMPLE 960	17.7009	2.69694	10.1507
			*CONTROL_POS_SAMPLE 1152	17.8893	2.69461	10.1457
			*CONTROL_POS_SAMPLE 1344	18.0728	2.69639	10.1366
			*CONTROL_POS_SAMPLE 1536	18.3157	2.67028	10.1551
			*CONTROL_POS_SAMPLE 1728	19.0023	2.65992	10.158
			*CONTROL_POS_SAMPLE 1920	16.94	2.61514	9.88722
			*CONTROL_POS_SAMPLE 2112	18.0165	2.56947	10.2331
			*CONTROL_POS_SAMPLE 2304	24.8589	2.53457	11.8453
			*CONTROL_POS_SAMPLE 2496	32.7954	2.5007	13.9355
			*CONTROL_POS_SAMPLE 2688	41.4731	2.4679	16.1615
			*CONTROL_POS_SAMPLE 2880	50.5391	2.43629	18.181
			*CONTROL_POS_SAMPLE 3072	59.6404	2.40592	19.6519
			*CONTROL_POS_SAMPLE 3264	68.424	2.37689	20.2321
			*CONTROL_POS_SAMPLE 3456	77.2129	2.34613	19.5056
			*CONTROL_POS_SAMPLE 3648	86.3088	2.31386	17.6367
			*CONTROL_POS_SAMPLE 3840	95.3275	2.28502	15.1541
			*CONTROL_POS_SAMPLE 4032	103.885	2.26463	12.5862
			*CONTROL_POS_SAMPLE 4224	111.596	2.2576	10.4616
			*CONTROL_POS_SAMPLE 4416	111.387	2.38488	9.87113
			*CONTROL_POS_SAMPLE 4608	111.28	2.58002	10.0011
			*CONTROL_POS_SAMPLE 4800	111.219	2.78554	10.2412
			*CONTROL_POS_SAMPLE 4992	111.166	2.99293	10.5013
		}
		*CONTROL_ROT_TRACK {
			*CONTROL_ROT_SAMPLE 192	-0.706709	0.0383477	0.706464	3.21805
			*CONTROL_ROT_SAMPLE 384	-0.706276	0.0523697	0.705997	3.24601
			*CONTROL_ROT_SAMPLE 576	-0.706081	0.0575481	0.705789	3.25633
			*CONTROL_ROT_SAMPLE 768	-0.706083	0.057487	0.705792	3.2562
			*CONTROL_ROT_SAMPLE 960	-0.706149	0.0557971	0.705862	3.25284
			*CONTROL_ROT_SAMPLE 1152	-0.706137	0.0560896	0.70585	3.25342
			*CONTROL_ROT_SAMPLE 1344	-0.706119	0.0565772	0.70583	3.25439
			*CONTROL_ROT_SAMPLE 1536	-0.70615	0.0557505	0.705864	3.25275
			*CONTROL_ROT_SAMPLE 1728	-0.706154	0.0556652	0.705867	3.25258
			*CONTROL_ROT_SAMPLE 1920	-0.706219	0.0539323	0.705936	3.24912
			*CONTROL_ROT_SAMPLE 2112	-0.706281	0.0522142	0.706003	3.2457
			*CONTROL_ROT_SAMPLE 2304	-0.70632	0.0511201	0.706044	3.24352
			*CONTROL_ROT_SAMPLE 2496	-0.706355	0.0501177	0.706082	3.24152
			*CONTROL_ROT_SAMPLE 2688	-0.706387	0.0491794	0.706116	3.23965
			*CONTROL_ROT_SAMPLE 2880	-0.706417	0.0482773	0.706148	3.23785
			*CONTROL_ROT_SAMPLE 3072	-0.706446	0.047384	0.706179	3.23607
			*CONTROL_ROT_SAMPLE 3264	-0.706475	0.0464715	0.706211	3.23425
			*CONTROL_ROT_SAMPLE 3456	-0.706504	0.0455516	0.706242	3.23242
			*CONTROL_ROT_SAMPLE 3648	-0.706532	0.044649	0.706272	3.23062
			*CONTROL_ROT_SAMPLE 3840	-0.706558	0.0437565	0.706301	3.22884
			*CONTROL_ROT_SAMPLE 4032	-0.706585	0.0428663	0.706329	3.22707
			*CONTROL_ROT_SAMPLE 4224	-0.70661	0.0419709	0.706357	3.22528
			*CONTROL_ROT_SAMPLE 4416	-0.706636	0.0410688	0.706385	3.22348
			*CONTROL_ROT_SAMPLE 4608	-0.706661	0.0401624	0.706412	3.22167
			*CONTROL_ROT_SAMPLE 4800	-0.706685	0.0392551	0.706438	3.21986
			*CONTROL_ROT_SAMPLE 4992	-0.706709	0.0383477	0.706464	3.21805
		}
	}
}
*HELPEROBJECT {
	*NODE_NAME "Bip01 L Toe0"
	*NODE_PARENT "Bip01 L Foot"
	*NODE_TM {
		*NODE_NAME "Bip01 L Toe0"
		*TM_ROW0 -0.108085	-0.994142	4.63444e-005
		*TM_ROW1 -0.000347825	8.44239e-005	1
		*TM_ROW2 -0.994142	0.108085	-0.000354912
		*TM_ROW3 108.723	-19.5203	-2.12267
		*TM_POS 108.723	-19.5203	-2.12267
		*TM_ROTAXIS 0.53575	-0.597183	-0.596946
		*TM_ROTANGLE 4.12501
		*TM_SCALE 1	1	1
		*TM_SCALEAXIS 0	0	0
		*TM_SCALEAXISANG 0	0	0
	}
	*TM_ANIMATION {
		*NODE_NAME "Bip01 L Toe0"
		*CONTROL_POS_TRACK {
			*CONTROL_POS_SAMPLE 192	14.1089	-20.1528	-2.10955
			*CONTROL_POS_SAMPLE 384	13.7665	-19.7492	-2.40413
			*CONTROL_POS_SAMPLE 576	13.7466	-19.5967	-2.51216
			*CONTROL_POS_SAMPLE 768	13.918	-19.6072	-2.50976
			*CONTROL_POS_SAMPLE 960	14.1526	-19.6688	-2.47299
			*CONTROL_POS_SAMPLE 1152	14.3225	-19.6682	-2.47801
			*CONTROL_POS_SAMPLE 1344	14.4752	-19.6615	-2.48717
			*CONTROL_POS_SAMPLE 1536	14.7703	-19.696	-2.46861
			*CONTROL_POS_SAMPLE 1728	15.4623	-19.7072	-2.46571
			*CONTROL_POS_SAMPLE 1920	13.5094	-19.769	-2.73654
			*CONTROL_POS_SAMPLE 2112	14.6944	-19.831	-2.39072
			*CONTROL_POS_SAMPLE 2304	21.606	-19.876	-0.778471
			*CONTROL_POS_SAMPLE 2496	29.6059	-19.919	1.3117
			*CONTROL_POS_SAMPLE 2688	38.3429	-19.9602	3.53764
			*CONTROL_POS_SAMPLE 2880	47.466	-19.9997	5.55713
			*CONTROL_POS_SAMPLE 3072	56.6238	-20.0377	7.02807
			*CONTROL_POS_SAMPLE 3264	65.4653	-20.0744	7.60825
			*CONTROL_POS_SAMPLE 3456	74.3125	-20.1128	6.8817
			*CONTROL_POS_SAMPLE 3648	83.4656	-20.1523	5.01282
			*CONTROL_POS_SAMPLE 3840	92.5409	-20.1883	2.53018
			*CONTROL_POS_SAMPLE 4032	101.155	-20.2156	-0.0377237
			*CONTROL_POS_SAMPLE 4224	108.923	-20.2294	-2.16237
			*CONTROL_POS_SAMPLE 4416	108.771	-20.1089	-2.75281
			*CONTROL_POS_SAMPLE 4608	108.722	-19.9204	-2.62282
			*CONTROL_POS_SAMPLE 4800	108.718	-19.7213	-2.38275
			*CONTROL_POS_SAMPLE 4992	108.723	-19.5203	-2.12267
		}
		*CONTROL_ROT_TRACK {
			*CONTROL_ROT_SAMPLE 192	0.53575	-0.597183	-0.596946	4.12501
			*CONTROL_ROT_SAMPLE 384	0.520553	-0.603886	-0.603612	4.10122
			*CONTROL_ROT_SAMPLE 576	0.514949	-0.606291	-0.606003	4.09237
			*CONTROL_ROT_SAMPLE 768	0.515015	-0.606263	-0.605975	4.09248
			*CONTROL_ROT_SAMPLE 960	0.516843	-0.605482	-0.605199	4.09537
			*CONTROL_ROT_SAMPLE 1152	0.516526	-0.605617	-0.605333	4.09487
			*CONTROL_ROT_SAMPLE 1344	0.515999	-0.605843	-0.605557	4.09403
			*CONTROL_ROT_SAMPLE 1536	0.516893	-0.60546	-0.605177	4.09545
			*CONTROL_ROT_SAMPLE 1728	0.516986	-0.605421	-0.605138	4.09559
			*CONTROL_ROT_SAMPLE 1920	0.518861	-0.604615	-0.604337	4.09855
			*CONTROL_ROT_SAMPLE 2112	0.520721	-0.603813	-0.603539	4.10149
			*CONTROL_ROT_SAMPLE 2304	0.521906	-0.6033	-0.603029	4.10335
			*CONTROL_ROT_SAMPLE 2496	0.522991	-0.602828	-0.60256	4.10506
			*CONTROL_ROT_SAMPLE 2688	0.524007	-0.602385	-0.60212	4.10666
			*CONTROL_ROT_SAMPLE 2880	0.524985	-0.601958	-0.601695	4.10819
			*CONTROL_ROT_SAMPLE 3072	0.525953	-0.601534	-0.601274	4.10971
			*CONTROL_ROT_SAMPLE 3264	0.526941	-0.6011	-0.600842	4.11126
			*CONTROL_ROT_SAMPLE 3456	0.527938	-0.600662	-0.600406	4.11282
			*CONTROL_ROT_SAMPLE 3648	0.528917	-0.60023	-0.599976	4.11435
			*CONTROL_ROT_SAMPLE 3840	0.529884	-0.599802	-0.59955	4.11587
			*CONTROL_ROT_SAMPLE 4032	0.530849	-0.599373	-0.599125	4.11737
			*CONTROL_ROT_SAMPLE 4224	0.53182	-0.598942	-0.598695	4.11889
			*CONTROL_ROT_SAMPLE 4416	0.532798	-0.598505	-0.598262	4.12042
			*CONTROL_ROT_SAMPLE 4608	0.533782	-0.598066	-0.597825	4.12195
			*CONTROL_ROT_SAMPLE 4800	0.534766	-0.597625	-0.597386	4.12348
			*CONTROL_ROT_SAMPLE 4992	0.53575	-0.597183	-0.596946	4.12501
		}
	}
}
*HELPEROBJECT {
	*NODE_NAME "Bip01 R Thigh"
	*NODE_PARENT "Bip01 Pelvis"
	*NODE_TM {
		*NODE_NAME "Bip01 R Thigh"
		*TM_ROW0 -0.534909	-0.0556588	-0.843074
		*TM_ROW1 -0.709904	-0.511472	0.484183
		*TM_ROW2 -0.458158	0.857495	0.234079
		*TM_ROW3 97.618	16.3133	94.3083
		*TM_POS 97.618	16.3133	94.3083
		*TM_ROTAXIS 0.441316	-0.455033	-0.773424
		*TM_ROTANGLE 2.70489
		*TM_SCALE 1	1	1
		*TM_SCALEAXIS 0	0	0
		*TM_SCALEAXISANG 0	0	0
	}
	*TM_ANIMATION {
		*NODE_NAME "Bip01 R Thigh"
		*CONTROL_POS_TRACK {
			*CONTROL_POS_SAMPLE 192	-2.63198	16.3133	94.1007
			*CONTROL_POS_SAMPLE 384	0.887473	16.3133	94.1911
			*CONTROL_POS_SAMPLE 576	4.4064	16.3132	94.2731
			*CONTROL_POS_SAMPLE 768	7.925	16.3132	94.3504
			*CONTROL_POS_SAMPLE 960	11.4435	16.3132	94.4266
			*CONTROL_POS_SAMPLE 1152	14.9623	16.3132	94.1162
			*CONTROL_POS_SAMPLE 1344	18.479	16.3133	93.7778
			*CONTROL_POS_SAMPLE 1536	21.9958	16.3134	93.437
			*CONTROL_POS_SAMPLE 1728	25.5125	16.3136	93.0973
			*CONTROL_POS_SAMPLE 1920	29.0294	16.3135	92.7624
			*CONTROL_POS_SAMPLE 2112	32.5465	16.3132	92.4356
			*CONTROL_POS_SAMPLE 2304	36.0642	16.3127	92.8237
			*CONTROL_POS_SAMPLE 2496	40.115	16.312	93.2202
			*CONTROL_POS_SAMPLE 2688	44.166	16.311	93.6208
			*CONTROL_POS_SAMPLE 2880	48.2163	16.3099	94.0211
			*CONTROL_POS_SAMPLE 3072	52.2656	16.3086	94.4167
			*CONTROL_POS_SAMPLE 3264	56.3132	16.3073	94.1656
			*CONTROL_POS_SAMPLE 3456	60.3571	16.3056	93.866
			*CONTROL_POS_SAMPLE 3648	64.3975	16.3033	93.5734
			*CONTROL_POS_SAMPLE 3840	68.4373	16.3011	93.3461
			*CONTROL_POS_SAMPLE 4032	72.4794	16.2995	93.2425
			*CONTROL_POS_SAMPLE 4224	76.5266	16.2992	93.3036
			*CONTROL_POS_SAMPLE 4416	81.7938	16.3011	93.4969
			*CONTROL_POS_SAMPLE 4608	87.0673	16.3048	93.7662
			*CONTROL_POS_SAMPLE 4800	92.3433	16.3093	94.0554
			*CONTROL_POS_SAMPLE 4992	97.618	16.3133	94.3083
		}
		*CONTROL_ROT_TRACK {
			*CONTROL_ROT_SAMPLE 192	0.53862	-0.327605	-0.776249	2.46098
			*CONTROL_ROT_SAMPLE 384	0.494394	-0.379798	-0.781875	2.59184
			*CONTROL_ROT_SAMPLE 576	0.470483	-0.445146	-0.761899	2.74108
			*CONTROL_ROT_SAMPLE 768	0.47289	-0.454436	-0.754893	2.74479
			*CONTROL_ROT_SAMPLE 960	0.487251	-0.451051	-0.747756	2.70775
			*CONTROL_ROT_SAMPLE 1152	0.507033	-0.448986	-0.735751	2.66563
			*CONTROL_ROT_SAMPLE 1344	0.531389	-0.444034	-0.721429	2.61397
			*CONTROL_ROT_SAMPLE 1536	0.557969	-0.436449	-0.705821	2.55611
			*CONTROL_ROT_SAMPLE 1728	0.584505	-0.426776	-0.690084	2.49701
			*CONTROL_ROT_SAMPLE 1920	0.608217	-0.41648	-0.675734	2.44303
			*CONTROL_ROT_SAMPLE 2112	0.625025	-0.408617	-0.665113	2.40336
			*CONTROL_ROT_SAMPLE 2304	0.62464	-0.408283	-0.66568	2.39888
			*CONTROL_ROT_SAMPLE 2496	0.598022	-0.422066	-0.681344	2.4486
			*CONTROL_ROT_SAMPLE 2688	0.574398	-0.431304	-0.695733	2.49087
			*CONTROL_ROT_SAMPLE 2880	0.559998	-0.433528	-0.706015	2.51272
			*CONTROL_ROT_SAMPLE 3072	0.547101	-0.433241	-0.716228	2.53036
			*CONTROL_ROT_SAMPLE 3264	0.527448	-0.436933	-0.728621	2.56301
			*CONTROL_ROT_SAMPLE 3456	0.508031	-0.439275	-0.740906	2.5937
			*CONTROL_ROT_SAMPLE 3648	0.490218	-0.439294	-0.7528	2.61831
			*CONTROL_ROT_SAMPLE 3840	0.475635	-0.436132	-0.763911	2.63078
			*CONTROL_ROT_SAMPLE 4032	0.467488	-0.423979	-0.775691	2.61167
			*CONTROL_ROT_SAMPLE 4224	0.464338	-0.413653	-0.783123	2.58984
			*CONTROL_ROT_SAMPLE 4416	0.448395	-0.427952	-0.784729	2.64064
			*CONTROL_ROT_SAMPLE 4608	0.441089	-0.442103	-0.781015	2.67972
			*CONTROL_ROT_SAMPLE 4800	0.439468	-0.449661	-0.777607	2.69683
			*CONTROL_ROT_SAMPLE 4992	0.441316	-0.455033	-0.773424	2.70489
		}
	}
}
*HELPEROBJECT {
	*NODE_NAME "Bip01 R Calf"
	*NODE_PARENT "Bip01 R Thigh"
	*NODE_TM {
		*NODE_NAME "Bip01 R Calf"
		*TM_ROW0 0.273766	0.386671	-0.880646
		*TM_ROW1 -0.845662	-0.339393	-0.411909
		*TM_ROW2 -0.458158	0.857495	0.234079
		*TM_ROW3 76.5721	14.1234	61.1377
		*TM_POS 76.5721	14.1234	61.1377
		*TM_ROTAXIS 0.697883	-0.232272	-0.677502
		*TM_ROTANGLE 1.99959
		*TM_SCALE 1	1	1
		*TM_SCALEAXIS 0	0	0
		*TM_SCALEAXISANG 0	0	0
	}
	*TM_ANIMATION {
		*NODE_NAME "Bip01 R Calf"
		*CONTROL_POS_TRACK {
			*CONTROL_POS_SAMPLE 192	-12.9247	23.1938	56.7546
			*CONTROL_POS_SAMPLE 384	-14.8432	18.6992	58.2068
			*CONTROL_POS_SAMPLE 576	-15.0957	12.1728	60.3535
			*CONTROL_POS_SAMPLE 768	-11.4494	11.5387	60.441
			*CONTROL_POS_SAMPLE 960	-6.43963	12.1875	59.6245
			*CONTROL_POS_SAMPLE 1152	-0.90396	12.6589	58.2983
			*CONTROL_POS_SAMPLE 1344	5.19387	13.2996	56.8665
			*CONTROL_POS_SAMPLE 1536	11.6622	14.0922	55.5384
			*CONTROL_POS_SAMPLE 1728	18.249	14.9676	54.4522
			*CONTROL_POS_SAMPLE 1920	24.6008	15.8135	53.6708
			*CONTROL_POS_SAMPLE 2112	30.1838	16.4433	53.162
			*CONTROL_POS_SAMPLE 2304	33.7411	16.5998	53.5486
			*CONTROL_POS_SAMPLE 2496	34.7418	15.8667	54.2466
			*CONTROL_POS_SAMPLE 2688	36.171	15.3902	55.1079
			*CONTROL_POS_SAMPLE 2880	38.7149	15.3733	55.8523
			*CONTROL_POS_SAMPLE 3072	41.4656	15.5174	56.5915
			*CONTROL_POS_SAMPLE 3264	43.4822	15.3248	56.9847
			*CONTROL_POS_SAMPLE 3456	45.5944	15.2144	57.4121
			*CONTROL_POS_SAMPLE 3648	47.9625	15.2926	57.8399
			*CONTROL_POS_SAMPLE 3840	50.7806	15.7135	58.1906
			*CONTROL_POS_SAMPLE 4032	54.5489	17.199	58.2325
			*CONTROL_POS_SAMPLE 4224	58.7277	18.4573	58.2814
			*CONTROL_POS_SAMPLE 4416	62.1326	16.957	59.4232
			*CONTROL_POS_SAMPLE 4608	66.3527	15.4572	60.3267
			*CONTROL_POS_SAMPLE 4800	71.2844	14.6788	60.8608
			*CONTROL_POS_SAMPLE 4992	76.5721	14.1234	61.1377
		}
		*CONTROL_ROT_TRACK {
			*CONTROL_ROT_SAMPLE 192	0.615191	-0.250092	-0.747659	2.21631
			*CONTROL_ROT_SAMPLE 384	0.664362	-0.212727	-0.716498	2.07113
			*CONTROL_ROT_SAMPLE 576	0.728091	-0.187311	-0.659392	2.01055
			*CONTROL_ROT_SAMPLE 768	0.755543	-0.164495	-0.634111	1.96375
			*CONTROL_ROT_SAMPLE 960	0.771104	-0.153266	-0.617987	1.93954
			*CONTROL_ROT_SAMPLE 1152	0.781912	-0.155268	-0.603743	1.94259
			*CONTROL_ROT_SAMPLE 1344	0.790298	-0.162068	-0.590901	1.95348
			*CONTROL_ROT_SAMPLE 1536	0.795076	-0.174266	-0.580936	1.97005
			*CONTROL_ROT_SAMPLE 1728	0.79578	-0.19085	-0.574726	1.99032
			*CONTROL_ROT_SAMPLE 1920	0.792823	-0.209549	-0.572295	2.01174
			*CONTROL_ROT_SAMPLE 2112	0.787927	-0.226459	-0.572614	2.0301
			*CONTROL_ROT_SAMPLE 2304	0.77677	-0.241542	-0.581623	2.05046
			*CONTROL_ROT_SAMPLE 2496	0.763539	-0.247763	-0.59634	2.06136
			*CONTROL_ROT_SAMPLE 2688	0.747448	-0.255884	-0.613062	2.07644
			*CONTROL_ROT_SAMPLE 2880	-0.730946	0.265151	0.628818	4.1883
			*CONTROL_ROT_SAMPLE 3072	-0.713192	0.273895	0.645244	4.16816
			*CONTROL_ROT_SAMPLE 3264	-0.698421	0.277474	0.65971	4.15848
			*CONTROL_ROT_SAMPLE 3456	-0.68051	0.283323	0.675748	4.14346
			*CONTROL_ROT_SAMPLE 3648	0.659338	-0.291289	-0.693126	2.16069
			*CONTROL_ROT_SAMPLE 3840	0.634815	-0.301505	-0.71141	2.18795
			*CONTROL_ROT_SAMPLE 4032	0.59544	-0.320421	-0.736737	2.24312
			*CONTROL_ROT_SAMPLE 4224	0.570266	-0.330073	-0.752229	2.27748
			*CONTROL_ROT_SAMPLE 4416	0.599015	-0.30803	-0.73912	2.20133
			*CONTROL_ROT_SAMPLE 4608	0.640392	-0.278621	-0.71573	2.11241
			*CONTROL_ROT_SAMPLE 4800	0.669887	-0.255585	-0.697085	2.05241
			*CONTROL_ROT_SAMPLE 4992	0.697883	-0.232272	-0.677502	1.99959
		}
	}
}
*HELPEROBJECT {
	*NODE_NAME "Bip01 R Foot"
	*NODE_PARENT "Bip01 R Calf"
	*NODE_TM {
		*NODE_NAME "Bip01 R Foot"
		*TM_ROW0 -0.0483508	0.175838	-0.983231
		*TM_ROW1 -0.95559	-0.294644	-0.00570167
		*TM_ROW2 -0.290705	0.93929	0.182276
		*TM_ROW3 90.0133	33.1081	17.9
