*3DSMAX_ASCIIEXPORT	110
*COMMENT "This file is part of Gothic Free Aim Copyright (C) 2016-2018  mud-freak (@szapp)"
*COMMENT "<http://github.com/szapp/GothicFreeAim>"
*COMMENT "Animations: first iteration"
*SCENE {
	*SCENE_FILENAME "magIK_LIN_front.max"
	*SCENE_FIRSTFRAME 1
	*SCENE_LASTFRAME 27
	*SCENE_FRAMESPEED 25
	*SCENE_TICKSPERFRAME 192
	*SCENE_BACKGROUND_STATIC 0	0	0
	*SCENE_AMBIENT_STATIC 0.2	0.2	0.2
}
*HELPEROBJECT {
	*NODE_NAME "Bip01"
	*NODE_TM {
		*NODE_NAME "Bip01"
		*TM_ROW0 0.56661	-0.708889	-0.420034
		*TM_ROW1 0.781193	0.624289	0.000191636
		*TM_ROW2 0.262087	-0.328236	0.907508
		*TM_ROW3 -20.6701	11.9132	92.3794
		*TM_POS -20.6701	11.9132	92.3794
		*TM_ROTAXIS -0.196501	-0.408119	0.89153
		*TM_ROTANGLE 0.989385
		*TM_SCALE 1	1	1
		*TM_SCALEAXIS 0	0	0
		*TM_SCALEAXISANG 0	0	0
	}
	*TM_ANIMATION {
		*NODE_NAME "Bip01"
		*CONTROL_POS_TRACK {
			*CONTROL_POS_SAMPLE 192	-20.6701	11.9132	92.3794
			*CONTROL_POS_SAMPLE 384	-20.6701	1.25799	92.09
			*CONTROL_POS_SAMPLE 576	-20.6701	-5.29339	91.9591
			*CONTROL_POS_SAMPLE 768	-20.6701	-9.96586	91.8207
			*CONTROL_POS_SAMPLE 960	-20.6701	-14.9843	91.5089
			*CONTROL_POS_SAMPLE 1152	-20.6701	-20.5917	90.8864
			*CONTROL_POS_SAMPLE 1344	-20.6701	-25.718	90.0581
			*CONTROL_POS_SAMPLE 1536	-20.6701	-30.6194	89.222
			*CONTROL_POS_SAMPLE 1728	-20.6701	-35.552	88.5759
			*CONTROL_POS_SAMPLE 1920	-20.6701	-40.4211	88.3185
			*CONTROL_POS_SAMPLE 2112	-20.6701	-45.1852	88.4744
			*CONTROL_POS_SAMPLE 2304	-20.6701	-50.01	88.8775
			*CONTROL_POS_SAMPLE 2496	-20.6701	-54.837	89.4399
			*CONTROL_POS_SAMPLE 2688	-20.6701	-59.6648	90.0738
			*CONTROL_POS_SAMPLE 2880	-20.6701	-64.4925	90.6915
			*CONTROL_POS_SAMPLE 3072	-20.6701	-69.3199	91.2071
			*CONTROL_POS_SAMPLE 3264	-20.6701	-74.1476	91.5356
			*CONTROL_POS_SAMPLE 3456	-20.6701	-78.9754	91.6261
			*CONTROL_POS_SAMPLE 3648	-20.6701	-83.8031	91.5386
			*CONTROL_POS_SAMPLE 3840	-20.6701	-88.6309	91.3518
			*CONTROL_POS_SAMPLE 4032	-20.6701	-93.4587	91.1444
			*CONTROL_POS_SAMPLE 4224	-20.6701	-98.2865	90.9955
			*CONTROL_POS_SAMPLE 4416	-20.6701	-103.114	90.983
			*CONTROL_POS_SAMPLE 4608	-20.6701	-107.942	91.1817
			*CONTROL_POS_SAMPLE 4800	-20.6701	-112.77	91.5473
			*CONTROL_POS_SAMPLE 4992	-20.6701	-117.598	91.9798
			*CONTROL_POS_SAMPLE 5184	-20.6701	-122.425	92.3794
		}
		*CONTROL_ROT_TRACK {
			*CONTROL_ROT_SAMPLE 192	-0.196501	-0.408119	0.89153	0.989385
			*CONTROL_ROT_SAMPLE 384	-0.194653	-0.41497	0.888769	0.985835
			*CONTROL_ROT_SAMPLE 576	-0.192427	-0.422478	0.885711	0.982028
			*CONTROL_ROT_SAMPLE 768	-0.190029	-0.430265	0.882474	0.97816
			*CONTROL_ROT_SAMPLE 960	-0.187671	-0.437946	0.879194	0.974415
			*CONTROL_ROT_SAMPLE 1152	-0.185573	-0.445136	0.876023	0.970965
			*CONTROL_ROT_SAMPLE 1344	-0.18396	-0.451443	0.873131	0.967968
			*CONTROL_ROT_SAMPLE 1536	-0.183063	-0.456477	0.870699	0.965576
			*CONTROL_ROT_SAMPLE 1728	-0.183113	-0.459846	0.868914	0.963936
			*CONTROL_ROT_SAMPLE 1920	-0.18481	-0.460651	0.868128	0.963401
			*CONTROL_ROT_SAMPLE 2112	-0.188236	-0.4588	0.868372	0.964006
			*CONTROL_ROT_SAMPLE 2304	-0.192691	-0.45511	0.869336	0.965433
			*CONTROL_ROT_SAMPLE 2496	-0.197477	-0.450404	0.870712	0.967358
			*CONTROL_ROT_SAMPLE 2688	-0.201911	-0.445508	0.872213	0.969442
			*CONTROL_ROT_SAMPLE 2880	-0.205326	-0.441247	0.87358	0.971319
			*CONTROL_ROT_SAMPLE 3072	-0.2081	-0.437287	0.874914	0.97312
			*CONTROL_ROT_SAMPLE 3264	-0.210905	-0.432893	0.876426	0.975165
			*CONTROL_ROT_SAMPLE 3456	-0.213524	-0.428294	0.87805	0.977357
			*CONTROL_ROT_SAMPLE 3648	-0.215748	-0.423716	0.879726	0.979592
			*CONTROL_ROT_SAMPLE 3840	-0.21737	-0.419386	0.8814	0.981764
			*CONTROL_ROT_SAMPLE 4032	-0.218186	-0.41553	0.883023	0.983761
			*CONTROL_ROT_SAMPLE 4224	-0.217995	-0.412368	0.884551	0.985468
			*CONTROL_ROT_SAMPLE 4416	-0.215961	-0.410315	0.886004	0.986715
			*CONTROL_ROT_SAMPLE 4608	-0.211946	-0.409326	0.88743	0.987535
			*CONTROL_ROT_SAMPLE 4800	-0.206797	-0.408935	0.888823	0.988128
			*CONTROL_ROT_SAMPLE 4992	-0.201365	-0.408683	0.890186	0.988685
			*CONTROL_ROT_SAMPLE 5184	-0.196501	-0.408119	0.89153	0.989385
		}
	}
}
*HELPEROBJECT {
	*NODE_NAME "Bip01 Footsteps"
	*NODE_PARENT "Bip01"
	*NODE_TM {
		*NODE_NAME "Bip01 Footsteps"
		*TM_ROW0 1	0	0
		*TM_ROW1 0	1	0
		*TM_ROW2 0	0	1
		*TM_ROW3 -20.6701	11.9132	-2.29555
		*TM_POS -20.6701	11.9132	-2.29555
		*TM_ROTAXIS 0	0	0
		*TM_ROTANGLE 0
		*TM_SCALE 1	1	1
		*TM_SCALEAXIS 0	0	0
		*TM_SCALEAXISANG 0	0	0
	}
}
*HELPEROBJECT {
	*NODE_NAME "Bip01 Pelvis"
	*NODE_PARENT "Bip01"
	*NODE_TM {
		*NODE_NAME "Bip01 Pelvis"
		*TM_ROW0 0.258824	-0.330839	0.9075
		*TM_ROW1 0.566612	-0.708889	-0.420034
		*TM_ROW2 0.78228	0.622915	0.00397952
		*TM_ROW3 -22.5489	12.0583	92.9745
		*TM_POS -22.5489	12.0583	92.9745
		*TM_ROTAXIS -0.754881	-0.0906337	-0.64957
		*TM_ROTANGLE 3.90419
		*TM_SCALE 1	1	1
		*TM_SCALEAXIS 0	0	0
		*TM_SCALEAXISANG 0	0	0
	}
	*TM_ANIMATION {
		*NODE_NAME "Bip01 Pelvis"
		*CONTROL_POS_TRACK {
			*CONTROL_POS_SAMPLE 192	-22.5489	12.0583	92.9745
			*CONTROL_POS_SAMPLE 384	-22.5469	1.39049	92.6942
			*CONTROL_POS_SAMPLE 576	-22.5446	-5.17458	92.5733
			*CONTROL_POS_SAMPLE 768	-22.542	-9.86115	92.4452
			*CONTROL_POS_SAMPLE 960	-22.5393	-14.8935	92.1436
			*CONTROL_POS_SAMPLE 1152	-22.5367	-20.5139	91.5304
			*CONTROL_POS_SAMPLE 1344	-22.5344	-25.6518	90.7102
			*CONTROL_POS_SAMPLE 1536	-22.5325	-30.5627	89.8801
			*CONTROL_POS_SAMPLE 1728	-22.5315	-35.502	89.2375
			*CONTROL_POS_SAMPLE 1920	-22.5317	-40.3738	88.9797
			*CONTROL_POS_SAMPLE 2112	-22.5333	-45.1364	89.131
			*CONTROL_POS_SAMPLE 2304	-22.5357	-49.9569	89.5268
			*CONTROL_POS_SAMPLE 2496	-22.5385	-54.7775	90.0806
			*CONTROL_POS_SAMPLE 2688	-22.5412	-59.5985	90.706
			*CONTROL_POS_SAMPLE 2880	-22.5434	-64.4199	91.3165
			*CONTROL_POS_SAMPLE 3072	-22.5452	-69.2412	91.8258
			*CONTROL_POS_SAMPLE 3264	-22.5471	-74.0619	92.1474
			*CONTROL_POS_SAMPLE 3456	-22.549	-78.8821	92.231
			*CONTROL_POS_SAMPLE 3648	-22.5508	-83.7021	92.1368
			*CONTROL_POS_SAMPLE 3840	-22.5522	-88.5222	91.944
			*CONTROL_POS_SAMPLE 4032	-22.5533	-93.3427	91.7319
			*CONTROL_POS_SAMPLE 4224	-22.5539	-98.164	91.5795
			*CONTROL_POS_SAMPLE 4416	-22.5538	-102.986	91.5663
			*CONTROL_POS_SAMPLE 4608	-22.5529	-107.809	91.7668
			*CONTROL_POS_SAMPLE 4800	-22.5516	-112.633	92.1357
			*CONTROL_POS_SAMPLE 4992	-22.5501	-117.457	92.572
			*CONTROL_POS_SAMPLE 5184	-22.5489	-122.28	92.9745
		}
		*CONTROL_ROT_TRACK {
			*CONTROL_ROT_SAMPLE 192	-0.754881	-0.0906337	-0.64957	3.90419
			*CONTROL_ROT_SAMPLE 384	-0.756696	-0.0918399	-0.647284	3.90956
			*CONTROL_ROT_SAMPLE 576	-0.758726	-0.0931925	-0.644709	3.9153
			*CONTROL_ROT_SAMPLE 768	-0.760842	-0.0946073	-0.642004	3.92117
			*CONTROL_ROT_SAMPLE 960	-0.762916	-0.0959997	-0.63933	3.92696
			*CONTROL_ROT_SAMPLE 1152	-0.764824	-0.097285	-0.636852	3.93244
			*CONTROL_ROT_SAMPLE 1344	-0.76644	-0.0983779	-0.634738	3.93739
			*CONTROL_ROT_SAMPLE 1536	-0.767641	-0.0991931	-0.633157	3.94158
			*CONTROL_ROT_SAMPLE 1728	-0.768304	-0.0996451	-0.632281	3.9448
			*CONTROL_ROT_SAMPLE 1920	-0.768103	-0.0995116	-0.632547	3.94665
			*CONTROL_ROT_SAMPLE 2112	-0.766998	-0.0987676	-0.634002	3.9471
			*CONTROL_ROT_SAMPLE 2304	-0.765298	-0.0976231	-0.63623	3.94648
			*CONTROL_ROT_SAMPLE 2496	-0.76331	-0.0962889	-0.638816	3.94512
			*CONTROL_ROT_SAMPLE 2688	-0.761349	-0.0949761	-0.641348	3.94337
			*CONTROL_ROT_SAMPLE 2880	-0.759733	-0.0938958	-0.64342	3.94156
			*CONTROL_ROT_SAMPLE 3072	-0.758312	-0.0929468	-0.645231	3.93962
			*CONTROL_ROT_SAMPLE 3264	-0.756788	-0.0919293	-0.647164	3.93729
			*CONTROL_ROT_SAMPLE 3456	-0.755254	-0.0909064	-0.649098	3.93464
			*CONTROL_ROT_SAMPLE 3648	-0.753803	-0.0899415	-0.650915	3.93176
			*CONTROL_ROT_SAMPLE 3840	-0.752533	-0.0890975	-0.6525	3.92871
			*CONTROL_ROT_SAMPLE 4032	-0.751538	-0.0884374	-0.653735	3.92558
			*CONTROL_ROT_SAMPLE 4224	-0.750916	-0.088024	-0.654505	3.92243
			*CONTROL_ROT_SAMPLE 4416	-0.750946	-0.0880413	-0.654469	3.91912
			*CONTROL_ROT_SAMPLE 4608	-0.751649	-0.0885029	-0.653598	3.91552
			*CONTROL_ROT_SAMPLE 4800	-0.752734	-0.0892165	-0.652252	3.91175
			*CONTROL_ROT_SAMPLE 4992	-0.753907	-0.0899904	-0.650789	3.90793
			*CONTROL_ROT_SAMPLE 5184	-0.754881	-0.0906337	-0.64957	3.90419
		}
	}
}
*HELPEROBJECT {
	*NODE_NAME "Bip01 Spine"
	*NODE_PARENT "Bip01 Pelvis"
	*NODE_TM {
		*NODE_NAME "Bip01 Spine"
		*TM_ROW0 0.306136	-0.372772	0.875969
		*TM_ROW1 0.54509	-0.685744	-0.48232
		*TM_ROW2 0.780486	0.625138	-0.00673687
		*TM_ROW3 -21.9701	11.3335	95.1907
		*TM_POS -21.9701	11.3335	95.1907
		*TM_ROTAXIS -0.768244	-0.0662371	-0.636721
		*TM_ROTANGLE 3.94651
		*TM_SCALE 1	1	1
		*TM_SCALEAXIS 0	0	0
		*TM_SCALEAXISANG 0	0	0
	}
}
*HELPEROBJECT {
	*NODE_NAME "Bip01 Spine1"
	*NODE_PARENT "Bip01 Spine"
	*NODE_TM {
		*NODE_NAME "Bip01 Spine1"
		*TM_ROW0 0.304243	-0.397177	0.865845
		*TM_ROW1 0.524785	-0.688687	-0.500311
		*TM_ROW2 0.795008	0.606598	-0.00109578
		*TM_ROW3 -18.967	7.67719	103.804
		*TM_POS -18.967	7.67719	103.804
		*TM_ROTAXIS -0.767452	-0.0491133	-0.639222
		*TM_ROTANGLE 3.94707
		*TM_SCALE 1	1	1
		*TM_SCALEAXIS 0	0	0
		*TM_SCALEAXISANG 0	0	0
	}
}
*HELPEROBJECT {
	*NODE_NAME "Bip01 Spine2"
	*NODE_PARENT "Bip01 Spine1"
	*NODE_TM {
		*NODE_NAME "Bip01 Spine2"
		*TM_ROW0 0.406435	-0.190448	0.893611
		*TM_ROW1 0.414903	-0.83291	-0.366219
		*TM_ROW2 0.814043	0.519606	-0.259506
		*TM_ROW3 -15.0857	2.61727	114.887
		*TM_POS -15.0857	2.61727	114.887
		*TM_ROTAXIS -0.823367	-0.0739575	-0.562669
		*TM_ROTANGLE 3.70957
		*TM_SCALE 1	1	1
		*TM_SCALEAXIS 0	0	0
		*TM_SCALEAXISANG 0	0	0
	}
}
*HELPEROBJECT {
	*NODE_NAME "Bip01 Neck"
	*NODE_PARENT "Bip01 Spine2"
	*NODE_TM {
		*NODE_NAME "Bip01 Neck"
		*TM_ROW0 0.491713	-0.378761	0.784065
		*TM_ROW1 0.30911	-0.765868	-0.563823
		*TM_ROW2 0.814045	0.519601	-0.259509
		*TM_ROW3 -2.90083	-3.08897	141.684
		*TM_POS -2.90083	-3.08897	141.684
		*TM_ROTAXIS -0.843989	0.0233542	-0.535852
		*TM_ROTANGLE 3.8385
		*TM_SCALE 1	1	1
		*TM_SCALEAXIS 0	0	0
		*TM_SCALEAXISANG 0	0	0
	}
}
*HELPEROBJECT {
	*NODE_NAME "Bip01 Head"
	*NODE_PARENT "Bip01 Neck"
	*NODE_TM {
		*NODE_NAME "Bip01 Head"
		*TM_ROW0 0.233516	-0.251627	0.939231
		*TM_ROW1 0.317534	-0.893245	-0.318254
		*TM_ROW2 0.919044	0.372555	-0.128687
		*TM_ROW3 0.462101	-5.6794	147.046
		*TM_POS 0.462101	-5.6794	147.046
		*TM_ROTAXIS -0.771592	-0.0225472	-0.635718
		*TM_ROTANGLE 3.60573
		*TM_SCALE 1	1	1
		*TM_SCALEAXIS 0	0	0
		*TM_SCALEAXISANG 0	0	0
	}
}
*HELPEROBJECT {
	*NODE_NAME "zs_Helmet"
	*NODE_PARENT "Bip01 Head"
	*NODE_TM {
		*NODE_NAME "zs_Helmet"
		*TM_ROW0 0.919044	0.372556	-0.128687
		*TM_ROW1 -0.334878	0.910233	0.243582
		*TM_ROW2 0.207883	-0.180769	0.961305
		*TM_ROW3 89.1583	-141.02	388.666
		*TM_POS 89.1583	-141.02	388.666
		*TM_ROTAXIS -0.476283	-0.377759	-0.79401
		*TM_ROTANGLE 0.461712
		*TM_SCALE 1	1	1
		*TM_SCALEAXIS 0	0	0
		*TM_SCALEAXISANG 0	0	0
	}
}
*HELPEROBJECT {
	*NODE_NAME "Bip01 L Clavicle"
	*NODE_PARENT "Bip01 Neck"
	*NODE_TM {
		*NODE_NAME "Bip01 L Clavicle"
		*TM_ROW0 0.81242	0.547979	-0.199231
		*TM_ROW1 -0.452547	0.808057	0.377154
		*TM_ROW2 0.367663	-0.216246	0.904468
		*TM_ROW3 0.37692	4.12594	135.723
		*TM_POS 0.37692	4.12594	135.723
		*TM_ROTAXIS -0.458563	-0.43808	-0.773179
		*TM_ROTANGLE 0.703671
		*TM_SCALE 1	1	1
		*TM_SCALEAXIS 0	0	0
		*TM_SCALEAXISANG 0	0	0
	}
}
*HELPEROBJECT {
	*NODE_NAME "Bip01 L UpperArm"
	*NODE_PARENT "Bip01 L Clavicle"
	*NODE_TM {
		*NODE_NAME "Bip01 L UpperArm"
		*TM_ROW0 0.121109	0.585524	-0.801557
		*TM_ROW1 -0.211705	0.804158	0.555437
		*TM_ROW2 0.969801	0.102425	0.221349
		*TM_ROW3 11.2032	11.4283	133.068
		*TM_POS 11.2032	11.4283	133.068
		*TM_ROTAXIS -0.227117	-0.888069	-0.39969
		*TM_ROTANGLE 1.49742
		*TM_SCALE 1	1	1
		*TM_SCALEAXIS 0	0	0
		*TM_SCALEAXISANG 0	0	0
	}
}
*HELPEROBJECT {
	*NODE_NAME "Bip01 L Forearm"
	*NODE_PARENT "Bip01 L UpperArm"
	*NODE_TM {
		*NODE_NAME "Bip01 L Forearm"
		*TM_ROW0 0.231069	-0.0953778	-0.968251
		*TM_ROW1 -0.0780613	0.990158	-0.116165
		*TM_ROW2 0.969801	0.102425	0.221349
		*TM_ROW3 14.5829	27.7681	110.7
		*TM_POS 14.5829	27.7681	110.7
		*TM_ROTAXIS 0.112073	-0.99366	0.0088784
		*TM_ROTANGLE 1.34766
		*TM_SCALE 1	1	1
		*TM_SCALEAXIS 0	0	0
		*TM_SCALEAXISANG 0	0	0
	}
}
*HELPEROBJECT {
	*NODE_NAME "Bip01 L Hand"
	*NODE_PARENT "Bip01 L Forearm"
	*NODE_TM {
		*NODE_NAME "Bip01 L Hand"
		*TM_ROW0 0.149539	-0.304076	-0.940838
		*TM_ROW1 -0.983184	-0.146607	-0.108887
		*TM_ROW2 -0.104823	0.941299	-0.320886
		*TM_ROW3 21.0104	25.115	83.7667
		*TM_POS 21.0104	25.115	83.7667
		*TM_ROTAXIS -0.69811	0.55574	0.451436
		*TM_ROTANGLE 3.99293
		*TM_SCALE 1	1	1
		*TM_SCALEAXIS 0	0	0
		*TM_SCALEAXISANG 0	0	0
	}
}
*HELPEROBJECT {
	*NODE_NAME "Bip01 L Finger0"
	*NODE_PARENT "Bip01 L Hand"
	*NODE_TM {
		*NODE_NAME "Bip01 L Finger0"
		*TM_ROW0 0.149538	-0.304077	-0.940838
		*TM_ROW1 -0.983103	-0.147326	-0.108641
		*TM_ROW2 -0.105575	0.941187	-0.32097
		*TM_ROW3 22.935	21.2016	71.6583
		*TM_POS 22.935	21.2016	71.6583
		*TM_ROTAXIS -0.698199	0.555501	0.451594
		*TM_ROTANGLE 3.9924
		*TM_SCALE 1	1	1
		*TM_SCALEAXIS 0	0	0
		*TM_SCALEAXISANG 0	0	0
	}
}
*HELPEROBJECT {
	*NODE_NAME "zs_LeftHand"
	*NODE_PARENT "Bip01 L Hand"
	*NODE_TM {
		*NODE_NAME "zs_LeftHand"
		*TM_ROW0 -0.153521	0.963148	-0.220854
		*TM_ROW1 0.320538	-0.162878	-0.933127
		*TM_ROW2 -0.934712	-0.214046	-0.28372
		*TM_ROW3 -28.7271	-28.3323	-27.0344
		*TM_POS -28.7271	-28.3323	-27.0344
		*TM_ROTAXIS -0.599313	-0.59496	0.53558
		*TM_ROTANGLE 3.78499
		*TM_SCALE 1	1	1
		*TM_SCALEAXIS 0	0	0
		*TM_SCALEAXISANG 0	0	0
	}
}
*HELPEROBJECT {
	*NODE_NAME "zs_LeftArm"
	*NODE_PARENT "Bip01 L Forearm"
	*NODE_TM {
		*NODE_NAME "zs_LeftArm"
		*TM_ROW0 0.125633	0.116388	-0.985226
		*TM_ROW1 -0.0514761	0.992521	0.110686
		*TM_ROW2 0.99074	0.0368098	0.130685
		*TM_ROW3 136.895	-166.021	-111.837
		*TM_POS 136.895	-166.021	-111.837
		*TM_ROTAXIS -0.0372273	-0.99572	-0.0845894
		*TM_ROTANGLE 1.44605
		*TM_SCALE 1	1	1
		*TM_SCALEAXIS 0	0	0
		*TM_SCALEAXISANG 0	0	0
	}
}
*HELPEROBJECT {
	*NODE_NAME "Bip01 R Clavicle"
	*NODE_PARENT "Bip01 Neck"
	*NODE_TM {
		*NODE_NAME "Bip01 R Clavicle"
		*TM_ROW0 -0.91065	-0.403453	0.0891196
		*TM_ROW1 -0.351853	0.870307	0.344624
		*TM_ROW2 -0.216601	0.282475	-0.934501
		*TM_ROW3 -12.5891	-4.15038	139.857
		*TM_POS -12.5891	-4.15038	139.857
		*TM_ROTAXIS 0.196542	-0.966821	-0.163181
		*TM_ROTANGLE 3.30036
		*TM_SCALE 1	1	1
		*TM_SCALEAXIS 0	0	0
		*TM_SCALEAXISANG 0	0	0
	}
}
*HELPEROBJECT {
	*NODE_NAME "Bip01 R UpperArm"
	*NODE_PARENT "Bip01 R Clavicle"
	*NODE_TM {
		*NODE_NAME "Bip01 R UpperArm"
		*TM_ROW0 -0.409295	-0.0200142	-0.912182
		*TM_ROW1 -0.32887	0.935792	0.127032
		*TM_ROW2 0.851071	0.351983	-0.389598
		*TM_ROW3 -24.7244	-9.52679	141.044
		*TM_POS -24.7244	-9.52679	141.044
		*TM_ROTAXIS 0.124684	-0.977317	-0.171189
		*TM_ROTANGLE 2.01701
		*TM_SCALE 1	1	1
		*TM_SCALEAXIS 0	0	0
		*TM_SCALEAXISANG 0	0	0
	}
}
*HELPEROBJECT {
	*NODE_NAME "Bip01 R Forearm"
	*NODE_PARENT "Bip01 R UpperArm"
	*NODE_TM {
		*NODE_NAME "Bip01 R Forearm"
		*TM_ROW0 0.30087	-0.935046	-0.187523
		*TM_ROW1 -0.430297	0.0423772	-0.901692
		*TM_ROW2 0.851071	0.351983	-0.389598
		*TM_ROW3 -36.1463	-10.0853	115.589
		*TM_POS -36.1463	-10.0853	115.589
		*TM_ROTAXIS -0.73553	0.609342	-0.296136
		*TM_ROTANGLE 4.16182
		*TM_SCALE 1	1	1
		*TM_SCALEAXIS 0	0	0
		*TM_SCALEAXISANG 0	0	0
	}
}
*HELPEROBJECT {
	*NODE_NAME "Bip01 R Hand"
	*NODE_PARENT "Bip01 R Forearm"
	*NODE_TM {
		*NODE_NAME "Bip01 R Hand"
		*TM_ROW0 0.298267	-0.933876	-0.197265
		*TM_ROW1 0.388064	-0.070171	0.918957
		*TM_ROW2 -0.872034	-0.350646	0.341474
		*TM_ROW3 -27.7772	-36.0949	110.373
		*TM_POS -27.7772	-36.0949	110.373
		*TM_ROTAXIS -0.650034	0.34548	0.67683
		*TM_ROTANGLE 1.78771
		*TM_SCALE 1	1	1
		*TM_SCALEAXIS 0	0	0
		*TM_SCALEAXISANG 0	0	0
	}
}
*HELPEROBJECT {
	*NODE_NAME "Bip01 R Finger0"
	*NODE_PARENT "Bip01 R Hand"
	*NODE_TM {
		*NODE_NAME "Bip01 R Finger0"
		*TM_ROW0 0.298274	-0.933874	-0.197259
		*TM_ROW1 0.3874	-0.07043	0.919218
		*TM_ROW2 -0.872327	-0.350597	0.340776
		*TM_ROW3 -23.9386	-48.1137	107.834
		*TM_POS -23.9386	-48.1137	107.834
		*TM_ROTAXIS -0.650212	0.34567	0.676562
		*TM_ROTANGLE 1.7882
		*TM_SCALE 1	1	1
		*TM_SCALEAXIS 0	0	0
		*TM_SCALEAXISANG 0	0	0
	}
}
*HELPEROBJECT {
	*NODE_NAME "zs_RightHand"
	*NODE_PARENT "Bip01 R Hand"
	*NODE_TM {
		*NODE_NAME "zs_RightHand"
		*TM_ROW0 0.742091	0.349472	-0.571988
		*TM_ROW1 -0.241604	0.935429	0.258071
		*TM_ROW2 0.625243	-0.0533173	0.778607
		*TM_ROW3 -93.6014	-192.531	228.577
		*TM_POS -93.6014	-192.531	228.577
		*TM_ROTAXIS -0.227122	-0.873241	-0.431122
		*TM_ROTANGLE 0.755304
		*TM_SCALE 1	1	1
		*TM_SCALEAXIS 0	0	0
		*TM_SCALEAXISANG 0	0	0
	}
}
*HELPEROBJECT {
	*NODE_NAME "zs_Crossbow"
	*NODE_PARENT "Bip01 Spine2"
	*NODE_TM {
		*NODE_NAME "zs_Crossbow"
		*TM_ROW0 0.145057	-0.600731	0.786181
		*TM_ROW1 -0.949245	-0.308629	-0.0606841
		*TM_ROW2 0.279093	-0.737475	-0.61501
		*TM_ROW3 131.453	-180.705	1476.17
		*TM_POS 131.453	-180.705	1476.17
		*TM_ROTAXIS -0.739919	0.554386	-0.381021
		*TM_ROTANGLE 2.66659
		*TM_SCALE 1	1	1
		*TM_SCALEAXIS 0	0	0
		*TM_SCALEAXISANG 0	0	0
	}
}
*HELPEROBJECT {
	*NODE_NAME "zs_Longsword"
	*NODE_PARENT "Bip01 Spine2"
	*NODE_TM {
		*NODE_NAME "zs_Longsword"
		*TM_ROW0 0.0213571	-0.624209	0.780965
		*TM_ROW1 -0.967435	-0.209965	-0.141364
		*TM_ROW2 0.252216	-0.752514	-0.608366
		*TM_ROW3 -23.1783	-219.532	1240.81
		*TM_POS -23.1783	-219.532	1240.81
		*TM_ROTAXIS -0.696071	0.60222	-0.390918
		*TM_ROTANGLE 2.68711
		*TM_SCALE 1	1	1
		*TM_SCALEAXIS 0	0	0
		*TM_SCALEAXISANG 0	0	0
	}
}
*HELPEROBJECT {
	*NODE_NAME "zs_Shield"
	*NODE_PARENT "Bip01 Spine2"
	*NODE_TM {
		*NODE_NAME "zs_Shield"
		*TM_ROW0 -0.520773	0.426744	-0.739381
		*TM_ROW1 -0.848518	-0.163509	0.503271
		*TM_ROW2 0.0938725	0.889468	0.447251
		*TM_ROW3 96.3012	396.826	483.204
		*TM_POS 96.3012	396.826	483.204
		*TM_ROTAXIS 0.245744	-0.530213	-0.81147
		*TM_ROTANGLE 2.23765
		*TM_SCALE 1	1	1
		*TM_SCALEAXIS 0	0	0
		*TM_SCALEAXISANG 0	0	0
	}
}
*HELPEROBJECT {
	*NODE_NAME "zs_Bow"
	*NODE_PARENT "Bip01 Spine2"
	*NODE_TM {
		*NODE_NAME "zs_Bow"
		*TM_ROW0 0.198663	-0.562373	0.802664
		*TM_ROW1 -0.272214	0.755102	0.596424
		*TM_ROW2 -0.941506	-0.336983	-0.00307507
		*TM_ROW3 -183.249	426.675	392.41
		*TM_POS -183.249	426.675	392.41
		*TM_ROTAXIS -0.466845	0.87235	0.145124
		*TM_ROTANGLE 1.59545
		*TM_SCALE 1	1	1
		*TM_SCALEAXIS 0	0	0
		*TM_SCALEAXISANG 0	0	0
	}
}
*HELPEROBJECT {
	*NODE_NAME "zs_Sword"
	*NODE_PARENT "Bip01 Spine"
	*NODE_TM {
		*NODE_NAME "zs_Sword"
		*TM_ROW0 0.494152	-0.622521	0.606862
		*TM_ROW1 -0.379718	0.473394	0.794803
		*TM_ROW2 -0.782067	-0.62319	-0.00245344
		*TM_ROW3 194.247	243.513	162.665
		*TM_POS 194.247	243.513	162.665
		*TM_ROTAXIS -0.709105	0.69457	0.12142
		*TM_ROTANGLE 1.58825
		*TM_SCALE 1	1	1
		*TM_SCALEAXIS 0	0	0
		*TM_SCALEAXISANG 0	0	0
	}
}
*HELPEROBJECT {
	*NODE_NAME "Bip01 L Thigh"
	*NODE_PARENT "Bip01 Pelvis"
	*NODE_TM {
		*NODE_NAME "Bip01 L Thigh"
		*TM_ROW0 0.337304	-0.406465	-0.849124
		*TM_ROW1 0.575785	-0.624524	0.527675
		*TM_ROW2 -0.74478	-0.666901	0.0233817
		*TM_ROW3 -15.5004	17.6709	93.0103
		*TM_POS -15.5004	17.6709	93.0103
		*TM_ROTAXIS -0.77066	-0.0673161	0.633681
		*TM_ROTANGLE 2.25482
		*TM_SCALE 1	1	1
		*TM_SCALEAXIS 0	0	0
		*TM_SCALEAXISANG 0	0	0
	}
	*TM_ANIMATION {
		*NODE_NAME "Bip01 L Thigh"
		*CONTROL_POS_TRACK {
			*CONTROL_POS_SAMPLE 192	-15.5004	17.6709	93.0103
			*CONTROL_POS_SAMPLE 384	-15.5341	7.04769	92.7035
			*CONTROL_POS_SAMPLE 576	-15.5712	0.531141	92.5521
			*CONTROL_POS_SAMPLE 768	-15.6099	-4.10549	92.392
			*CONTROL_POS_SAMPLE 960	-15.6485	-9.08893	92.0593
			*CONTROL_POS_SAMPLE 1152	-15.6849	-14.6637	91.4183
			*CONTROL_POS_SAMPLE 1344	-15.7171	-19.7618	90.5758
			*CONTROL_POS_SAMPLE 1536	-15.7432	-24.6409	89.7312
			*CONTROL_POS_SAMPLE 1728	-15.7611	-29.5587	89.0842
			*CONTROL_POS_SAMPLE 1920	-15.7663	-34.4246	88.8387
			*CONTROL_POS_SAMPLE 2112	-15.7583	-39.1974	89.0199
			*CONTROL_POS_SAMPLE 2304	-15.7414	-44.0394	89.4564
			*CONTROL_POS_SAMPLE 2496	-15.7196	-48.888	90.0553
			*CONTROL_POS_SAMPLE 2688	-15.6969	-53.7385	90.7235
			*CONTROL_POS_SAMPLE 2880	-15.6771	-58.5859	91.3678
			*CONTROL_POS_SAMPLE 3072	-15.6585	-63.4316	91.9055
			*CONTROL_POS_SAMPLE 3264	-15.6379	-68.2797	92.2566
			*CONTROL_POS_SAMPLE 3456	-15.6161	-73.1289	92.3688
			*CONTROL_POS_SAMPLE 3648	-15.5944	-77.9779	92.3001
			*CONTROL_POS_SAMPLE 3840	-15.5735	-82.8259	92.1279
			*CONTROL_POS_SAMPLE 4032	-15.5545	-87.6715	91.929
			*CONTROL_POS_SAMPLE 4224	-15.5383	-92.5138	91.7808
			*CONTROL_POS_SAMPLE 4416	-15.5263	-97.3505	91.7549
			*CONTROL_POS_SAMPLE 4608	-15.5181	-102.182	91.9248
			*CONTROL_POS_SAMPLE 4800	-15.5121	-107.01	92.2529
			*CONTROL_POS_SAMPLE 4992	-15.5068	-111.838	92.6458
			*CONTROL_POS_SAMPLE 5184	-15.5004	-116.668	93.0103
		}
		*CONTROL_ROT_TRACK {
			*CONTROL_ROT_SAMPLE 192	-0.77066	-0.0673161	0.633681	2.25482
			*CONTROL_ROT_SAMPLE 384	-0.784404	-0.0930137	0.613236	2.29797
			*CONTROL_ROT_SAMPLE 576	-0.78944	-0.119737	0.602036	2.3446
			*CONTROL_ROT_SAMPLE 768	-0.793668	-0.138602	0.592351	2.38346
			*CONTROL_ROT_SAMPLE 960	-0.798708	-0.155361	0.581316	2.43024
			*CONTROL_ROT_SAMPLE 1152	-0.803077	-0.173064	0.57019	2.48463
			*CONTROL_ROT_SAMPLE 1344	-0.806158	-0.189587	0.560505	2.54168
			*CONTROL_ROT_SAMPLE 1536	-0.807375	-0.207553	0.552329	2.61123
			*CONTROL_ROT_SAMPLE 1728	-0.805369	-0.228832	0.546824	2.69026
			*CONTROL_ROT_SAMPLE 1920	-0.800246	-0.251357	0.54445	2.76779
			*CONTROL_ROT_SAMPLE 2112	-0.794728	-0.268725	0.544238	2.82684
			*CONTROL_ROT_SAMPLE 2304	-0.810032	-0.226969	0.540679	2.76632
			*CONTROL_ROT_SAMPLE 2496	-0.824382	-0.162442	0.542223	2.65844
			*CONTROL_ROT_SAMPLE 2688	-0.825289	-0.117561	0.552339	2.58501
			*CONTROL_ROT_SAMPLE 2880	-0.822393	-0.0765014	0.563753	2.51536
			*CONTROL_ROT_SAMPLE 3072	-0.816398	-0.0400936	0.576097	2.45107
			*CONTROL_ROT_SAMPLE 3264	-0.807961	-0.00895393	0.589168	2.39399
			*CONTROL_ROT_SAMPLE 3456	-0.797731	0.0161806	0.602797	2.34544
			*CONTROL_ROT_SAMPLE 3648	-0.785989	0.0336471	0.617324	2.30813
			*CONTROL_ROT_SAMPLE 3840	-0.772851	0.0416989	0.633215	2.28549
			*CONTROL_ROT_SAMPLE 4032	-0.758101	0.0382554	0.651014	2.2823
			*CONTROL_ROT_SAMPLE 4224	-0.740429	0.0186558	0.671876	2.30936
			*CONTROL_ROT_SAMPLE 4416	-0.708469	-0.0499589	0.703971	2.43642
			*CONTROL_ROT_SAMPLE 4608	-0.715042	-0.0472773	0.697481	2.43324
			*CONTROL_ROT_SAMPLE 4800	-0.745699	-0.000428467	0.666283	2.3492
			*CONTROL_ROT_SAMPLE 4992	-0.756697	-0.000632283	0.653766	2.35872
			*CONTROL_ROT_SAMPLE 5184	-0.765846	-0.0064099	0.642992	2.38132
		}
	}
}
*HELPEROBJECT {
	*NODE_NAME "Bip01 L Calf"
	*NODE_PARENT "Bip01 L Thigh"
	*NODE_TM {
		*NODE_NAME "Bip01 L Calf"
		*TM_ROW0 -0.0313244	-6.06772e-005	-0.999509
		*TM_ROW1 0.666575	-0.745147	-0.0208451
		*TM_ROW2 -0.74478	-0.666901	0.0233817
		*TM_ROW3 -2.22919	1.67865	59.6017
		*TM_POS -2.22919	1.67865	59.6017
		*TM_ROTAXIS 0.671128	0.264615	-0.692507
		*TM_ROTANGLE 3.64375
		*TM_SCALE 1	1	1
		*TM_SCALEAXIS 0	0	0
		*TM_SCALEAXISANG 0	0	0
	}
	*TM_ANIMATION {
		*NODE_NAME "Bip01 L Calf"
		*CONTROL_POS_TRACK {
			*CONTROL_POS_SAMPLE 192	-2.22919	1.67865	59.6017
			*CONTROL_POS_SAMPLE 384	-1.38767	-6.19812	58.4625
			*CONTROL_POS_SAMPLE 576	-1.41117	-10.0929	57.4146
			*CONTROL_POS_SAMPLE 768	-1.39941	-12.6591	56.7141
			*CONTROL_POS_SAMPLE 960	-1.33964	-15.4406	55.9632
			*CONTROL_POS_SAMPLE 1152	-1.37238	-18.5661	54.9774
			*CONTROL_POS_SAMPLE 1344	-1.51693	-21.2356	53.9125
			*CONTROL_POS_SAMPLE 1536	-1.91207	-23.3532	52.9201
			*CONTROL_POS_SAMPLE 1728	-2.68196	-25.1667	52.2377
			*CONTROL_POS_SAMPLE 1920	-3.74165	-26.9651	52.1266
			*CONTROL_POS_SAMPLE 2112	-4.69129	-29.4341	52.5478
			*CONTROL_POS_SAMPLE 2304	-2.5124	-37.8727	52.9191
			*CONTROL_POS_SAMPLE 2496	-0.143523	-48.8646	53.925
			*CONTROL_POS_SAMPLE 2688	0.447666	-58.1606	55.1171
			*CONTROL_POS_SAMPLE 2880	0.61479	-67.1049	56.5825
			*CONTROL_POS_SAMPLE 3072	0.449657	-75.5882	58.1303
			*CONTROL_POS_SAMPLE 3264	0.0288838	-83.5464	59.5534
			*CONTROL_POS_SAMPLE 3456	-0.585094	-90.9418	60.6705
			*CONTROL_POS_SAMPLE 3648	-1.3986	-97.6979	61.3547
			*CONTROL_POS_SAMPLE 3840	-2.45689	-103.742	61.4932
			*CONTROL_POS_SAMPLE 4032	-3.86842	-108.957	60.9715
			*CONTROL_POS_SAMPLE 4224	-5.9344	-112.97	59.5734
			*CONTROL_POS_SAMPLE 4416	-10.7008	-112.85	55.9151
			*CONTROL_POS_SAMPLE 4608	-10.0043	-117.695	56.1904
			*CONTROL_POS_SAMPLE 4800	-5.89775	-125.655	58.9668
			*CONTROL_POS_SAMPLE 4992	-4.89929	-129.948	59.3665
			*CONTROL_POS_SAMPLE 5184	-4.21263	-133.768	59.422
		}
		*CONTROL_ROT_TRACK {
			*CONTROL_ROT_SAMPLE 192	0.671128	0.264615	-0.692507	3.64375
			*CONTROL_ROT_SAMPLE 384	0.654678	0.332456	-0.678874	3.52699
			*CONTROL_ROT_SAMPLE 576	0.650281	0.36616	-0.665629	3.47551
			*CONTROL_ROT_SAMPLE 768	0.651175	0.386317	-0.653246	3.44439
			*CONTROL_ROT_SAMPLE 960	-0.654629	-0.404628	0.638543	2.87484
			*CONTROL_ROT_SAMPLE 1152	-0.657267	-0.424496	0.622738	2.91901
			*CONTROL_ROT_SAMPLE 1344	-0.659301	-0.442853	0.607622	2.96617
			*CONTROL_ROT_SAMPLE 1536	-0.664591	-0.456216	0.591765	3.01461
			*CONTROL_ROT_SAMPLE 1728	-0.673169	-0.462489	0.577016	3.05799
			*CONTROL_ROT_SAMPLE 1920	-0.683694	-0.460758	0.565919	3.08991
			*CONTROL_ROT_SAMPLE 2112	-0.692722	-0.454788	0.559735	3.10931
			*CONTROL_ROT_SAMPLE 2304	-0.679341	-0.470684	0.562986	3.13597
			*CONTROL_ROT_SAMPLE 2496	-0.664	-0.474016	0.578284	3.14034
			*CONTROL_ROT_SAMPLE 2688	-0.660628	-0.453998	0.597877	3.12155
			*CONTROL_ROT_SAMPLE 2880	-0.660228	-0.426549	0.618187	3.09155
			*CONTROL_ROT_SAMPLE 3072	-0.661919	-0.393279	0.638118	3.05079
			*CONTROL_ROT_SAMPLE 3264	-0.664892	-0.355765	0.656772	3.00055
			*CONTROL_ROT_SAMPLE 3456	0.668441	0.315581	-0.673495	3.34142
			*CONTROL_ROT_SAMPLE 3648	0.672354	0.27349	-0.687854	3.40881
			*CONTROL_ROT_SAMPLE 3840	0.676688	0.229842	-0.699476	3.48506
			*CONTROL_ROT_SAMPLE 4032	0.681894	0.184157	-0.707889	3.57139
			*CONTROL_ROT_SAMPLE 4224	0.689418	0.13327	-0.711998	3.67388
			*CONTROL_ROT_SAMPLE 4416	-0.708341	-0.0503386	0.704073	2.43719
			*CONTROL_ROT_SAMPLE 4608	-0.708616	-0.0662978	0.702473	2.47141
			*CONTROL_ROT_SAMPLE 4800	0.695266	0.147032	-0.703553	3.64856
			*CONTROL_ROT_SAMPLE 4992	0.694427	0.178415	-0.697094	3.58462
			*CONTROL_ROT_SAMPLE 5184	-0.69475	-0.205971	0.689128	2.75582
		}
	}
}
*HELPEROBJECT {
	*NODE_NAME "Bip01 L Foot"
	*NODE_PARENT "Bip01 L Calf"
	*NODE_TM {
		*NODE_NAME "Bip01 L Foot"
		*TM_ROW0 0.0195879	0.00534474	-0.999794
		*TM_ROW1 0.448578	-0.893735	0.00401073
		*TM_ROW2 -0.893529	-0.448564	-0.0199039
		*TM_ROW3 -3.76714	1.67567	10.5281
		*TM_POS -3.76714	1.67567	10.5281
		*TM_ROTAXIS -0.704597	-0.16544	0.690053
		*TM_ROTANGLE 2.81464
		*TM_SCALE 1	1	1
		*TM_SCALEAXIS 0	0	0
		*TM_SCALEAXISANG 0	0	0
	}
	*TM_ANIMATION {
		*NODE_NAME "Bip01 L Foot"
		*CONTROL_POS_TRACK {
			*CONTROL_POS_SAMPLE 192	-3.76714	1.67567	10.5281
			*CONTROL_POS_SAMPLE 384	-6.34066	1.86023	10.2846
			*CONTROL_POS_SAMPLE 576	-7.4204	1.9314	10.193
			*CONTROL_POS_SAMPLE 768	-7.57287	1.91714	10.2383
			*CONTROL_POS_SAMPLE 960	-7.36446	1.84532	10.4058
			*CONTROL_POS_SAMPLE 1152	-7.36167	1.74392	10.6805
			*CONTROL_POS_SAMPLE 1344	-7.50537	2.00833	11.0821
			*CONTROL_POS_SAMPLE 1536	-7.41795	2.61998	11.6205
			*CONTROL_POS_SAMPLE 1728	-7.18801	2.98565	12.2662
			*CONTROL_POS_SAMPLE 1920	-6.90423	2.5122	12.9901
			*CONTROL_POS_SAMPLE 2112	-6.65523	0.606443	13.7626
			*CONTROL_POS_SAMPLE 2304	-6.29214	-6.63002	15.2336
			*CONTROL_POS_SAMPLE 2496	-5.94721	-17.9936	16.1906
			*CONTROL_POS_SAMPLE 2688	-5.78916	-29.3009	15.8896
			*CONTROL_POS_SAMPLE 2880	-5.64476	-40.9868	15.4821
			*CONTROL_POS_SAMPLE 3072	-5.51141	-52.9195	14.9889
			*CONTROL_POS_SAMPLE 3264	-5.38642	-64.9671	14.4307
			*CONTROL_POS_SAMPLE 3456	-5.26725	-76.9977	13.8279
			*CONTROL_POS_SAMPLE 3648	-5.15124	-88.8795	13.2015
			*CONTROL_POS_SAMPLE 3840	-5.03577	-100.481	12.572
			*CONTROL_POS_SAMPLE 4032	-4.91821	-111.669	11.96
			*CONTROL_POS_SAMPLE 4224	-4.79598	-122.313	11.3863
			*CONTROL_POS_SAMPLE 4416	-4.70688	-132.151	11.17
			*CONTROL_POS_SAMPLE 4608	-4.50746	-135.004	10.5748
			*CONTROL_POS_SAMPLE 4800	-4.33808	-133.019	10.4497
			*CONTROL_POS_SAMPLE 4992	-4.1902	-133.041	10.3715
			*CONTROL_POS_SAMPLE 5184	-4.04697	-132.964	10.3312
		}
		*CONTROL_ROT_TRACK {
			*CONTROL_ROT_SAMPLE 192	-0.704597	-0.16544	0.690053	2.81464
			*CONTROL_ROT_SAMPLE 384	-0.70376	-0.180743	0.687062	2.78506
			*CONTROL_ROT_SAMPLE 576	-0.703359	-0.18713	0.685761	2.77276
			*CONTROL_ROT_SAMPLE 768	-0.703306	-0.187942	0.685594	2.7712
			*CONTROL_ROT_SAMPLE 960	-0.703397	-0.186546	0.685881	2.77388
			*CONTROL_ROT_SAMPLE 1152	-0.703412	-0.186311	0.68593	2.77434
			*CONTROL_ROT_SAMPLE 1344	-0.70338	-0.186812	0.685827	2.77337
			*CONTROL_ROT_SAMPLE 1536	-0.703445	-0.185805	0.686034	2.77531
			*CONTROL_ROT_SAMPLE 1728	-0.703564	-0.183925	0.686418	2.77893
			*CONTROL_ROT_SAMPLE 1920	-0.703695	-0.181808	0.686847	2.78301
			*CONTROL_ROT_SAMPLE 2112	-0.703799	-0.180091	0.687193	2.78632
			*CONTROL_ROT_SAMPLE 2304	-0.703892	-0.178532	0.687505	2.78932
			*CONTROL_ROT_SAMPLE 2496	-0.703971	-0.177166	0.687777	2.79196
			*CONTROL_ROT_SAMPLE 2688	-0.704023	-0.176267	0.687955	2.7937
			*CONTROL_ROT_SAMPLE 2880	-0.704072	-0.175407	0.688125	2.79536
			*CONTROL_ROT_SAMPLE 3072	-0.704118	-0.174578	0.688288	2.79696
			*CONTROL_ROT_SAMPLE 3264	-0.704163	-0.173774	0.688446	2.79851
			*CONTROL_ROT_SAMPLE 3456	-0.704206	-0.172986	0.6886	2.80003
			*CONTROL_ROT_SAMPLE 3648	-0.704248	-0.172208	0.688752	2.80154
			*CONTROL_ROT_SAMPLE 3840	-0.70429	-0.171432	0.688903	2.80304
			*CONTROL_ROT_SAMPLE 4032	-0.704331	-0.17065	0.689054	2.80455
			*CONTROL_ROT_SAMPLE 4224	-0.704373	-0.169856	0.689208	2.80609
			*CONTROL_ROT_SAMPLE 4416	-0.704416	-0.169041	0.689365	2.80767
			*CONTROL_ROT_SAMPLE 4608	-0.704461	-0.168155	0.689535	2.80938
			*CONTROL_ROT_SAMPLE 4800	-0.704508	-0.167233	0.689712	2.81117
			*CONTROL_ROT_SAMPLE 4992	-0.704552	-0.166335	0.689883	2.8129
			*CONTROL_ROT_SAMPLE 5184	-0.704597	-0.16544	0.690053	2.81464
		}
	}
}
*HELPEROBJECT {
	*NODE_NAME "Bip01 L Toe0"
	*NODE_PARENT "Bip01 L Foot"
	*NODE_TM {
		*NODE_NAME "Bip01 L Toe0"
		*TM_ROW0 0.448584	-0.893732	0.00393956
		*TM_ROW1 -0.0195529	-0.00540697	0.999794
		*TM_ROW2 -0.893527	-0.448569	-0.0199005
		*TM_ROW3 6.63771	-18.4944	-2.0052
		*TM_POS 6.63771	-18.4944	-2.0052
		*TM_ROTAXIS -0.756308	0.46864	0.45648
		*TM_ROTANGLE 1.86331
		*TM_SCALE 1	1	1
		*TM_SCALEAXIS 0	0	0
		*TM_SCALEAXISANG 0	0	0
	}
	*TM_ANIMATION {
		*NODE_NAME "Bip01 L Toe0"
		*CONTROL_POS_TRACK {
			*CONTROL_POS_SAMPLE 192	6.63771	-18.4944	-2.0052
			*CONTROL_POS_SAMPLE 384	4.95037	-17.8433	-2.22374
			*CONTROL_POS_SAMPLE 576	4.23382	-17.5667	-2.30417
			*CONTROL_POS_SAMPLE 768	4.12725	-17.5544	-2.25738
			*CONTROL_POS_SAMPLE 960	4.25672	-17.6719	-2.0924
			*CONTROL_POS_SAMPLE 1152	4.2462	-17.7809	-1.81806
			*CONTROL_POS_SAMPLE 1344	4.1309	-17.5002	-1.41557
			*CONTROL_POS_SAMPLE 1536	4.16127	-16.9213	-0.879003
			*CONTROL_POS_SAMPLE 1728	4.28446	-16.6164	-0.236569
			*CONTROL_POS_SAMPLE 1920	4.44766	-17.1576	0.483564
			*CONTROL_POS_SAMPLE 2112	4.59849	-19.1178	1.25315
			*CONTROL_POS_SAMPLE 2304	4.87224	-26.4032	2.72152
			*CONTROL_POS_SAMPLE 2496	5.13866	-37.8095	3.67618
			*CONTROL_POS_SAMPLE 2688	5.24495	-49.1447	3.37365
			*CONTROL_POS_SAMPLE 2880	5.33976	-60.8572	2.96478
			*CONTROL_POS_SAMPLE 3072	5.42529	-72.8154	2.4702
			*CONTROL_POS_SAMPLE 3264	5.50377	-84.8877	1.9106
			*CONTROL_POS_SAMPLE 3456	5.57736	-96.9424	1.30659
			*CONTROL_POS_SAMPLE 3648	5.64827	-108.848	0.678895
			*CONTROL_POS_SAMPLE 3840	5.7187	-120.472	0.0480905
			*CONTROL_POS_SAMPLE 4032	5.79085	-131.684	-0.56512
			*CONTROL_POS_SAMPLE 4224	5.86685	-142.352	-1.14008
			*CONTROL_POS_SAMPLE 4416	5.9085	-152.215	-1.35773
			*CONTROL_POS_SAMPLE 4608	6.05625	-155.094	-1.95433
			*CONTROL_POS_SAMPLE 4800	6.17174	-153.137	-2.08087
			*CONTROL_POS_SAMPLE 4992	6.26712	-153.185	-2.16047
			*CONTROL_POS_SAMPLE 5184	6.35788	-153.134	-2.20213
		}
		*CONTROL_ROT_TRACK {
			*CONTROL_ROT_SAMPLE 192	-0.756308	0.46864	0.45648	1.86331
			*CONTROL_ROT_SAMPLE 384	-0.771971	0.456436	0.442411	1.84582
			*CONTROL_ROT_SAMPLE 576	-0.778421	0.451222	0.436415	1.8387
			*CONTROL_ROT_SAMPLE 768	-0.779238	0.450554	0.435648	1.8378
			*CONTROL_ROT_SAMPLE 960	-0.777834	0.451702	0.436967	1.83935
			*CONTROL_ROT_SAMPLE 1152	-0.777597	0.451895	0.437188	1.83961
			*CONTROL_ROT_SAMPLE 1344	-0.778102	0.451483	0.436715	1.83905
			*CONTROL_ROT_SAMPLE 1536	-0.777088	0.45231	0.437665	1.84017
			*CONTROL_ROT_SAMPLE 1728	-0.775191	0.453847	0.439433	1.84226
			*CONTROL_ROT_SAMPLE 1920	-0.773051	0.455571	0.441416	1.84462
			*CONTROL_ROT_SAMPLE 2112	-0.77131	0.456964	0.443019	1.84655
			*CONTROL_ROT_SAMPLE 2304	-0.769726	0.458224	0.444469	1.84831
			*CONTROL_ROT_SAMPLE 2496	-0.768336	0.459325	0.445737	1.84985
			*CONTROL_ROT_SAMPLE 2688	-0.767419	0.460047	0.446569	1.85087
			*CONTROL_ROT_SAMPLE 2880	-0.766542	0.460738	0.447364	1.85185
			*CONTROL_ROT_SAMPLE 3072	-0.765696	0.461401	0.448129	1.85279
			*CONTROL_ROT_SAMPLE 3264	-0.764874	0.462044	0.44887	1.85371
			*CONTROL_ROT_SAMPLE 3456	-0.764068	0.462672	0.449594	1.85461
			*CONTROL_ROT_SAMPLE 3648	-0.763271	0.463292	0.450309	1.8555
			*CONTROL_ROT_SAMPLE 3840	-0.762475	0.46391	0.45102	1.85639
			*CONTROL_ROT_SAMPLE 4032	-0.761673	0.46453	0.451736	1.85729
			*CONTROL_ROT_SAMPLE 4224	-0.760857	0.46516	0.452463	1.8582
			*CONTROL_ROT_SAMPLE 4416	-0.76002	0.465804	0.453206	1.85914
			*CONTROL_ROT_SAMPLE 4608	-0.759108	0.466504	0.454014	1.86016
			*CONTROL_ROT_SAMPLE 4800	-0.758158	0.467231	0.454853	1.86123
			*CONTROL_ROT_SAMPLE 4992	-0.757233	0.467937	0.455668	1.86227
			*CONTROL_ROT_SAMPLE 5184	-0.756308	0.46864	0.45648	1.86331
		}
	}
}
*HELPEROBJECT {
	*NODE_NAME "Bip01 R Thigh"
	*NODE_PARENT "Bip01 Pelvis"
	*NODE_TM {
		*NODE_NAME "Bip01 R Thigh"
		*TM_ROW0 -0.13743	-0.196794	-0.970765
		*TM_ROW1 0.0493272	-0.980208	0.191726
		*TM_ROW2 -0.989282	-0.0215363	0.144418
		*TM_ROW3 -29.5974	6.44574	92.9387
		*TM_POS -29.5974	6.44574	92.9387
		*TM_ROTAXIS 0.653798	-0.0567687	-0.754537
		*TM_ROTANGLE 3.30542
		*TM_SCALE 1	1	1
		*TM_SCALEAXIS 0	0	0
		*TM_SCALEAXISANG 0	0	0
	}
	*TM_ANIMATION {
		*NODE_NAME "Bip01 R Thigh"
		*CONTROL_POS_TRACK {
			*CONTROL_POS_SAMPLE 192	-29.5974	6.44574	92.9387
			*CONTROL_POS_SAMPLE 384	-29.5598	-4.26672	92.6849
			*CONTROL_POS_SAMPLE 576	-29.518	-10.8803	92.5945
			*CONTROL_POS_SAMPLE 768	-29.4741	-15.6168	92.4984
			*CONTROL_POS_SAMPLE 960	-29.4301	-20.6981	92.2279
			*CONTROL_POS_SAMPLE 1152	-29.3885	-26.364	91.6425
			*CONTROL_POS_SAMPLE 1344	-29.3516	-31.5417	90.8446
			*CONTROL_POS_SAMPLE 1536	-29.3218	-36.4844	90.029
			*CONTROL_POS_SAMPLE 1728	-29.3019	-41.4453	89.3909
			*CONTROL_POS_SAMPLE 1920	-29.2972	-46.323	89.1207
			*CONTROL_POS_SAMPLE 2112	-29.3082	-51.0754	89.2422
			*CONTROL_POS_SAMPLE 2304	-29.33	-55.8743	89.5972
			*CONTROL_POS_SAMPLE 2496	-29.3574	-60.6671	90.1059
			*CONTROL_POS_SAMPLE 2688	-29.3855	-65.4585	90.6885
			*CONTROL_POS_SAMPLE 2880	-29.4096	-70.2539	91.2652
			*CONTROL_POS_SAMPLE 3072	-29.4319	-75.0508	91.7461
			*CONTROL_POS_SAMPLE 3264	-29.4564	-79.8441	92.0382
			*CONTROL_POS_SAMPLE 3456	-29.4819	-84.6354	92.0933
			*CONTROL_POS_SAMPLE 3648	-29.5071	-89.4263	91.9735
			*CONTROL_POS_SAMPLE 3840	-29.5309	-94.2185	91.7602
			*CONTROL_POS_SAMPLE 4032	-29.5521	-99.0139	91.5347
			*CONTROL_POS_SAMPLE 4224	-29.5696	-103.814	91.3783
			*CONTROL_POS_SAMPLE 4416	-29.5814	-108.622	91.3777
			*CONTROL_POS_SAMPLE 4608	-29.5878	-113.437	91.6089
			*CONTROL_POS_SAMPLE 4800	-29.5911	-118.256	92.0186
			*CONTROL_POS_SAMPLE 4992	-29.5935	-123.076	92.4981
			*CONTROL_POS_SAMPLE 5184	-29.5974	-127.893	92.9387
		}
		*CONTROL_ROT_TRACK {
			*CONTROL_ROT_SAMPLE 192	0.653798	-0.0567687	-0.754537	3.30542
			*CONTROL_ROT_SAMPLE 384	0.618649	-0.0649286	-0.78298	3.20468
			*CONTROL_ROT_SAMPLE 576	0.608838	-0.106258	-0.786146	3.30833
			*CONTROL_ROT_SAMPLE 768	0.607491	-0.143548	-0.781248	3.42597
			*CONTROL_ROT_SAMPLE 960	0.604933	-0.165832	-0.778817	3.49157
			*CONTROL_ROT_SAMPLE 1152	0.604706	-0.182934	-0.775156	3.55191
			*CONTROL_ROT_SAMPLE 1344	0.605715	-0.198575	-0.770505	3.61358
			*CONTROL_ROT_SAMPLE 1536	0.607625	-0.209281	-0.766155	3.66535
			*CONTROL_ROT_SAMPLE 1728	0.610188	-0.212244	-0.763298	3.69768
			*CONTROL_ROT_SAMPLE 1920	0.613142	-0.205877	-0.762674	3.70327
			*CONTROL_ROT_SAMPLE 2112	0.616194	-0.188621	-0.764674	3.67594
			*CONTROL_ROT_SAMPLE 2304	0.619022	-0.180066	-0.764453	3.66237
			*CONTROL_ROT_SAMPLE 2496	0.622258	-0.17269	-0.763527	3.65315
			*CONTROL_ROT_SAMPLE 2688	0.626094	-0.160073	-0.76314	3.63229
			*CONTROL_ROT_SAMPLE 2880	0.630275	-0.143528	-0.762989	3.60317
			*CONTROL_ROT_SAMPLE 3072	0.634495	-0.124813	-0.762783	3.56843
			*CONTROL_ROT_SAMPLE 3264	0.638472	-0.105813	-0.762337	3.53069
			*CONTROL_ROT_SAMPLE 3456	0.642103	-0.087575	-0.7616	3.49205
			*CONTROL_ROT_SAMPLE 3648	0.645653	-0.0685498	-0.760548	3.4483
			*CONTROL_ROT_SAMPLE 3840	0.649088	-0.0477188	-0.759215	3.3976
			*CONTROL_ROT_SAMPLE 4032	0.652054	-0.0257481	-0.757735	3.34271
			*CONTROL_ROT_SAMPLE 4224	0.654283	-0.00319163	-0.756243	3.28616
			*CONTROL_ROT_SAMPLE 4416	0.655562	0.0194604	-0.754891	3.23021
			*CONTROL_ROT_SAMPLE 4608	0.653719	0.0346337	-0.755945	3.18483
			*CONTROL_ROT_SAMPLE 4800	0.65283	0.0318134	-0.756836	3.19288
			*CONTROL_ROT_SAMPLE 4992	0.659207	-0.00863415	-0.751912	3.32491
			*CONTROL_ROT_SAMPLE 5184	0.664076	-0.0450275	-0.746308	3.46193
		}
	}
}
*HELPEROBJECT {
	*NODE_NAME "Bip01 R Calf"
	*NODE_PARENT "Bip01 R Thigh"
	*NODE_TM {
		*NODE_NAME "Bip01 R Calf"
		*TM_ROW0 -0.139509	0.431344	-0.891336
		*TM_ROW1 -0.0430976	-0.901931	-0.429725
		*TM_ROW2 -0.989282	-0.0215362	0.144418
		*TM_ROW3 -35.0046	-1.2971	54.7441
		*TM_POS -35.0046	-1.2971	54.7441
		*TM_ROTAXIS 0.644352	0.154615	-0.748936
		*TM_ROTANGLE 2.8193
		*TM_SCALE 1	1	1
		*TM_SCALEAXIS 0	0	0
		*TM_SCALEAXISANG 0	0	0
	}
	*TM_ANIMATION {
		*NODE_NAME "Bip01 R Calf"
		*CONTROL_POS_TRACK {
			*CONTROL_POS_SAMPLE 192	-35.0046	-1.2971	54.7441
			*CONTROL_POS_SAMPLE 384	-38.7396	-9.36644	54.7674
			*CONTROL_POS_SAMPLE 576	-39.3504	-21.0691	55.8858
			*CONTROL_POS_SAMPLE 768	-38.7818	-30.9648	57.4867
			*CONTROL_POS_SAMPLE 960	-38.4666	-38.8595	58.5155
			*CONTROL_POS_SAMPLE 1152	-37.8873	-46.8733	59.1594
			*CONTROL_POS_SAMPLE 1344	-37.1025	-54.2722	59.6794
			*CONTROL_POS_SAMPLE 1536	-36.2868	-60.8965	59.9698
			*CONTROL_POS_SAMPLE 1728	-35.6273	-66.7212	59.9099
			*CONTROL_POS_SAMPLE 1920	-35.2869	-71.4752	59.4642
			*CONTROL_POS_SAMPLE 2112	-35.3728	-74.9061	58.5284
			*CONTROL_POS_SAMPLE 2304	-35.3047	-79.0291	58.3534
			*CONTROL_POS_SAMPLE 2496	-35.1466	-83.2878	58.4388
			*CONTROL_POS_SAMPLE 2688	-35.0617	-87.0289	58.2768
			*CONTROL_POS_SAMPLE 2880	-35.0135	-90.3695	57.9188
			*CONTROL_POS_SAMPLE 3072	-34.9886	-93.4275	57.4032
			*CONTROL_POS_SAMPLE 3264	-34.9816	-96.34	56.7484
			*CONTROL_POS_SAMPLE 3456	-34.9778	-99.2135	55.9645
			*CONTROL_POS_SAMPLE 3648	-34.9781	-101.862	55.0489
			*CONTROL_POS_SAMPLE 3840	-34.9806	-104.18	54.0895
			*CONTROL_POS_SAMPLE 4032	-34.9842	-106.277	53.2495
			*CONTROL_POS_SAMPLE 4224	-34.9937	-108.264	52.664
			*CONTROL_POS_SAMPLE 4416	-35.0204	-110.249	52.4446
			*CONTROL_POS_SAMPLE 4608	-35.2837	-112.942	52.6817
			*CONTROL_POS_SAMPLE 4800	-35.3697	-118.149	53.1006
			*CONTROL_POS_SAMPLE 4992	-34.3707	-128.912	53.883
			*CONTROL_POS_SAMPLE 5184	-33.1215	-139.432	55.4894
		}
		*CONTROL_ROT_TRACK {
			*CONTROL_ROT_SAMPLE 192	0.644352	0.154615	-0.748936	2.8193
			*CONTROL_ROT_SAMPLE 384	0.621751	0.143012	-0.770048	2.68925
			*CONTROL_ROT_SAMPLE 576	0.615345	0.161329	-0.771572	2.63564
			*CONTROL_ROT_SAMPLE 768	0.615137	0.164588	-0.771049	2.65369
			*CONTROL_ROT_SAMPLE 960	0.615197	0.14943	-0.774082	2.69937
			*CONTROL_ROT_SAMPLE 1152	0.615695	0.134593	-0.776405	2.75539
			*CONTROL_ROT_SAMPLE 1344	0.616652	0.115816	-0.77867	2.8286
			*CONTROL_ROT_SAMPLE 1536	0.617783	0.092994	-0.780831	2.91521
			*CONTROL_ROT_SAMPLE 1728	0.619012	0.0665918	-0.782553	3.00991
			*CONTROL_ROT_SAMPLE 1920	0.620522	0.0350613	-0.783405	3.11215
