*3DSMAX_ASCIIEXPORT	110
*COMMENT "This file is part of Gothic Free Aim Copyright (C) 2016-2017  mud-freak (@szapp)"
*COMMENT "<http://github.com/szapp/GothicFreeAim>"
*COMMENT "Animations: first iteration"
*SCENE {
	*SCENE_FILENAME "bowIK_left.max"
	*SCENE_FIRSTFRAME 1
	*SCENE_LASTFRAME 26
	*SCENE_FRAMESPEED 25
	*SCENE_TICKSPERFRAME 192
	*SCENE_BACKGROUND_STATIC 0	0	0
	*SCENE_AMBIENT_STATIC 0.2	0.2	0.2
}
*HELPEROBJECT {
	*NODE_NAME "Bip01"
	*NODE_TM {
		*NODE_NAME "Bip01"
		*TM_ROW0 -0.836419	-0.547972	0.0113689
		*TM_ROW1 0.547171	-0.836037	-0.040567
		*TM_ROW2 0.0317344	-0.0277103	0.999112
		*TM_ROW3 -0.0496109	8.30836	93.7967
		*TM_POS -0.0496109	8.30836	93.7967
		*TM_ROTAXIS -0.0117369	0.0185917	-0.999758
		*TM_ROTANGLE 3.72121
		*TM_SCALE 1	1	1
		*TM_SCALEAXIS 0	0	0
		*TM_SCALEAXISANG 0	0	0
	}
	*TM_ANIMATION {
		*NODE_NAME "Bip01"
		*CONTROL_POS_TRACK {
			*CONTROL_POS_SAMPLE 192	-0.0496109	8.30836	93.7967
			*CONTROL_POS_SAMPLE 384	3.1927	8.30836	93.8022
			*CONTROL_POS_SAMPLE 576	6.43501	8.30836	93.8084
			*CONTROL_POS_SAMPLE 768	9.67731	8.30836	93.8153
			*CONTROL_POS_SAMPLE 960	12.9196	8.30836	93.8229
			*CONTROL_POS_SAMPLE 1152	16.1619	8.30836	93.5375
			*CONTROL_POS_SAMPLE 1344	19.4042	8.30836	93.2122
			*CONTROL_POS_SAMPLE 1536	22.6465	8.30836	92.8774
			*CONTROL_POS_SAMPLE 1728	25.8889	8.30836	92.5637
			*CONTROL_POS_SAMPLE 1920	29.1312	8.30836	92.3014
			*CONTROL_POS_SAMPLE 2112	32.3735	8.30836	92.121
			*CONTROL_POS_SAMPLE 2304	35.6158	8.30836	92.0531
			*CONTROL_POS_SAMPLE 2496	38.8581	8.30836	92.1179
			*CONTROL_POS_SAMPLE 2688	42.1004	8.30836	92.295
			*CONTROL_POS_SAMPLE 2880	45.3427	8.30836	92.5546
			*CONTROL_POS_SAMPLE 3072	48.585	8.30836	92.8663
			*CONTROL_POS_SAMPLE 3264	51.8273	8.30836	93.1996
			*CONTROL_POS_SAMPLE 3456	55.0696	8.30836	93.5237
			*CONTROL_POS_SAMPLE 3648	58.3119	8.30836	93.808
			*CONTROL_POS_SAMPLE 3840	61.5542	8.30836	93.8062
			*CONTROL_POS_SAMPLE 4032	64.7965	8.30836	93.8048
			*CONTROL_POS_SAMPLE 4224	68.0388	8.30836	93.8036
			*CONTROL_POS_SAMPLE 4416	71.2812	8.30836	93.8024
			*CONTROL_POS_SAMPLE 4608	74.5235	8.30836	93.8009
			*CONTROL_POS_SAMPLE 4800	77.7658	8.30836	93.7991
			*CONTROL_POS_SAMPLE 4992	81.0081	8.30836	93.7967
		}
		*CONTROL_ROT_TRACK {
			*CONTROL_ROT_SAMPLE 192	-0.0117369	0.0185917	-0.999758	3.72121
			*CONTROL_ROT_SAMPLE 384	-0.0097923	0.0191725	-0.999768	3.72129
			*CONTROL_ROT_SAMPLE 576	-0.00800318	0.0197067	-0.999774	3.72137
			*CONTROL_ROT_SAMPLE 768	-0.00636956	0.0201944	-0.999776	3.72144
			*CONTROL_ROT_SAMPLE 960	-0.00489147	0.0206357	-0.999775	3.7215
			*CONTROL_ROT_SAMPLE 1152	-0.00356893	0.0210305	-0.999772	3.72155
			*CONTROL_ROT_SAMPLE 1344	-0.00240196	0.0213788	-0.999769	3.72159
			*CONTROL_ROT_SAMPLE 1536	-0.00139057	0.0216806	-0.999764	3.72163
			*CONTROL_ROT_SAMPLE 1728	-0.000534766	0.021936	-0.999759	3.72167
			*CONTROL_ROT_SAMPLE 1920	0.000165444	0.0221449	-0.999755	3.72169
			*CONTROL_ROT_SAMPLE 2112	0.000710051	0.0223074	-0.999751	3.72171
			*CONTROL_ROT_SAMPLE 2304	0.00109905	0.0224235	-0.999748	3.72173
			*CONTROL_ROT_SAMPLE 2496	0.00133244	0.0224931	-0.999746	3.72173
			*CONTROL_ROT_SAMPLE 2688	0.00141023	0.0225163	-0.999745	3.72174
			*CONTROL_ROT_SAMPLE 2880	0.00123524	0.0224641	-0.999747	3.72173
			*CONTROL_ROT_SAMPLE 3072	0.000740668	0.0223165	-0.999751	3.72171
			*CONTROL_ROT_SAMPLE 3264	-2.78314e-005	0.0220872	-0.999756	3.72168
			*CONTROL_ROT_SAMPLE 3456	-0.0010246	0.0217898	-0.999762	3.72165
			*CONTROL_ROT_SAMPLE 3648	-0.00220397	0.0214378	-0.999768	3.7216
			*CONTROL_ROT_SAMPLE 3840	-0.00352027	0.021045	-0.999772	3.72155
			*CONTROL_ROT_SAMPLE 4032	-0.00492785	0.0206248	-0.999775	3.7215
			*CONTROL_ROT_SAMPLE 4224	-0.00638105	0.020191	-0.999776	3.72144
			*CONTROL_ROT_SAMPLE 4416	-0.0078342	0.0197572	-0.999774	3.72138
			*CONTROL_ROT_SAMPLE 4608	-0.00924166	0.0193369	-0.99977	3.72132
			*CONTROL_ROT_SAMPLE 4800	-0.0105578	0.0189439	-0.999765	3.72126
			*CONTROL_ROT_SAMPLE 4992	-0.0117369	0.0185917	-0.999758	3.72121
		}
	}
}
*HELPEROBJECT {
	*NODE_NAME "Bip01 Footsteps"
	*NODE_PARENT "Bip01"
	*NODE_TM {
		*NODE_NAME "Bip01 Footsteps"
		*TM_ROW0 1	0	0
		*TM_ROW1 0	1	0
		*TM_ROW2 0	0	1
		*TM_ROW3 -0.0496109	8.30836	-2.08433
		*TM_POS -0.0496109	8.30836	-2.08433
		*TM_ROTAXIS 0	0	0
		*TM_ROTANGLE 0
		*TM_SCALE 1	1	1
		*TM_SCALEAXIS 0	0	0
		*TM_SCALEAXISANG 0	0	0
	}
}
*HELPEROBJECT {
	*NODE_NAME "Bip01 Pelvis"
	*NODE_PARENT "Bip01"
	*NODE_TM {
		*NODE_NAME "Bip01 Pelvis"
		*TM_ROW0 0.0317337	-0.0277091	0.999112
		*TM_ROW1 -0.836418	-0.547974	0.0113689
		*TM_ROW2 0.547172	-0.836037	-0.0405656
		*TM_ROW3 2.29814	8.78044	93.7352
		*TM_POS 2.29814	8.78044	93.7352
		*TM_ROTAXIS -0.674938	0.35996	-0.644118
		*TM_ROTANGLE 2.46291
		*TM_SCALE 1	1	1
		*TM_SCALEAXIS 0	0	0
		*TM_SCALEAXISANG 0	0	0
	}
	*TM_ANIMATION {
		*NODE_NAME "Bip01 Pelvis"
		*CONTROL_POS_TRACK {
			*CONTROL_POS_SAMPLE 192	2.29814	8.78044	93.7352
			*CONTROL_POS_SAMPLE 384	5.54064	8.78056	93.7494
			*CONTROL_POS_SAMPLE 576	8.78309	8.78065	93.7635
			*CONTROL_POS_SAMPLE 768	12.0255	8.78073	93.7777
			*CONTROL_POS_SAMPLE 960	15.2679	8.78078	93.7918
			*CONTROL_POS_SAMPLE 1152	18.5103	8.78082	93.5124
			*CONTROL_POS_SAMPLE 1344	21.7526	8.78085	93.1922
			*CONTROL_POS_SAMPLE 1536	24.995	8.78087	92.862
			*CONTROL_POS_SAMPLE 1728	28.2373	8.78088	92.552
			*CONTROL_POS_SAMPLE 1920	31.4796	8.78089	92.2928
			*CONTROL_POS_SAMPLE 2112	34.7219	8.7809	92.1149
			*CONTROL_POS_SAMPLE 2304	37.9642	8.7809	92.0487
			*CONTROL_POS_SAMPLE 2496	41.2065	8.7809	92.1145
			*CONTROL_POS_SAMPLE 2688	44.4489	8.7809	92.292
			*CONTROL_POS_SAMPLE 2880	47.6912	8.7809	92.5508
			*CONTROL_POS_SAMPLE 3072	50.9335	8.7809	92.8603
			*CONTROL_POS_SAMPLE 3264	54.1758	8.78089	93.1902
			*CONTROL_POS_SAMPLE 3456	57.418	8.78088	93.5099
			*CONTROL_POS_SAMPLE 3648	60.6603	8.78086	93.7889
			*CONTROL_POS_SAMPLE 3840	63.9026	8.78082	93.7813
			*CONTROL_POS_SAMPLE 4032	67.1448	8.78078	93.7736
			*CONTROL_POS_SAMPLE 4224	70.387	8.78073	93.7659
			*CONTROL_POS_SAMPLE 4416	73.6293	8.78066	93.7582
			*CONTROL_POS_SAMPLE 4608	76.8715	8.78059	93.7506
			*CONTROL_POS_SAMPLE 4800	80.1136	8.78051	93.7429
			*CONTROL_POS_SAMPLE 4992	83.3558	8.78044	93.7352
		}
		*CONTROL_ROT_TRACK {
			*CONTROL_ROT_SAMPLE 192	-0.674938	0.35996	-0.644118	2.46291
			*CONTROL_ROT_SAMPLE 384	-0.673955	0.361054	-0.644534	2.46552
			*CONTROL_ROT_SAMPLE 576	-0.67305	0.362059	-0.644916	2.46793
			*CONTROL_ROT_SAMPLE 768	-0.672223	0.362975	-0.645263	2.47012
			*CONTROL_ROT_SAMPLE 960	-0.671475	0.363803	-0.645576	2.47211
			*CONTROL_ROT_SAMPLE 1152	-0.670805	0.364543	-0.645856	2.47389
			*CONTROL_ROT_SAMPLE 1344	-0.670213	0.365195	-0.646101	2.47546
			*CONTROL_ROT_SAMPLE 1536	-0.6697	0.36576	-0.646313	2.47682
			*CONTROL_ROT_SAMPLE 1728	-0.669266	0.366237	-0.646493	2.47797
			*CONTROL_ROT_SAMPLE 1920	-0.668911	0.366628	-0.646639	2.47892
			*CONTROL_ROT_SAMPLE 2112	-0.668635	0.366931	-0.646753	2.47965
			*CONTROL_ROT_SAMPLE 2304	-0.668437	0.367148	-0.646834	2.48017
			*CONTROL_ROT_SAMPLE 2496	-0.668319	0.367278	-0.646882	2.48049
			*CONTROL_ROT_SAMPLE 2688	-0.668279	0.367321	-0.646899	2.48059
			*CONTROL_ROT_SAMPLE 2880	-0.668368	0.367224	-0.646862	2.48036
			*CONTROL_ROT_SAMPLE 3072	-0.668619	0.366948	-0.646759	2.47969
			*CONTROL_ROT_SAMPLE 3264	-0.669009	0.36652	-0.646599	2.47866
			*CONTROL_ROT_SAMPLE 3456	-0.669515	0.365964	-0.64639	2.47731
			*CONTROL_ROT_SAMPLE 3648	-0.670113	0.365306	-0.646143	2.47573
			*CONTROL_ROT_SAMPLE 3840	-0.67078	0.36457	-0.645866	2.47396
			*CONTROL_ROT_SAMPLE 4032	-0.671493	0.363783	-0.645569	2.47206
			*CONTROL_ROT_SAMPLE 4224	-0.672229	0.362969	-0.645261	2.47011
			*CONTROL_ROT_SAMPLE 4416	-0.672965	0.362154	-0.644952	2.46816
			*CONTROL_ROT_SAMPLE 4608	-0.673677	0.361363	-0.644652	2.46626
			*CONTROL_ROT_SAMPLE 4800	-0.674342	0.360623	-0.644371	2.4645
			*CONTROL_ROT_SAMPLE 4992	-0.674938	0.35996	-0.644118	2.46291
		}
	}
}
*HELPEROBJECT {
	*NODE_NAME "Bip01 Spine"
	*NODE_PARENT "Bip01 Pelvis"
	*NODE_TM {
		*NODE_NAME "Bip01 Spine"
		*TM_ROW0 -0.0267009	-0.065869	0.997471
		*TM_ROW1 -0.836597	-0.544701	-0.0583644
		*TM_ROW2 0.547168	-0.836039	-0.0405617
		*TM_ROW3 2.44888	8.76274	96.1329
		*TM_POS 2.44888	8.76274	96.1329
		*TM_ROTAXIS -0.656887	0.380362	-0.651018
		*TM_ROTANGLE 2.50813
		*TM_SCALE 1	1	1
		*TM_SCALEAXIS 0	0	0
		*TM_SCALEAXISANG 0	0	0
	}
}
*HELPEROBJECT {
	*NODE_NAME "Bip01 Spine1"
	*NODE_PARENT "Bip01 Spine"
	*NODE_TM {
		*NODE_NAME "Bip01 Spine1"
		*TM_ROW0 -0.039078	-0.0785962	0.99614
		*TM_ROW1 -0.938651	-0.338959	-0.0635668
		*TM_ROW2 0.342647	-0.937512	-0.0605285
		*TM_ROW3 2.19604	8.11889	105.936
		*TM_POS 2.19604	8.11889	105.936
		*TM_ROTAXIS -0.628994	0.47033	-0.618996
		*TM_ROTANGLE 2.37357
		*TM_SCALE 1	1	1
		*TM_SCALEAXIS 0	0	0
		*TM_SCALEAXISANG 0	0	0
	}
}
*HELPEROBJECT {
	*NODE_NAME "Bip01 Spine2"
	*NODE_PARENT "Bip01 Spine1"
	*NODE_TM {
		*NODE_NAME "Bip01 Spine2"
		*TM_ROW0 -0.130741	0.0235049	0.991138
		*TM_ROW1 -0.984898	-0.117536	-0.12713
		*TM_ROW2 0.113506	-0.99279	0.0385166
		*TM_ROW3 1.71976	7.11646	118.679
		*TM_POS 1.71976	7.11646	118.679
		*TM_ROTAXIS -0.54354	0.551057	-0.633167
		*TM_ROTANGLE 2.22041
		*TM_SCALE 1	1	1
		*TM_SCALEAXIS 0	0	0
		*TM_SCALEAXISANG 0	0	0
	}
}
*HELPEROBJECT {
	*NODE_NAME "Bip01 Neck"
	*NODE_PARENT "Bip01 Spine2"
	*NODE_TM {
		*NODE_NAME "Bip01 Neck"
		*TM_ROW0 -0.418375	-0.324523	0.84832
		*TM_ROW1 -0.131855	-0.902396	-0.410238
		*TM_ROW2 0.898653	-0.283489	0.33475
		*TM_ROW3 -2.19966	7.82615	148.4
		*TM_POS -2.19966	7.82615	148.4
		*TM_ROTAXIS -0.536959	0.213228	-0.816216
		*TM_ROTANGLE 3.25989
		*TM_SCALE 1	1	1
		*TM_SCALEAXIS 0	0	0
		*TM_SCALEAXISANG 0	0	0
	}
}
*HELPEROBJECT {
	*NODE_NAME "Bip01 Head"
	*NODE_PARENT "Bip01 Neck"
	*NODE_TM {
		*NODE_NAME "Bip01 Head"
		*TM_ROW0 -0.478393	0.0242117	0.877812
		*TM_ROW1 0.329045	-0.92185	0.20475
		*TM_ROW2 0.814168	0.386791	0.43304
		*TM_ROW3 -5.06102	5.60666	154.202
		*TM_POS -5.06102	5.60666	154.202
		*TM_ROTAXIS -0.504671	-0.17644	-0.84509
		*TM_ROTANGLE 3.32294
		*TM_SCALE 1	1	1
		*TM_SCALEAXIS 0	0	0
		*TM_SCALEAXISANG 0	0	0
	}
}
*HELPEROBJECT {
	*NODE_NAME "zs_Helmet"
	*NODE_PARENT "Bip01 Head"
	*NODE_TM {
		*NODE_NAME "zs_Helmet"
		*TM_ROW0 0.814168	0.386792	0.43304
		*TM_ROW1 -0.290497	0.917108	-0.272991
		*TM_ROW2 -0.502735	0.0964637	0.859042
		*TM_ROW3 -116.082	-54.0937	416.26
		*TM_POS -116.082	-54.0937	416.26
		*TM_ROTAXIS 0.304629	0.77158	-0.558449
		*TM_ROTANGLE 0.651527
		*TM_SCALE 1	1	1
		*TM_SCALEAXIS 0	0	0
		*TM_SCALEAXISANG 0	0	0
	}
}
*HELPEROBJECT {
	*NODE_NAME "Bip01 L Clavicle"
	*NODE_PARENT "Bip01 Neck"
	*NODE_TM {
		*NODE_NAME "Bip01 L Clavicle"
		*TM_ROW0 0.343247	-0.887333	0.307932
		*TM_ROW1 0.913452	0.391675	0.110434
		*TM_ROW2 -0.2186	0.243375	0.944977
		*TM_ROW3 1.83974	0.0790365	143.699
		*TM_POS 1.83974	0.0790365	143.699
		*TM_ROTAXIS 0.0706802	0.279938	0.957413
		*TM_ROTANGLE 1.22393
		*TM_SCALE 1	1	1
		*TM_SCALEAXIS 0	0	0
		*TM_SCALEAXISANG 0	0	0
	}
}
*HELPEROBJECT {
	*NODE_NAME "Bip01 L UpperArm"
	*NODE_PARENT "Bip01 L Clavicle"
	*NODE_TM {
		*NODE_NAME "Bip01 L UpperArm"
		*TM_ROW0 0.105933	-0.994218	0.0175471
		*TM_ROW1 0.979278	0.101245	-0.175398
		*TM_ROW2 0.172607	0.0357638	0.984341
		*TM_ROW3 6.41385	-11.7456	147.803
		*TM_POS 6.41385	-11.7456	147.803
		*TM_ROTAXIS 0.106068	-0.077888	0.991304
		*TM_ROTANGLE 1.47489
		*TM_SCALE 1	1	1
		*TM_SCALEAXIS 0	0	0
		*TM_SCALEAXISANG 0	0	0
	}
}
*HELPEROBJECT {
	*NODE_NAME "Bip01 L Forearm"
	*NODE_PARENT "Bip01 L UpperArm"
	*NODE_TM {
		*NODE_NAME "Bip01 L Forearm"
		*TM_ROW0 0.0537749	-0.998192	0.0268375
		*TM_ROW1 0.983522	0.0483005	-0.174218
		*TM_ROW2 0.172607	0.0357638	0.984341
		*TM_ROW3 9.37003	-39.4904	148.292
		*TM_POS 9.37003	-39.4904	148.292
		*TM_ROTAXIS 0.105089	-0.072953	0.991783
		*TM_ROTANGLE 1.52757
		*TM_SCALE 1	1	1
		*TM_SCALEAXIS 0	0	0
		*TM_SCALEAXISANG 0	0	0
	}
}
*HELPEROBJECT {
	*NODE_NAME "Bip01 L Hand"
	*NODE_PARENT "Bip01 L Forearm"
	*NODE_TM {
		*NODE_NAME "Bip01 L Hand"
		*TM_ROW0 0.299205	-0.932532	0.202137
		*TM_ROW1 -0.893023	-0.348296	-0.284957
		*TM_ROW2 0.336135	-0.0952527	-0.936984
		*TM_ROW3 10.8658	-67.2565	149.039
		*TM_POS 10.8658	-67.2565	149.039
		*TM_ROTAXIS -0.80522	0.568768	-0.167704
		*TM_ROTANGLE 3.25966
		*TM_SCALE 1	1	1
		*TM_SCALEAXIS 0	0	0
		*TM_SCALEAXISANG 0	0	0
	}
}
*HELPEROBJECT {
	*NODE_NAME "Bip01 L Finger0"
	*NODE_PARENT "Bip01 L Hand"
	*NODE_TM {
		*NODE_NAME "Bip01 L Finger0"
		*TM_ROW0 0.299204	-0.932533	0.202136
		*TM_ROW1 -0.893279	-0.348222	-0.284242
		*TM_ROW2 0.335453	-0.0955175	-0.937202
		*TM_ROW3 14.7166	-79.258	151.64
		*TM_POS 14.7166	-79.258	151.64
		*TM_ROTAXIS -0.805227	0.568822	-0.167483
		*TM_ROTANGLE 3.25905
		*TM_SCALE 1	1	1
		*TM_SCALEAXIS 0	0	0
		*TM_SCALEAXISANG 0	0	0
	}
}
*HELPEROBJECT {
	*NODE_NAME "zs_LeftHand"
	*NODE_PARENT "Bip01 L Hand"
	*NODE_TM {
		*NODE_NAME "zs_LeftHand"
		*TM_ROW0 0.264702	-0.00447173	-0.96432
		*TM_ROW1 0.416183	-0.901537	0.118421
		*TM_ROW2 -0.869899	-0.43268	-0.236778
		*TM_ROW3 -12.6718	-199.114	95.8644
		*TM_POS -12.6718	-199.114	95.8644
		*TM_ROTAXIS -0.787627	-0.134945	0.601194
		*TM_ROTANGLE 2.78418
		*TM_SCALE 1	1	1
		*TM_SCALEAXIS 0	0	0
		*TM_SCALEAXISANG 0	0	0
	}
}
*HELPEROBJECT {
	*NODE_NAME "zs_LeftArm"
	*NODE_PARENT "Bip01 L Forearm"
	*NODE_TM {
		*NODE_NAME "zs_LeftArm"
		*TM_ROW0 0.185219	-0.981907	-0.0394105
		*TM_ROW1 0.975804	0.188513	-0.110764
		*TM_ROW2 0.116189	-0.0179414	0.993065
		*TM_ROW3 -140.669	-307.943	234.654
		*TM_POS -140.669	-307.943	234.654
		*TM_ROTAXIS 0.0472119	-0.0791421	0.995745
		*TM_ROTANGLE 1.38635
		*TM_SCALE 1	1	1
		*TM_SCALEAXIS 0	0	0
		*TM_SCALEAXISANG 0	0	0
	}
}
*HELPEROBJECT {
	*NODE_NAME "Bip01 R Clavicle"
	*NODE_PARENT "Bip01 Neck"
	*NODE_TM {
		*NODE_NAME "Bip01 R Clavicle"
		*TM_ROW0 -0.73824	0.59506	-0.317654
		*TM_ROW1 0.61029	0.78981	0.0612091
		*TM_ROW2 0.28731	-0.148674	-0.946229
		*TM_ROW3 0.0317838	15.8922	143.086
		*TM_POS 0.0317838	15.8922	143.086
		*TM_ROTAXIS -0.327677	-0.94449	0.0237776
		*TM_ROTANGLE 2.81559
		*TM_SCALE 1	1	1
		*TM_SCALEAXIS 0	0	0
		*TM_SCALEAXISANG 0	0	0
	}
}
*HELPEROBJECT {
	*NODE_NAME "Bip01 R UpperArm"
	*NODE_PARENT "Bip01 R Clavicle"
	*NODE_TM {
		*NODE_NAME "Bip01 R UpperArm"
		*TM_ROW0 -0.616576	-0.786162	-0.042222
		*TM_ROW1 -0.545953	0.465591	-0.696534
		*TM_ROW2 0.567247	-0.406415	-0.71628
		*TM_ROW3 -9.80601	23.822	138.853
		*TM_POS -9.80601	23.822	138.853
		*TM_ROTAXIS 0.404931	-0.850661	0.33527
		*TM_ROTANGLE 2.77522
		*TM_SCALE 1	1	1
		*TM_SCALEAXIS 0	0	0
		*TM_SCALEAXISANG 0	0	0
	}
}
*HELPEROBJECT {
	*NODE_NAME "Bip01 R Forearm"
	*NODE_PARENT "Bip01 R UpperArm"
	*NODE_TM {
		*NODE_NAME "Bip01 R Forearm"
		*TM_ROW0 0.61614	-0.367669	0.696557
		*TM_ROW1 -0.546445	-0.836449	0.0418496
		*TM_ROW2 0.567247	-0.406415	-0.71628
		*TM_ROW3 -27.0123	1.88313	137.674
		*TM_POS -27.0123	1.88313	137.674
		*TM_ROTAXIS -0.897206	0.258814	-0.357822
		*TM_ROTANGLE 2.88911
		*TM_SCALE 1	1	1
		*TM_SCALEAXIS 0	0	0
		*TM_SCALEAXISANG 0	0	0
	}
}
*HELPEROBJECT {
	*NODE_NAME "Bip01 R Hand"
	*NODE_PARENT "Bip01 R Forearm"
	*NODE_TM {
		*NODE_NAME "Bip01 R Hand"
		*TM_ROW0 0.42203	-0.900574	0.104197
		*TM_ROW1 0.0508362	-0.0912448	-0.99453
		*TM_ROW2 0.905155	0.425018	0.00727376
		*TM_ROW3 -9.87358	-8.34406	157.05
		*TM_POS -9.87358	-8.34406	157.05
		*TM_ROTAXIS 0.752165	-0.424398	0.504117
		*TM_ROTANGLE 1.90813
		*TM_SCALE 1	1	1
		*TM_SCALEAXIS 0	0	0
		*TM_SCALEAXISANG 0	0	0
	}
}
*HELPEROBJECT {
	*NODE_NAME "Bip01 R Finger0"
	*NODE_PARENT "Bip01 R Hand"
	*NODE_TM {
		*NODE_NAME "Bip01 R Finger0"
		*TM_ROW0 0.422028	-0.900575	0.104198
		*TM_ROW1 0.0515297	-0.0909203	-0.994524
		*TM_ROW2 0.905117	0.425087	0.00803543
		*TM_ROW3 -4.44212	-19.9343	158.391
		*TM_POS -4.44212	-19.9343	158.391
		*TM_ROTAXIS 0.752047	-0.424291	0.504383
		*TM_ROTANGLE 1.90755
		*TM_SCALE 1	1	1
		*TM_SCALEAXIS 0	0	0
		*TM_SCALEAXISANG 0	0	0
	}
}
*HELPEROBJECT {
	*NODE_NAME "zs_RightHand"
	*NODE_PARENT "Bip01 R Hand"
	*NODE_TM {
		*NODE_NAME "zs_RightHand"
		*TM_ROW0 -0.373524	0.922474	-0.0975807
		*TM_ROW1 -0.797796	-0.265793	0.541179
		*TM_ROW2 0.473287	0.279993	0.835226
		*TM_ROW3 191.202	-461.379	212.55
		*TM_POS 191.202	-461.379	212.55
		*TM_ROTAXIS -0.142628	-0.311739	-0.939402
		*TM_ROTANGLE 1.98455
		*TM_SCALE 1	1	1
		*TM_SCALEAXIS 0	0	0
		*TM_SCALEAXISANG 0	0	0
	}
}
*HELPEROBJECT {
	*NODE_NAME "zs_Crossbow"
	*NODE_PARENT "Bip01 Spine2"
	*NODE_TM {
		*NODE_NAME "zs_Crossbow"
		*TM_ROW0 -0.429544	0.368344	0.824509
		*TM_ROW1 0.0550698	0.922016	-0.383215
		*TM_ROW2 -0.901365	-0.119202	-0.416331
		*TM_ROW3 73.6922	398.288	1441.55
		*TM_POS 73.6922	398.288	1441.55
		*TM_ROTAXIS 0.148837	0.972963	-0.176609
		*TM_ROTANGLE 2.05097
		*TM_SCALE 1	1	1
		*TM_SCALEAXIS 0	0	0
		*TM_SCALEAXISANG 0	0	0
	}
}
*HELPEROBJECT {
	*NODE_NAME "zs_Longsword"
	*NODE_PARENT "Bip01 Spine2"
	*NODE_TM {
		*NODE_NAME "zs_Longsword"
		*TM_ROW0 -0.406874	0.486926	0.772888
		*TM_ROW1 0.131122	0.868458	-0.478109
		*TM_ROW2 -0.904025	-0.0931876	-0.4172
		*TM_ROW3 45.2388	470.008	1167.94
		*TM_POS 45.2388	470.008	1167.94
		*TM_ROTAXIS 0.219088	0.954457	-0.202515
		*TM_ROTANGLE 2.06895
		*TM_SCALE 1	1	1
		*TM_SCALEAXIS 0	0	0
		*TM_SCALEAXISANG 0	0	0
	}
}
*HELPEROBJECT {
	*NODE_NAME "zs_Shield"
	*NODE_PARENT "Bip01 Spine2"
	*NODE_TM {
		*NODE_NAME "zs_Shield"
		*TM_ROW0 0.410452	0.0255317	-0.911525
		*TM_ROW1 0.269533	0.951547	0.148021
		*TM_ROW2 0.871138	-0.306442	0.383683
		*TM_ROW3 395.99	-135.319	476.069
		*TM_POS 395.99	-135.319	476.069
		*TM_ROTAXIS -0.244889	-0.960595	0.131481
		*TM_ROTANGLE 1.18873
		*TM_SCALE 1	1	1
		*TM_SCALEAXIS 0	0	0
		*TM_SCALEAXISANG 0	0	0
	}
}
*HELPEROBJECT {
	*NODE_NAME "zs_Bow"
	*NODE_PARENT "Bip01 Spine2"
	*NODE_TM {
		*NODE_NAME "zs_Bow"
		*TM_ROW0 -0.178195	0.275038	0.944775
		*TM_ROW1 0.95218	0.290375	0.0950589
		*TM_ROW2 -0.248194	0.916535	-0.313629
		*TM_ROW3 514.267	145.7	163.746
		*TM_POS 514.267	145.7	163.746
		*TM_ROTAXIS -0.513772	-0.746113	-0.423501
		*TM_ROTANGLE 4.06798
		*TM_SCALE 1	1	1
		*TM_SCALEAXIS 0	0	0
		*TM_SCALEAXISANG 0	0	0
	}
}
*HELPEROBJECT {
	*NODE_NAME "zs_Sword"
	*NODE_PARENT "Bip01 Spine"
	*NODE_TM {
		*NODE_NAME "zs_Sword"
		*TM_ROW0 -0.29945	-0.240773	0.923232
		*TM_ROW1 0.781628	0.493013	0.382095
		*TM_ROW2 -0.547164	0.836042	0.0405626
		*TM_ROW3 234.747	-215.586	126.381
		*TM_POS 234.747	-215.586	126.381
		*TM_ROTAXIS 0.245702	0.795863	0.553382
		*TM_ROTANGLE 1.96377
		*TM_SCALE 1	1	1
		*TM_SCALEAXIS 0	0	0
		*TM_SCALEAXISANG 0	0	0
	}
}
*HELPEROBJECT {
	*NODE_NAME "Bip01 L Thigh"
	*NODE_PARENT "Bip01 Pelvis"
	*NODE_TM {
		*NODE_NAME "Bip01 L Thigh"
		*TM_ROW0 0.0529444	-0.355997	-0.932986
		*TM_ROW1 -0.168458	-0.92409	0.343044
		*TM_ROW2 -0.984286	0.139006	-0.108896
		*TM_ROW3 7.22827	1.24755	93.3697
		*TM_POS 7.22827	1.24755	93.3697
		*TM_ROTAXIS -0.723946	0.182018	0.665411
		*TM_ROTANGLE 3.0002
		*TM_SCALE 1	1	1
		*TM_SCALEAXIS 0	0	0
		*TM_SCALEAXISANG 0	0	0
	}
	*TM_ANIMATION {
		*NODE_NAME "Bip01 L Thigh"
		*CONTROL_POS_TRACK {
			*CONTROL_POS_SAMPLE 192	7.22827	1.24755	93.3697
			*CONTROL_POS_SAMPLE 384	10.472	1.24845	93.3838
			*CONTROL_POS_SAMPLE 576	13.7155	1.24927	93.398
			*CONTROL_POS_SAMPLE 768	16.9589	1.25	93.4121
			*CONTROL_POS_SAMPLE 960	20.2022	1.25064	93.4263
			*CONTROL_POS_SAMPLE 1152	23.4454	1.25121	93.1468
			*CONTROL_POS_SAMPLE 1344	26.6885	1.25171	92.8267
			*CONTROL_POS_SAMPLE 1536	29.9314	1.25213	92.4965
			*CONTROL_POS_SAMPLE 1728	33.1743	1.25249	92.1865
			*CONTROL_POS_SAMPLE 1920	36.417	1.25278	91.9273
			*CONTROL_POS_SAMPLE 2112	39.6597	1.253	91.7494
			*CONTROL_POS_SAMPLE 2304	42.9022	1.25316	91.6832
			*CONTROL_POS_SAMPLE 2496	46.1447	1.25325	91.749
			*CONTROL_POS_SAMPLE 2688	49.387	1.25329	91.9265
			*CONTROL_POS_SAMPLE 2880	52.6292	1.25321	92.1853
			*CONTROL_POS_SAMPLE 3072	55.8712	1.25301	92.4948
			*CONTROL_POS_SAMPLE 3264	59.1131	1.2527	92.8247
			*CONTROL_POS_SAMPLE 3456	62.3547	1.25229	93.1443
			*CONTROL_POS_SAMPLE 3648	65.5963	1.25179	93.4234
			*CONTROL_POS_SAMPLE 3840	68.8377	1.25123	93.4157
			*CONTROL_POS_SAMPLE 4032	72.0791	1.25063	93.408
			*CONTROL_POS_SAMPLE 4224	75.3204	1.24999	93.4004
			*CONTROL_POS_SAMPLE 4416	78.5618	1.24934	93.3927
			*CONTROL_POS_SAMPLE 4608	81.8031	1.24871	93.385
			*CONTROL_POS_SAMPLE 4800	85.0445	1.2481	93.3773
			*CONTROL_POS_SAMPLE 4992	88.286	1.24755	93.3697
		}
		*CONTROL_ROT_TRACK {
			*CONTROL_ROT_SAMPLE 192	-0.723946	0.182018	0.665411	3.0002
			*CONTROL_ROT_SAMPLE 384	-0.725735	0.14105	0.67336	2.91349
			*CONTROL_ROT_SAMPLE 576	-0.71801	0.125881	0.684555	2.87905
			*CONTROL_ROT_SAMPLE 768	-0.705012	0.125722	0.697962	2.87519
			*CONTROL_ROT_SAMPLE 960	0.690302	-0.129196	-0.711893	3.40102
			*CONTROL_ROT_SAMPLE 1152	0.677141	-0.128477	-0.724551	3.4092
			*CONTROL_ROT_SAMPLE 1344	0.663974	-0.125993	-0.737065	3.4164
			*CONTROL_ROT_SAMPLE 1536	0.649723	-0.126702	-0.749538	3.41478
			*CONTROL_ROT_SAMPLE 1728	0.638049	-0.124489	-0.759866	3.41472
			*CONTROL_ROT_SAMPLE 1920	0.615155	-0.11275	-0.780303	3.38291
			*CONTROL_ROT_SAMPLE 2112	0.602509	-0.116413	-0.789576	3.37446
			*CONTROL_ROT_SAMPLE 2304	0.607915	-0.150902	-0.779531	3.42301
			*CONTROL_ROT_SAMPLE 2496	0.616715	-0.185786	-0.764949	3.46542
			*CONTROL_ROT_SAMPLE 2688	0.628719	-0.217935	-0.746469	3.49702
			*CONTROL_ROT_SAMPLE 2880	0.643531	-0.245192	-0.725085	3.51603
			*CONTROL_ROT_SAMPLE 3072	0.660289	-0.265971	-0.702337	3.52208
			*CONTROL_ROT_SAMPLE 3264	0.677588	-0.279234	-0.68037	3.51568
			*CONTROL_ROT_SAMPLE 3456	-0.69959	0.273522	0.660121	2.80727
			*CONTROL_ROT_SAMPLE 3648	-0.721887	0.252091	0.64446	2.87298
			*CONTROL_ROT_SAMPLE 3840	-0.742417	0.225702	0.630773	2.94705
			*CONTROL_ROT_SAMPLE 4032	-0.761795	0.188846	0.619682	3.03808
			*CONTROL_ROT_SAMPLE 4224	-0.770595	0.160109	0.616886	3.10578
			*CONTROL_ROT_SAMPLE 4416	-0.764147	0.16053	0.624747	3.11353
			*CONTROL_ROT_SAMPLE 4608	-0.748892	0.176204	0.638837	3.08926
			*CONTROL_ROT_SAMPLE 4800	-0.730076	0.19335	0.655443	3.05927
			*CONTROL_ROT_SAMPLE 4992	-0.71287	0.204621	0.670781	3.04062
		}
	}
}
*HELPEROBJECT {
	*NODE_NAME "Bip01 L Calf"
	*NODE_PARENT "Bip01 L Thigh"
	*NODE_TM {
		*NODE_NAME "Bip01 L Calf"
		*TM_ROW0 0.147476	0.307948	-0.939904
		*TM_ROW1 -0.0971184	-0.941194	-0.323609
		*TM_ROW2 -0.984286	0.139006	-0.108896
		*TM_ROW3 9.31136	-12.7591	56.6615
		*TM_POS 9.31136	-12.7591	56.6615
		*TM_ROTAXIS -0.7504	-0.0719917	0.657051
		*TM_ROTANGLE 3.45494
		*TM_SCALE 1	1	1
		*TM_SCALEAXIS 0	0	0
		*TM_SCALEAXISANG 0	0	0
	}
	*TM_ANIMATION {
		*NODE_NAME "Bip01 L Calf"
		*CONTROL_POS_TRACK {
			*CONTROL_POS_SAMPLE 192	9.31136	-12.7591	56.6615
			*CONTROL_POS_SAMPLE 384	13.0547	-12.6933	56.6827
			*CONTROL_POS_SAMPLE 576	15.5914	-12.7315	56.6688
			*CONTROL_POS_SAMPLE 768	17.4243	-12.8312	56.6763
			*CONTROL_POS_SAMPLE 960	19.0435	-12.835	56.7076
			*CONTROL_POS_SAMPLE 1152	20.9396	-13.0107	56.5636
			*CONTROL_POS_SAMPLE 1344	22.8603	-13.0771	56.3843
			*CONTROL_POS_SAMPLE 1536	24.6478	-13.0623	56.2308
			*CONTROL_POS_SAMPLE 1728	26.7292	-12.9464	56.0636
			*CONTROL_POS_SAMPLE 1920	27.5582	-11.4628	55.7631
			*CONTROL_POS_SAMPLE 2112	29.557	-11.3607	55.8768
			*CONTROL_POS_SAMPLE 2304	33.6137	-14.3411	56.7754
			*CONTROL_POS_SAMPLE 2496	37.9956	-17.1051	57.9174
			*CONTROL_POS_SAMPLE 2688	42.6344	-19.4123	59.1339
			*CONTROL_POS_SAMPLE 2880	47.4695	-21.1673	60.268
			*CONTROL_POS_SAMPLE 3072	52.4207	-22.3345	61.194
			*CONTROL_POS_SAMPLE 3264	57.3683	-22.9029	61.817
			*CONTROL_POS_SAMPLE 3456	62.6348	-21.9106	61.3415
			*CONTROL_POS_SAMPLE 3648	67.934	-19.541	60.1036
			*CONTROL_POS_SAMPLE 3840	73.1984	-16.6077	58.6298
			*CONTROL_POS_SAMPLE 4032	78.4888	-12.5588	57.1281
			*CONTROL_POS_SAMPLE 4224	82.7131	-9.32459	56.2313
			*CONTROL_POS_SAMPLE 4416	85.1719	-9.09119	56.0109
			*CONTROL_POS_SAMPLE 4608	86.6142	-10.4427	56.1268
			*CONTROL_POS_SAMPLE 4800	87.7043	-11.9616	56.4119
			*CONTROL_POS_SAMPLE 4992	89.0285	-12.8617	56.6492
		}
		*CONTROL_ROT_TRACK {
			*CONTROL_ROT_SAMPLE 192	-0.7504	-0.0719917	0.657051	3.45494
			*CONTROL_ROT_SAMPLE 384	-0.731392	-0.109161	0.673163	3.37389
			*CONTROL_ROT_SAMPLE 576	-0.71636	-0.121896	0.687001	3.35069
			*CONTROL_ROT_SAMPLE 768	-0.703966	-0.119348	0.700134	3.35915
			*CONTROL_ROT_SAMPLE 960	0.692303	0.111005	-0.713018	2.90846
			*CONTROL_ROT_SAMPLE 1152	0.679133	0.110131	-0.725706	2.90169
			*CONTROL_ROT_SAMPLE 1344	0.665586	0.109042	-0.738312	2.89774
			*CONTROL_ROT_SAMPLE 1536	0.652979	0.103172	-0.750316	2.88855
			*CONTROL_ROT_SAMPLE 1728	0.641674	0.099403	-0.760508	2.88587
			*CONTROL_ROT_SAMPLE 1920	0.620327	0.0803324	-0.780219	2.89754
			*CONTROL_ROT_SAMPLE 2112	0.610273	0.0713823	-0.788969	2.88793
			*CONTROL_ROT_SAMPLE 2304	0.622009	0.0855565	-0.778322	2.82821
			*CONTROL_ROT_SAMPLE 2496	0.638622	0.1012	-0.762837	2.77344
			*CONTROL_ROT_SAMPLE 2688	0.658687	0.117493	-0.743187	2.72964
			*CONTROL_ROT_SAMPLE 2880	0.680511	0.133498	-0.720474	2.69973
			*CONTROL_ROT_SAMPLE 3072	-0.702327	-0.147676	0.696368	3.59895
			*CONTROL_ROT_SAMPLE 3264	-0.722503	-0.157973	0.673078	3.6017
			*CONTROL_ROT_SAMPLE 3456	-0.742703	-0.154819	0.651478	3.57787
			*CONTROL_ROT_SAMPLE 3648	-0.760746	-0.136865	0.634456	3.53898
			*CONTROL_ROT_SAMPLE 3840	-0.776884	-0.111666	0.619662	3.5
			*CONTROL_ROT_SAMPLE 4032	-0.789989	-0.074561	0.60857	3.4546
			*CONTROL_ROT_SAMPLE 4224	-0.793664	-0.0429957	0.606835	3.42382
			*CONTROL_ROT_SAMPLE 4416	-0.788017	-0.0366139	0.614564	3.42875
			*CONTROL_ROT_SAMPLE 4608	-0.777329	-0.0429011	0.62763	3.45325
			*CONTROL_ROT_SAMPLE 4800	-0.764043	-0.0494467	0.643268	3.48158
			*CONTROL_ROT_SAMPLE 4992	-0.751314	-0.0501246	0.658038	3.50319
		}
	}
}
*HELPEROBJECT {
	*NODE_NAME "Bip01 L Foot"
	*NODE_PARENT "Bip01 L Calf"
	*NODE_TM {
		*NODE_NAME "Bip01 L Foot"
		*TM_ROW0 0.000337568	-0.000159174	-1
		*TM_ROW1 -0.108085	-0.994142	0.000121754
		*TM_ROW2 -0.994142	0.108085	-0.000352795
		*TM_ROW3 16.5521	2.36041	10.5144
		*TM_POS 16.5521	2.36041	10.5144
		*TM_ROTAXIS -0.706709	0.0383477	0.706464
		*TM_ROTANGLE 3.21805
		*TM_SCALE 1	1	1
		*TM_SCALEAXIS 0	0	0
		*TM_SCALEAXISANG 0	0	0
	}
	*TM_ANIMATION {
		*NODE_NAME "Bip01 L Foot"
		*CONTROL_POS_TRACK {
			*CONTROL_POS_SAMPLE 192	16.5521	2.36041	10.5144
			*CONTROL_POS_SAMPLE 384	17.0984	2.64983	10.2196
			*CONTROL_POS_SAMPLE 576	17.4054	2.75127	10.1116
			*CONTROL_POS_SAMPLE 768	17.5729	2.74141	10.114
			*CONTROL_POS_SAMPLE 960	17.7009	2.69696	10.1507
			*CONTROL_POS_SAMPLE 1152	17.8893	2.69459	10.1457
			*CONTROL_POS_SAMPLE 1344	18.0728	2.69641	10.1365
			*CONTROL_POS_SAMPLE 1536	18.3157	2.67028	10.1551
			*CONTROL_POS_SAMPLE 1728	19.0023	2.65992	10.158
			*CONTROL_POS_SAMPLE 1920	17.1417	2.61454	9.89474
			*CONTROL_POS_SAMPLE 2112	18.0165	2.56946	10.2331
			*CONTROL_POS_SAMPLE 2304	23.9734	2.53766	11.6893
			*CONTROL_POS_SAMPLE 2496	30.8939	2.50789	13.471
			*CONTROL_POS_SAMPLE 2688	38.4659	2.47947	15.3851
			*CONTROL_POS_SAMPLE 2880	46.3774	2.45175	17.2386
			*CONTROL_POS_SAMPLE 3072	54.3162	2.42412	18.8384
			*CONTROL_POS_SAMPLE 3264	61.9702	2.39596	19.9915
			*CONTROL_POS_SAMPLE 3456	69.7646	2.3678	19.2665
			*CONTROL_POS_SAMPLE 3648	77.277	2.34015	17.1559
			*CONTROL_POS_SAMPLE 3840	84.6034	2.3126	14.7832
			*CONTROL_POS_SAMPLE 4032	91.5699	2.28516	12.1935
			*CONTROL_POS_SAMPLE 4224	96.1878	2.25761	10.4616
			*CONTROL_POS_SAMPLE 4416	97.8126	2.22985	9.93897
			*CONTROL_POS_SAMPLE 4608	97.7861	2.202	10.0195
			*CONTROL_POS_SAMPLE 4800	97.099	2.17415	10.3413
			*CONTROL_POS_SAMPLE 4992	96.7422	2.1463	10.5424
		}
		*CONTROL_ROT_TRACK {
			*CONTROL_ROT_SAMPLE 192	-0.706709	0.0383477	0.706464	3.21805
			*CONTROL_ROT_SAMPLE 384	-0.706276	0.0523698	0.705997	3.24601
			*CONTROL_ROT_SAMPLE 576	-0.706081	0.057548	0.705789	3.25633
			*CONTROL_ROT_SAMPLE 768	-0.706083	0.057487	0.705792	3.2562
			*CONTROL_ROT_SAMPLE 960	-0.706149	0.0557971	0.705862	3.25284
			*CONTROL_ROT_SAMPLE 1152	-0.706137	0.0560896	0.70585	3.25342
			*CONTROL_ROT_SAMPLE 1344	-0.706119	0.0565772	0.70583	3.25439
			*CONTROL_ROT_SAMPLE 1536	-0.706151	0.0557504	0.705864	3.25275
			*CONTROL_ROT_SAMPLE 1728	-0.706154	0.0556652	0.705867	3.25258
			*CONTROL_ROT_SAMPLE 1920	-0.706219	0.0539325	0.705936	3.24912
			*CONTROL_ROT_SAMPLE 2112	-0.706281	0.0522142	0.706003	3.2457
			*CONTROL_ROT_SAMPLE 2304	-0.70632	0.0511211	0.706044	3.24352
			*CONTROL_ROT_SAMPLE 2496	-0.706355	0.0501219	0.706081	3.24153
			*CONTROL_ROT_SAMPLE 2688	-0.706386	0.0491865	0.706115	3.23967
			*CONTROL_ROT_SAMPLE 2880	-0.706416	0.0482853	0.706148	3.23787
			*CONTROL_ROT_SAMPLE 3072	-0.706446	0.0473881	0.706179	3.23608
			*CONTROL_ROT_SAMPLE 3264	-0.706475	0.046465	0.706211	3.23424
			*CONTROL_ROT_SAMPLE 3456	-0.706504	0.0455435	0.706242	3.2324
			*CONTROL_ROT_SAMPLE 3648	-0.706532	0.0446455	0.706272	3.23061
			*CONTROL_ROT_SAMPLE 3840	-0.706559	0.0437525	0.706301	3.22883
			*CONTROL_ROT_SAMPLE 4032	-0.706585	0.0428644	0.706329	3.22706
			*CONTROL_ROT_SAMPLE 4224	-0.70661	0.0419709	0.706357	3.22528
			*CONTROL_ROT_SAMPLE 4416	-0.706636	0.0410685	0.706385	3.22348
			*CONTROL_ROT_SAMPLE 4608	-0.706661	0.0401623	0.706412	3.22167
			*CONTROL_ROT_SAMPLE 4800	-0.706685	0.0392546	0.706438	3.21986
			*CONTROL_ROT_SAMPLE 4992	-0.706709	0.0383477	0.706464	3.21805
		}
	}
}
*HELPEROBJECT {
	*NODE_NAME "Bip01 L Toe0"
	*NODE_PARENT "Bip01 L Foot"
	*NODE_TM {
		*NODE_NAME "Bip01 L Toe0"
		*TM_ROW0 -0.108085	-0.994142	4.63444e-005
		*TM_ROW1 -0.000347825	8.44239e-005	1
		*TM_ROW2 -0.994142	0.108085	-0.000354912
		*TM_ROW3 14.1089	-20.1528	-2.10955
		*TM_POS 14.1089	-20.1528	-2.10955
		*TM_ROTAXIS 0.53575	-0.597183	-0.596946
		*TM_ROTANGLE 4.12501
		*TM_SCALE 1	1	1
		*TM_SCALEAXIS 0	0	0
		*TM_SCALEAXISANG 0	0	0
	}
	*TM_ANIMATION {
		*NODE_NAME "Bip01 L Toe0"
		*CONTROL_POS_TRACK {
			*CONTROL_POS_SAMPLE 192	14.1089	-20.1528	-2.10955
			*CONTROL_POS_SAMPLE 384	13.7665	-19.7492	-2.40413
			*CONTROL_POS_SAMPLE 576	13.7466	-19.5967	-2.51216
			*CONTROL_POS_SAMPLE 768	13.918	-19.6072	-2.50974
			*CONTROL_POS_SAMPLE 960	14.1526	-19.6688	-2.47299
			*CONTROL_POS_SAMPLE 1152	14.3226	-19.6682	-2.47801
			*CONTROL_POS_SAMPLE 1344	14.4752	-19.6615	-2.48717
			*CONTROL_POS_SAMPLE 1536	14.7703	-19.696	-2.46861
			*CONTROL_POS_SAMPLE 1728	15.4623	-19.7072	-2.4657
			*CONTROL_POS_SAMPLE 1920	13.7111	-19.7696	-2.72902
			*CONTROL_POS_SAMPLE 2112	14.6944	-19.831	-2.39072
			*CONTROL_POS_SAMPLE 2304	20.7203	-19.8729	-0.934481
			*CONTROL_POS_SAMPLE 2496	27.704	-19.9118	0.847224
			*CONTROL_POS_SAMPLE 2688	35.3353	-19.9485	2.76132
			*CONTROL_POS_SAMPLE 2880	43.3038	-19.9841	4.61481
			*CONTROL_POS_SAMPLE 3072	51.2994	-20.0195	6.21458
			*CONTROL_POS_SAMPLE 3264	59.0119	-20.0554	7.36764
			*CONTROL_POS_SAMPLE 3456	66.8647	-20.0912	6.64265
			*CONTROL_POS_SAMPLE 3648	74.434	-20.1261	4.532
			*CONTROL_POS_SAMPLE 3840	81.817	-20.1607	2.15925
			*CONTROL_POS_SAMPLE 4032	88.8399	-20.1951	-0.430446
			*CONTROL_POS_SAMPLE 4224	93.5145	-20.2294	-2.16237
			*CONTROL_POS_SAMPLE 4416	95.1966	-20.2639	-2.68498
			*CONTROL_POS_SAMPLE 4608	95.2276	-20.2984	-2.60447
			*CONTROL_POS_SAMPLE 4800	94.5982	-20.3327	-2.2827
			*CONTROL_POS_SAMPLE 4992	94.299	-20.3669	-2.08157
		}
		*CONTROL_ROT_TRACK {
			*CONTROL_ROT_SAMPLE 192	0.53575	-0.597183	-0.596946	4.12501
			*CONTROL_ROT_SAMPLE 384	0.520552	-0.603886	-0.603612	4.10122
			*CONTROL_ROT_SAMPLE 576	0.514949	-0.606291	-0.606003	4.09237
			*CONTROL_ROT_SAMPLE 768	0.515015	-0.606263	-0.605975	4.09248
			*CONTROL_ROT_SAMPLE 960	0.516843	-0.605482	-0.605199	4.09537
			*CONTROL_ROT_SAMPLE 1152	0.516526	-0.605617	-0.605333	4.09487
			*CONTROL_ROT_SAMPLE 1344	0.515999	-0.605843	-0.605557	4.09403
			*CONTROL_ROT_SAMPLE 1536	0.516893	-0.60546	-0.605177	4.09545
			*CONTROL_ROT_SAMPLE 1728	0.516986	-0.605421	-0.605138	4.09559
			*CONTROL_ROT_SAMPLE 1920	0.518861	-0.604616	-0.604337	4.09855
			*CONTROL_ROT_SAMPLE 2112	0.520721	-0.603813	-0.603539	4.10149
			*CONTROL_ROT_SAMPLE 2304	0.521905	-0.6033	-0.603029	4.10335
			*CONTROL_ROT_SAMPLE 2496	0.522987	-0.60283	-0.602562	4.10505
			*CONTROL_ROT_SAMPLE 2688	0.524	-0.602389	-0.602123	4.10664
			*CONTROL_ROT_SAMPLE 2880	0.524976	-0.601962	-0.601699	4.10818
			*CONTROL_ROT_SAMPLE 3072	0.525948	-0.601536	-0.601276	4.1097
			*CONTROL_ROT_SAMPLE 3264	0.526948	-0.601097	-0.600839	4.11127
			*CONTROL_ROT_SAMPLE 3456	0.527947	-0.600658	-0.600402	4.11283
			*CONTROL_ROT_SAMPLE 3648	0.52892	-0.600228	-0.599975	4.11436
			*CONTROL_ROT_SAMPLE 3840	0.529888	-0.5998	-0.599549	4.11587
			*CONTROL_ROT_SAMPLE 4032	0.530851	-0.599373	-0.599124	4.11738
			*CONTROL_ROT_SAMPLE 4224	0.53182	-0.598942	-0.598695	4.11889
			*CONTROL_ROT_SAMPLE 4416	0.532799	-0.598505	-0.598261	4.12042
			*CONTROL_ROT_SAMPLE 4608	0.533782	-0.598066	-0.597825	4.12195
			*CONTROL_ROT_SAMPLE 4800	0.534766	-0.597625	-0.597386	4.12348
			*CONTROL_ROT_SAMPLE 4992	0.53575	-0.597183	-0.596946	4.12501
		}
	}
}
*HELPEROBJECT {
	*NODE_NAME "Bip01 R Thigh"
	*NODE_PARENT "Bip01 Pelvis"
	*NODE_TM {
		*NODE_NAME "Bip01 R Thigh"
		*TM_ROW0 -0.261604	0.174877	-0.9492
		*TM_ROW1 -0.802063	-0.58645	0.113007
		*TM_ROW2 -0.536896	0.790882	0.29368
		*TM_ROW3 -2.63198	16.3133	94.1007
		*TM_POS -2.63198	16.3133	94.1007
		*TM_ROTAXIS 0.53862	-0.327605	-0.776249
		*TM_ROTANGLE 2.46098
		*TM_SCALE 1	1	1
		*TM_SCALEAXIS 0	0	0
		*TM_SCALEAXISANG 0	0	0
	}
	*TM_ANIMATION {
		*NODE_NAME "Bip01 R Thigh"
		*CONTROL_POS_TRACK {
			*CONTROL_POS_SAMPLE 192	-2.63198	16.3133	94.1007
			*CONTROL_POS_SAMPLE 384	0.609322	16.3127	94.1149
			*CONTROL_POS_SAMPLE 576	3.85068	16.312	94.1291
			*CONTROL_POS_SAMPLE 768	7.0921	16.3115	94.1432
			*CONTROL_POS_SAMPLE 960	10.3336	16.3109	94.1574
			*CONTROL_POS_SAMPLE 1152	13.5752	16.3104	93.8779
			*CONTROL_POS_SAMPLE 1344	16.8168	16.31	93.5578
			*CONTROL_POS_SAMPLE 1536	20.0585	16.3096	93.2275
			*CONTROL_POS_SAMPLE 1728	23.3003	16.3093	92.9175
			*CONTROL_POS_SAMPLE 1920	26.5422	16.309	92.6584
			*CONTROL_POS_SAMPLE 2112	29.7842	16.3088	92.4804
			*CONTROL_POS_SAMPLE 2304	33.0263	16.3086	92.4142
			*CONTROL_POS_SAMPLE 2496	36.2684	16.3085	92.48
			*CONTROL_POS_SAMPLE 2688	39.5107	16.3085	92.6575
			*CONTROL_POS_SAMPLE 2880	42.7531	16.3086	92.9163
			*CONTROL_POS_SAMPLE 3072	45.9957	16.3088	93.2258
			*CONTROL_POS_SAMPLE 3264	49.2385	16.3091	93.5557
			*CONTROL_POS_SAMPLE 3456	52.4814	16.3095	93.8754
			*CONTROL_POS_SAMPLE 3648	55.7244	16.3099	94.1545
			*CONTROL_POS_SAMPLE 3840	58.9674	16.3104	94.1468
			*CONTROL_POS_SAMPLE 4032	62.2105	16.3109	94.1391
			*CONTROL_POS_SAMPLE 4224	65.4536	16.3115	94.1314
			*CONTROL_POS_SAMPLE 4416	68.6967	16.312	94.1238
			*CONTROL_POS_SAMPLE 4608	71.9398	16.3125	94.1161
			*CONTROL_POS_SAMPLE 4800	75.1828	16.3129	94.1084
			*CONTROL_POS_SAMPLE 4992	78.4257	16.3133	94.1007
		}
		*CONTROL_ROT_TRACK {
			*CONTROL_ROT_SAMPLE 192	0.53862	-0.327605	-0.776249	2.46098
			*CONTROL_ROT_SAMPLE 384	0.506223	-0.371945	-0.778071	2.56368
			*CONTROL_ROT_SAMPLE 576	0.486467	-0.436095	-0.757081	2.70529
			*CONTROL_ROT_SAMPLE 768	0.482992	-0.449913	-0.751197	2.72668
			*CONTROL_ROT_SAMPLE 960	0.492348	-0.450136	-0.744964	2.7051
			*CONTROL_ROT_SAMPLE 1152	0.51327	-0.447735	-0.73218	2.6627
			*CONTROL_ROT_SAMPLE 1344	0.539091	-0.442178	-0.71684	2.60799
			*CONTROL_ROT_SAMPLE 1536	0.567595	-0.433451	-0.699969	2.54533
			*CONTROL_ROT_SAMPLE 1728	0.596716	-0.421878	-0.682604	2.47952
			*CONTROL_ROT_SAMPLE 1920	0.624067	-0.408543	-0.666058	2.41663
			*CONTROL_ROT_SAMPLE 2112	0.645864	-0.396252	-0.652567	2.36582
			*CONTROL_ROT_SAMPLE 2304	0.641824	-0.399931	-0.654307	2.37127
			*CONTROL_ROT_SAMPLE 2496	0.614866	-0.416601	-0.669614	2.42591
			*CONTROL_ROT_SAMPLE 2688	0.591607	-0.427971	-0.683258	2.47143
			*CONTROL_ROT_SAMPLE 2880	0.57805	-0.431719	-0.692442	2.49516
			*CONTROL_ROT_SAMPLE 3072	0.565777	-0.433164	-0.701617	2.51519
			*CONTROL_ROT_SAMPLE 3264	0.553601	-0.43365	-0.710967	2.5331
			*CONTROL_ROT_SAMPLE 3456	0.54086	-0.433854	-0.720584	2.55024
			*CONTROL_ROT_SAMPLE 3648	0.528214	-0.433103	-0.73035	2.56511
			*CONTROL_ROT_SAMPLE 3840	0.513988	-0.432473	-0.740799	2.58133
			*CONTROL_ROT_SAMPLE 4032	0.502752	-0.426143	-0.752092	2.58068
			*CONTROL_ROT_SAMPLE 4224	0.492111	-0.421629	-0.761614	2.58316
			*CONTROL_ROT_SAMPLE 4416	0.47421	-0.431649	-0.767335	2.62778
			*CONTROL_ROT_SAMPLE 4608	0.462281	-0.441187	-0.769188	2.66434
			*CONTROL_ROT_SAMPLE 4800	0.46231	-0.443661	-0.767746	2.66887
			*CONTROL_ROT_SAMPLE 4992	0.466467	-0.444262	-0.764879	2.66368
		}
	}
}
*HELPEROBJECT {
	*NODE_NAME "Bip01 R Calf"
	*NODE_PARENT "Bip01 R Thigh"
	*NODE_TM {
		*NODE_NAME "Bip01 R Calf"
		*TM_ROW0 0.00453305	0.350806	-0.936437
		*TM_ROW1 -0.843636	-0.501438	-0.191932
		*TM_ROW2 -0.536896	0.790882	0.29368
		*TM_ROW3 -12.9247	23.1938	56.7546
		*TM_POS -12.9247	23.1938	56.7546
		*TM_ROTAXIS 0.615191	-0.250092	-0.747659
		*TM_ROTANGLE 2.21631
		*TM_SCALE 1	1	1
		*TM_SCALEAXIS 0	0	0
		*TM_SCALEAXISANG 0	0	0
	}
	*TM_ANIMATION {
		*NODE_NAME "Bip01 R Calf"
		*CONTROL_POS_TRACK {
			*CONTROL_POS_SAMPLE 192	-12.9247	23.1938	56.7546
			*CONTROL_POS_SAMPLE 384	-13.8182	19.4227	57.6431
			*CONTROL_POS_SAMPLE 576	-14.0586	12.9882	59.2546
			*CONTROL_POS_SAMPLE 768	-11.3363	11.8515	59.6683
			*CONTROL_POS_SAMPLE 960	-7.14157	12.0804	59.1611
			*CONTROL_POS_SAMPLE 1152	-1.77911	12.5185	57.8517
			*CONTROL_POS_SAMPLE 1344	4.22077	13.2018	56.4135
			*CONTROL_POS_SAMPLE 1536	10.6667	14.0856	55.0848
			*CONTROL_POS_SAMPLE 1728	17.3273	15.1028	54.0475
			*CONTROL_POS_SAMPLE 1920	23.8847	16.1464	53.4037
			*CONTROL_POS_SAMPLE 2112	29.8254	17.0306	53.1422
			*CONTROL_POS_SAMPLE 2304	32.6286	16.8882	53.0756
			*CONTROL_POS_SAMPLE 2496	32.677	15.9111	53.3014
			*CONTROL_POS_SAMPLE 2688	33.2383	15.2368	53.8307
			*CONTROL_POS_SAMPLE 2880	34.9875	15.0624	54.3656
			*CONTROL_POS_SAMPLE 3072	36.9185	15.0377	54.9635
			*CONTROL_POS_SAMPLE 3264	38.9076	15.1036	55.6105
			*CONTROL_POS_SAMPLE 3456	40.8823	15.2178	56.295
			*CONTROL_POS_SAMPLE 3648	42.9194	15.4259	56.9622
			*CONTROL_POS_SAMPLE 3840	44.8372	15.6446	57.4329
			*CONTROL_POS_SAMPLE 4032	47.2602	16.4848	57.7458
			*CONTROL_POS_SAMPLE 4224	49.6949	17.1019	58.0891
			*CONTROL_POS_SAMPLE 4416	50.9851	16.0834	58.9917
			*CONTROL_POS_SAMPLE 4608	52.8682	15.0616	59.7253
			*CONTROL_POS_SAMPLE 4800	56.049	14.8114	59.7622
			*CONTROL_POS_SAMPLE 4992	59.6522	14.7608	59.5585
		}
		*CONTROL_ROT_TRACK {
			*CONTROL_ROT_SAMPLE 192	0.615191	-0.250092	-0.747659	2.21631
			*CONTROL_ROT_SAMPLE 384	0.659564	-0.219966	-0.718742	2.09443
			*CONTROL_ROT_SAMPLE 576	0.723171	-0.196711	-0.662063	2.03606
			*CONTROL_ROT_SAMPLE 768	0.756278	-0.165956	-0.632852	1.97348
			*CONTROL_ROT_SAMPLE 960	0.777171	-0.146078	-0.6121	1.93543
			*CONTROL_ROT_SAMPLE 1152	0.789406	-0.146137	-0.596223	1.93755
			*CONTROL_ROT_SAMPLE 1344	0.798575	-0.15277	-0.582186	1.94825
			*CONTROL_ROT_SAMPLE 1536	0.803529	-0.166055	-0.571635	1.96544
			*CONTROL_ROT_SAMPLE 1728	0.803682	-0.184999	-0.565571	1.98727
			*CONTROL_ROT_SAMPLE 1920	0.799258	-0.207284	-0.56411	2.01184
			*CONTROL_ROT_SAMPLE 2112	0.791932	-0.228723	-0.566154	2.03559
			*CONTROL_ROT_SAMPLE 2304	0.785984	-0.237305	-0.57089	2.04571
			*CONTROL_ROT_SAMPLE 2496	0.779785	-0.236255	-0.579757	2.04646
			*CONTROL_ROT_SAMPLE 2688	0.770123	-0.23854	-0.591616	2.05229
			*CONTROL_ROT_SAMPLE 2880	0.759461	-0.243375	-0.603315	2.06203
			*CONTROL_ROT_SAMPLE 3072	0.747662	-0.248092	-0.615996	2.07266
			*CONTROL_ROT_SAMPLE 3264	0.73394	-0.254173	-0.629863	2.08558
			*CONTROL_ROT_SAMPLE 3456	-0.717856	0.262172	0.644941	4.18126
			*CONTROL_ROT_SAMPLE 3648	-0.699828	0.271145	0.660849	4.16224
			*CONTROL_ROT_SAMPLE 3840	-0.682038	0.278312	0.676289	4.14677
			*CONTROL_ROT_SAMPLE 4032	0.656248	-0.290068	-0.696562	2.163
			*CONTROL_ROT_SAMPLE 4224	0.638556	-0.295002	-0.710788	2.17555
			*CONTROL_ROT_SAMPLE 4416	0.652925	-0.277119	-0.704907	2.12833
			*CONTROL_ROT_SAMPLE 4608	0.674161	-0.255795	-0.692876	2.07493
			*CONTROL_ROT_SAMPLE 4800	0.68841	-0.24296	-0.683419	2.04461
			*CONTROL_ROT_SAMPLE 4992	0.701917	-0.231617	-0.673548	2.01969
		}
	}
}
*HELPEROBJECT {
	*NODE_NAME "Bip01 R Foot"
	*NODE_PARENT "Bip01 R Calf"
	*NODE_TM {
		*NODE_NAME "Bip01 R Foot"
		*TM_ROW0 -0.0483508	0.175838	-0.983231
		*TM_ROW1 -0.95559	-0.294644	-0.00570167
		*TM_ROW2 -0.290705	0.93929	0.182276
