*3DSMAX_ASCIIEXPORT	110
*COMMENT "This file is part of Gothic Free Aim Copyright (C) 2016-2018  mud-freak (@szapp)"
*COMMENT "<http://github.com/szapp/GothicFreeAim>"
*COMMENT "Animations: second iteration"
*SCENE {
	*SCENE_FILENAME "bowIK_front.max"
	*SCENE_FIRSTFRAME 1
	*SCENE_LASTFRAME 30
	*SCENE_FRAMESPEED 25
	*SCENE_TICKSPERFRAME 192
	*SCENE_BACKGROUND_STATIC 0	0	0
	*SCENE_AMBIENT_STATIC 0.2	0.2	0.2
}
*HELPEROBJECT {
	*NODE_NAME "Bip01"
	*NODE_TM {
		*NODE_NAME "Bip01"
		*TM_ROW0 -0.836419	-0.547972	0.0113689
		*TM_ROW1 0.547171	-0.836037	-0.040567
		*TM_ROW2 0.0317344	-0.0277103	0.999112
		*TM_ROW3 -0.0496109	-126.052	93.8874
		*TM_POS -0.0496109	-126.052	93.8874
		*TM_ROTAXIS -0.0117369	0.0185917	-0.999758
		*TM_ROTANGLE 3.72121
		*TM_SCALE 1	1	1
		*TM_SCALEAXIS 0	0	0
		*TM_SCALEAXISANG 0	0	0
	}
	*TM_ANIMATION {
		*NODE_NAME "Bip01"
		*CONTROL_POS_TRACK {
			*CONTROL_POS_SAMPLE 192	-0.0496109	8.30836	93.7967
			*CONTROL_POS_SAMPLE 384	-0.0584197	5.49496	91.8166
			*CONTROL_POS_SAMPLE 576	-0.057888	-0.560772	90.9369
			*CONTROL_POS_SAMPLE 768	-0.0583575	-4.63513	90.6566
			*CONTROL_POS_SAMPLE 960	-0.0585651	-8.49964	90.7198
			*CONTROL_POS_SAMPLE 1152	-0.0585551	-12.2537	90.5103
			*CONTROL_POS_SAMPLE 1344	-0.0583708	-15.9969	89.8494
			*CONTROL_POS_SAMPLE 1536	-0.0580566	-19.8285	89.0261
			*CONTROL_POS_SAMPLE 1728	-0.0576558	-23.848	88.1247
			*CONTROL_POS_SAMPLE 1920	-0.0572126	-28.1548	87.2298
			*CONTROL_POS_SAMPLE 2112	-0.0567706	-32.8485	86.4258
			*CONTROL_POS_SAMPLE 2304	-0.0563736	-38.0284	85.7973
			*CONTROL_POS_SAMPLE 2496	-0.0559967	-43.599	85.4289
			*CONTROL_POS_SAMPLE 2688	-0.0555885	-49.3818	85.7015
			*CONTROL_POS_SAMPLE 2880	-0.0551527	-55.3511	86.5963
			*CONTROL_POS_SAMPLE 3072	-0.0546927	-61.4816	87.5982
			*CONTROL_POS_SAMPLE 3264	-0.0542128	-67.7478	88.1922
			*CONTROL_POS_SAMPLE 3456	-0.0537167	-74.1243	88.2056
			*CONTROL_POS_SAMPLE 3648	-0.0532079	-80.5856	87.9383
			*CONTROL_POS_SAMPLE 3840	-0.0526903	-87.1063	87.5841
			*CONTROL_POS_SAMPLE 4032	-0.0521674	-93.661	87.3366
			*CONTROL_POS_SAMPLE 4224	-0.0516436	-100.224	87.3892
			*CONTROL_POS_SAMPLE 4416	-0.0511222	-106.77	87.7481
			*CONTROL_POS_SAMPLE 4608	-0.0506072	-113.274	88.2819
			*CONTROL_POS_SAMPLE 4800	-0.050102	-119.71	88.9809
			*CONTROL_POS_SAMPLE 4992	-0.0496109	-126.052	89.8391
			*CONTROL_POS_SAMPLE 5184	-0.0496109	-126.052	90.8521
			*CONTROL_POS_SAMPLE 5376	-0.0496109	-126.052	93.8874
			*CONTROL_POS_SAMPLE 5568	-0.0496109	-126.052	93.8874
			*CONTROL_POS_SAMPLE 5760	-0.0496109	-126.052	93.8874
		}
		*CONTROL_ROT_TRACK {
			*CONTROL_ROT_SAMPLE 192	-0.0117369	0.0185917	-0.999758	3.72121
			*CONTROL_ROT_SAMPLE 384	-0.0113252	0.0187147	-0.999761	3.72123
			*CONTROL_ROT_SAMPLE 576	-0.010936	0.0188309	-0.999763	3.72125
			*CONTROL_ROT_SAMPLE 768	-0.0105751	0.0189387	-0.999765	3.72126
			*CONTROL_ROT_SAMPLE 960	-0.0102485	0.0190362	-0.999766	3.72127
			*CONTROL_ROT_SAMPLE 1152	-0.00996221	0.0191217	-0.999768	3.72129
			*CONTROL_ROT_SAMPLE 1344	-0.00972205	0.0191934	-0.999768	3.7213
			*CONTROL_ROT_SAMPLE 1536	-0.00953402	0.0192496	-0.999769	3.72131
			*CONTROL_ROT_SAMPLE 1728	-0.00940405	0.0192884	-0.99977	3.72131
			*CONTROL_ROT_SAMPLE 1920	-0.0093381	0.0193081	-0.99977	3.72131
			*CONTROL_ROT_SAMPLE 2112	-0.00934208	0.0193069	-0.99977	3.72131
			*CONTROL_ROT_SAMPLE 2304	-0.00942196	0.019283	-0.99977	3.72131
			*CONTROL_ROT_SAMPLE 2496	-0.0096226	0.0192231	-0.999769	3.7213
			*CONTROL_ROT_SAMPLE 2688	-0.0099646	0.019121	-0.999768	3.72129
			*CONTROL_ROT_SAMPLE 2880	-0.0104175	0.0189858	-0.999765	3.72127
			*CONTROL_ROT_SAMPLE 3072	-0.0109507	0.0188265	-0.999763	3.72124
			*CONTROL_ROT_SAMPLE 3264	-0.0115338	0.0186524	-0.999759	3.72122
			*CONTROL_ROT_SAMPLE 3456	-0.0121363	0.0184724	-0.999756	3.72119
			*CONTROL_ROT_SAMPLE 3648	-0.0127277	0.0182958	-0.999752	3.72117
			*CONTROL_ROT_SAMPLE 3840	-0.0132774	0.0181315	-0.999747	3.72114
			*CONTROL_ROT_SAMPLE 4032	-0.0137551	0.0179889	-0.999744	3.72112
			*CONTROL_ROT_SAMPLE 4224	-0.0141302	0.0178768	-0.99974	3.7211
			*CONTROL_ROT_SAMPLE 4416	-0.0143722	0.0178045	-0.999738	3.72109
			*CONTROL_ROT_SAMPLE 4608	-0.0139577	0.0179283	-0.999742	3.72111
			*CONTROL_ROT_SAMPLE 4800	-0.0128473	0.01826	-0.999751	3.72116
			*CONTROL_ROT_SAMPLE 4992	-0.0117369	0.0185917	-0.999758	3.72121
			*CONTROL_ROT_SAMPLE 5184	-0.0117369	0.0185917	-0.999758	3.72121
			*CONTROL_ROT_SAMPLE 5376	-0.0117369	0.0185917	-0.999758	3.72121
			*CONTROL_ROT_SAMPLE 5568	-0.0117369	0.0185917	-0.999758	3.72121
			*CONTROL_ROT_SAMPLE 5760	-0.0117369	0.0185917	-0.999758	3.72121
		}
	}
}
*HELPEROBJECT {
	*NODE_NAME "Bip01 Footsteps"
	*NODE_PARENT "Bip01"
	*NODE_TM {
		*NODE_NAME "Bip01 Footsteps"
		*TM_ROW0 1	0	0
		*TM_ROW1 0	1	0
		*TM_ROW2 0	0	1
		*TM_ROW3 -0.0496109	-126.052	-2.11271
		*TM_POS -0.0496109	-126.052	-2.11271
		*TM_ROTAXIS 0	0	0
		*TM_ROTANGLE 0
		*TM_SCALE 1	1	1
		*TM_SCALEAXIS 0	0	0
		*TM_SCALEAXISANG 0	0	0
	}
}
*HELPEROBJECT {
	*NODE_NAME "Bip01 Pelvis"
	*NODE_PARENT "Bip01"
	*NODE_TM {
		*NODE_NAME "Bip01 Pelvis"
		*TM_ROW0 0.0317337	-0.0277091	0.999112
		*TM_ROW1 -0.836418	-0.547974	0.0113689
		*TM_ROW2 0.547172	-0.836037	-0.0405656
		*TM_ROW3 2.29814	-125.58	93.8259
		*TM_POS 2.29814	-125.58	93.8259
		*TM_ROTAXIS -0.674938	0.35996	-0.644118
		*TM_ROTANGLE 2.46291
		*TM_SCALE 1	1	1
		*TM_SCALEAXIS 0	0	0
		*TM_SCALEAXISANG 0	0	0
	}
	*TM_ANIMATION {
		*NODE_NAME "Bip01 Pelvis"
		*CONTROL_POS_TRACK {
			*CONTROL_POS_SAMPLE 192	2.29814	8.78044	93.7352
			*CONTROL_POS_SAMPLE 384	2.28938	5.96706	91.757
			*CONTROL_POS_SAMPLE 576	2.28995	-0.0886448	90.879
			*CONTROL_POS_SAMPLE 768	2.28951	-4.16298	90.6003
			*CONTROL_POS_SAMPLE 960	2.28933	-8.02747	90.665
			*CONTROL_POS_SAMPLE 1152	2.28937	-11.7815	90.4567
			*CONTROL_POS_SAMPLE 1344	2.28958	-15.5247	89.7969
			*CONTROL_POS_SAMPLE 1536	2.28991	-19.3562	88.9744
			*CONTROL_POS_SAMPLE 1728	2.29032	-23.3758	88.0736
			*CONTROL_POS_SAMPLE 1920	2.29077	-27.6826	87.179
			*CONTROL_POS_SAMPLE 2112	2.29121	-32.3763	86.375
			*CONTROL_POS_SAMPLE 2304	2.2916	-37.5562	85.7461
			*CONTROL_POS_SAMPLE 2496	2.29196	-43.1268	85.3768
			*CONTROL_POS_SAMPLE 2688	2.29234	-48.9096	85.6479
			*CONTROL_POS_SAMPLE 2880	2.29273	-54.8789	86.5407
			*CONTROL_POS_SAMPLE 3072	2.29314	-61.0095	87.5402
			*CONTROL_POS_SAMPLE 3264	2.29356	-67.2758	88.1316
			*CONTROL_POS_SAMPLE 3456	2.294	-73.6523	88.1423
			*CONTROL_POS_SAMPLE 3648	2.29444	-80.1136	87.8725
			*CONTROL_POS_SAMPLE 3840	2.2949	-86.6344	87.5158
			*CONTROL_POS_SAMPLE 4032	2.29536	-93.189	87.2661
			*CONTROL_POS_SAMPLE 4224	2.29584	-99.7522	87.3171
			*CONTROL_POS_SAMPLE 4416	2.29634	-106.298	87.6749
			*CONTROL_POS_SAMPLE 4608	2.2969	-112.802	88.2105
			*CONTROL_POS_SAMPLE 4800	2.29753	-119.238	88.9145
			*CONTROL_POS_SAMPLE 4992	2.29814	-125.58	89.7777
			*CONTROL_POS_SAMPLE 5184	2.29814	-125.58	90.7906
			*CONTROL_POS_SAMPLE 5376	2.29814	-125.58	93.8259
			*CONTROL_POS_SAMPLE 5568	2.29814	-125.58	93.8259
			*CONTROL_POS_SAMPLE 5760	2.29814	-125.58	93.8259
		}
		*CONTROL_ROT_TRACK {
			*CONTROL_ROT_SAMPLE 192	-0.674938	0.35996	-0.644118	2.46291
			*CONTROL_ROT_SAMPLE 384	-0.67473	0.360191	-0.644206	2.46347
			*CONTROL_ROT_SAMPLE 576	-0.674533	0.360411	-0.64429	2.46399
			*CONTROL_ROT_SAMPLE 768	-0.674351	0.360614	-0.644367	2.46447
			*CONTROL_ROT_SAMPLE 960	-0.674186	0.360797	-0.644437	2.46491
			*CONTROL_ROT_SAMPLE 1152	-0.674041	0.360958	-0.644498	2.4653
			*CONTROL_ROT_SAMPLE 1344	-0.67392	0.361093	-0.644549	2.46562
			*CONTROL_ROT_SAMPLE 1536	-0.673824	0.361199	-0.64459	2.46587
			*CONTROL_ROT_SAMPLE 1728	-0.673759	0.361272	-0.644617	2.46605
			*CONTROL_ROT_SAMPLE 1920	-0.673725	0.361309	-0.644632	2.46613
			*CONTROL_ROT_SAMPLE 2112	-0.673727	0.361307	-0.644631	2.46613
			*CONTROL_ROT_SAMPLE 2304	-0.673768	0.361262	-0.644614	2.46602
			*CONTROL_ROT_SAMPLE 2496	-0.673869	0.361149	-0.644571	2.46575
			*CONTROL_ROT_SAMPLE 2688	-0.674042	0.360957	-0.644498	2.46529
			*CONTROL_ROT_SAMPLE 2880	-0.674271	0.360702	-0.644401	2.46468
			*CONTROL_ROT_SAMPLE 3072	-0.674541	0.360402	-0.644286	2.46397
			*CONTROL_ROT_SAMPLE 3264	-0.674836	0.360074	-0.644161	2.46319
			*CONTROL_ROT_SAMPLE 3456	-0.67514	0.359735	-0.644032	2.46238
			*CONTROL_ROT_SAMPLE 3648	-0.675439	0.359401	-0.643905	2.46158
			*CONTROL_ROT_SAMPLE 3840	-0.675717	0.359091	-0.643786	2.46085
			*CONTROL_ROT_SAMPLE 4032	-0.675958	0.358822	-0.643683	2.4602
			*CONTROL_ROT_SAMPLE 4224	-0.676147	0.35861	-0.643602	2.4597
			*CONTROL_ROT_SAMPLE 4416	-0.676269	0.358474	-0.64355	2.45938
			*CONTROL_ROT_SAMPLE 4608	-0.67606	0.358708	-0.643639	2.45993
			*CONTROL_ROT_SAMPLE 4800	-0.675499	0.359334	-0.643879	2.46142
			*CONTROL_ROT_SAMPLE 4992	-0.674938	0.35996	-0.644118	2.46291
			*CONTROL_ROT_SAMPLE 5184	-0.674938	0.35996	-0.644118	2.46291
			*CONTROL_ROT_SAMPLE 5376	-0.674938	0.35996	-0.644118	2.46291
			*CONTROL_ROT_SAMPLE 5568	-0.674938	0.35996	-0.644118	2.46291
			*CONTROL_ROT_SAMPLE 5760	-0.674938	0.35996	-0.644118	2.46291
		}
	}
}
*HELPEROBJECT {
	*NODE_NAME "Bip01 Spine"
	*NODE_PARENT "Bip01 Pelvis"
	*NODE_TM {
		*NODE_NAME "Bip01 Spine"
		*TM_ROW0 -0.0267009	-0.065869	0.997471
		*TM_ROW1 -0.836597	-0.544701	-0.0583644
		*TM_ROW2 0.547168	-0.836039	-0.0405617
		*TM_ROW3 2.44888	-125.598	96.2236
		*TM_POS 2.44888	-125.598	96.2236
		*TM_ROTAXIS -0.656887	0.380362	-0.651018
		*TM_ROTANGLE 2.50813
		*TM_SCALE 1	1	1
		*TM_SCALEAXIS 0	0	0
		*TM_SCALEAXISANG 0	0	0
	}
}
*HELPEROBJECT {
	*NODE_NAME "Bip01 Spine1"
	*NODE_PARENT "Bip01 Spine"
	*NODE_TM {
		*NODE_NAME "Bip01 Spine1"
		*TM_ROW0 -0.039078	-0.0785962	0.99614
		*TM_ROW1 -0.938651	-0.338959	-0.0635669
		*TM_ROW2 0.342647	-0.937512	-0.0605286
		*TM_ROW3 2.19604	-126.242	106.027
		*TM_POS 2.19604	-126.242	106.027
		*TM_ROTAXIS -0.628994	0.47033	-0.618996
		*TM_ROTANGLE 2.37357
		*TM_SCALE 1	1	1
		*TM_SCALEAXIS 0	0	0
		*TM_SCALEAXISANG 0	0	0
	}
}
*HELPEROBJECT {
	*NODE_NAME "Bip01 Spine2"
	*NODE_PARENT "Bip01 Spine1"
	*NODE_TM {
		*NODE_NAME "Bip01 Spine2"
		*TM_ROW0 -0.130741	0.0235049	0.991138
		*TM_ROW1 -0.984898	-0.117536	-0.12713
		*TM_ROW2 0.113506	-0.99279	0.0385166
		*TM_ROW3 1.71976	-127.244	118.77
		*TM_POS 1.71976	-127.244	118.77
		*TM_ROTAXIS -0.54354	0.551057	-0.633167
		*TM_ROTANGLE 2.22041
		*TM_SCALE 1	1	1
		*TM_SCALEAXIS 0	0	0
		*TM_SCALEAXISANG 0	0	0
	}
}
*HELPEROBJECT {
	*NODE_NAME "Bip01 Neck"
	*NODE_PARENT "Bip01 Spine2"
	*NODE_TM {
		*NODE_NAME "Bip01 Neck"
		*TM_ROW0 -0.418375	-0.324523	0.84832
		*TM_ROW1 -0.131855	-0.902396	-0.410238
		*TM_ROW2 0.898653	-0.283489	0.33475
		*TM_ROW3 -2.19966	-126.535	148.491
		*TM_POS -2.19966	-126.535	148.491
		*TM_ROTAXIS -0.536959	0.213228	-0.816216
		*TM_ROTANGLE 3.25989
		*TM_SCALE 1	1	1
		*TM_SCALEAXIS 0	0	0
		*TM_SCALEAXISANG 0	0	0
	}
}
*HELPEROBJECT {
	*NODE_NAME "Bip01 Head"
	*NODE_PARENT "Bip01 Neck"
	*NODE_TM {
		*NODE_NAME "Bip01 Head"
		*TM_ROW0 -0.478393	0.0242117	0.877812
		*TM_ROW1 0.329045	-0.92185	0.20475
		*TM_ROW2 0.814168	0.386791	0.43304
		*TM_ROW3 -5.06102	-128.754	154.292
		*TM_POS -5.06102	-128.754	154.292
		*TM_ROTAXIS -0.504671	-0.17644	-0.84509
		*TM_ROTANGLE 3.32294
		*TM_SCALE 1	1	1
		*TM_SCALEAXIS 0	0	0
		*TM_SCALEAXISANG 0	0	0
	}
}
*HELPEROBJECT {
	*NODE_NAME "zs_Helmet"
	*NODE_PARENT "Bip01 Head"
	*NODE_TM {
		*NODE_NAME "zs_Helmet"
		*TM_ROW0 0.814168	0.386792	0.43304
		*TM_ROW1 -0.290497	0.917108	-0.272991
		*TM_ROW2 -0.502735	0.0964637	0.859042
		*TM_ROW3 -116.082	-188.454	416.351
		*TM_POS -116.082	-188.454	416.351
		*TM_ROTAXIS 0.304629	0.77158	-0.558449
		*TM_ROTANGLE 0.651527
		*TM_SCALE 1	1	1
		*TM_SCALEAXIS 0	0	0
		*TM_SCALEAXISANG 0	0	0
	}
}
*HELPEROBJECT {
	*NODE_NAME "Bip01 L Clavicle"
	*NODE_PARENT "Bip01 Neck"
	*NODE_TM {
		*NODE_NAME "Bip01 L Clavicle"
		*TM_ROW0 0.343247	-0.887333	0.307932
		*TM_ROW1 0.913452	0.391675	0.110434
		*TM_ROW2 -0.2186	0.243375	0.944977
		*TM_ROW3 1.83974	-134.282	143.79
		*TM_POS 1.83974	-134.282	143.79
		*TM_ROTAXIS 0.0706802	0.279938	0.957413
		*TM_ROTANGLE 1.22393
		*TM_SCALE 1	1	1
		*TM_SCALEAXIS 0	0	0
		*TM_SCALEAXISANG 0	0	0
	}
}
*HELPEROBJECT {
	*NODE_NAME "Bip01 L UpperArm"
	*NODE_PARENT "Bip01 L Clavicle"
	*NODE_TM {
		*NODE_NAME "Bip01 L UpperArm"
		*TM_ROW0 0.105933	-0.994218	0.0175471
		*TM_ROW1 0.979278	0.101245	-0.175398
		*TM_ROW2 0.172607	0.0357638	0.984341
		*TM_ROW3 6.41385	-146.106	147.893
		*TM_POS 6.41385	-146.106	147.893
		*TM_ROTAXIS 0.106068	-0.077888	0.991304
		*TM_ROTANGLE 1.47489
		*TM_SCALE 1	1	1
		*TM_SCALEAXIS 0	0	0
		*TM_SCALEAXISANG 0	0	0
	}
}
*HELPEROBJECT {
	*NODE_NAME "Bip01 L Forearm"
	*NODE_PARENT "Bip01 L UpperArm"
	*NODE_TM {
		*NODE_NAME "Bip01 L Forearm"
		*TM_ROW0 0.0537749	-0.998192	0.0268375
		*TM_ROW1 0.983522	0.0483005	-0.174218
		*TM_ROW2 0.172607	0.0357638	0.984341
		*TM_ROW3 9.37003	-173.851	148.383
		*TM_POS 9.37003	-173.851	148.383
		*TM_ROTAXIS 0.105089	-0.072953	0.991783
		*TM_ROTANGLE 1.52757
		*TM_SCALE 1	1	1
		*TM_SCALEAXIS 0	0	0
		*TM_SCALEAXISANG 0	0	0
	}
}
*HELPEROBJECT {
	*NODE_NAME "Bip01 L Hand"
	*NODE_PARENT "Bip01 L Forearm"
	*NODE_TM {
		*NODE_NAME "Bip01 L Hand"
		*TM_ROW0 0.299205	-0.932532	0.202137
		*TM_ROW1 -0.893023	-0.348296	-0.284957
		*TM_ROW2 0.336135	-0.0952527	-0.936984
		*TM_ROW3 10.8658	-201.617	149.129
		*TM_POS 10.8658	-201.617	149.129
		*TM_ROTAXIS -0.80522	0.568768	-0.167704
		*TM_ROTANGLE 3.25966
		*TM_SCALE 1	1	1
		*TM_SCALEAXIS 0	0	0
		*TM_SCALEAXISANG 0	0	0
	}
}
*HELPEROBJECT {
	*NODE_NAME "Bip01 L Finger0"
	*NODE_PARENT "Bip01 L Hand"
	*NODE_TM {
		*NODE_NAME "Bip01 L Finger0"
		*TM_ROW0 0.299204	-0.932533	0.202136
		*TM_ROW1 -0.893279	-0.348222	-0.284242
		*TM_ROW2 0.335453	-0.0955175	-0.937202
		*TM_ROW3 14.7166	-213.619	151.731
		*TM_POS 14.7166	-213.619	151.731
		*TM_ROTAXIS -0.805227	0.568822	-0.167483
		*TM_ROTANGLE 3.25905
		*TM_SCALE 1	1	1
		*TM_SCALEAXIS 0	0	0
		*TM_SCALEAXISANG 0	0	0
	}
}
*HELPEROBJECT {
	*NODE_NAME "zs_LeftHand"
	*NODE_PARENT "Bip01 L Hand"
	*NODE_TM {
		*NODE_NAME "zs_LeftHand"
		*TM_ROW0 0.336753	0.0227545	-0.941318
		*TM_ROW1 0.415834	-0.90053	0.126994
		*TM_ROW2 -0.844796	-0.434198	-0.312718
		*TM_ROW3 -12.6718	-333.475	95.9551
		*TM_POS -12.6718	-333.475	95.9551
		*TM_ROTAXIS -0.811055	-0.139498	0.568093
		*TM_ROTANGLE 2.78833
		*TM_SCALE 1	1	1
		*TM_SCALEAXIS 0	0	0
		*TM_SCALEAXISANG 0	0	0
	}
}
*HELPEROBJECT {
	*NODE_NAME "zs_LeftArm"
	*NODE_PARENT "Bip01 L Forearm"
	*NODE_TM {
		*NODE_NAME "zs_LeftArm"
		*TM_ROW0 0.219087	-0.97558	-0.0156268
		*TM_ROW1 0.968635	0.219396	-0.116669
		*TM_ROW2 0.117249	0.0104241	0.993048
		*TM_ROW3 -140.669	-442.304	234.745
		*TM_POS -140.669	-442.304	234.745
		*TM_ROTAXIS 0.0650796	-0.0680404	0.995558
		*TM_ROTANGLE 1.35332
		*TM_SCALE 1	1	1
		*TM_SCALEAXIS 0	0	0
		*TM_SCALEAXISANG 0	0	0
	}
}
*HELPEROBJECT {
	*NODE_NAME "Bip01 R Clavicle"
	*NODE_PARENT "Bip01 Neck"
	*NODE_TM {
		*NODE_NAME "Bip01 R Clavicle"
		*TM_ROW0 -0.73824	0.59506	-0.317654
		*TM_ROW1 0.61029	0.78981	0.0612091
		*TM_ROW2 0.28731	-0.148674	-0.946229
		*TM_ROW3 0.0317838	-118.469	143.176
		*TM_POS 0.0317838	-118.469	143.176
		*TM_ROTAXIS -0.327677	-0.94449	0.0237776
		*TM_ROTANGLE 2.81559
		*TM_SCALE 1	1	1
		*TM_SCALEAXIS 0	0	0
		*TM_SCALEAXISANG 0	0	0
	}
}
*HELPEROBJECT {
	*NODE_NAME "Bip01 R UpperArm"
	*NODE_PARENT "Bip01 R Clavicle"
	*NODE_TM {
		*NODE_NAME "Bip01 R UpperArm"
		*TM_ROW0 -0.616576	-0.786162	-0.042222
		*TM_ROW1 -0.545953	0.465591	-0.696534
		*TM_ROW2 0.567247	-0.406415	-0.71628
		*TM_ROW3 -9.80601	-110.539	138.943
		*TM_POS -9.80601	-110.539	138.943
		*TM_ROTAXIS 0.404931	-0.850661	0.33527
		*TM_ROTANGLE 2.77522
		*TM_SCALE 1	1	1
		*TM_SCALEAXIS 0	0	0
		*TM_SCALEAXISANG 0	0	0
	}
}
*HELPEROBJECT {
	*NODE_NAME "Bip01 R Forearm"
	*NODE_PARENT "Bip01 R UpperArm"
	*NODE_TM {
		*NODE_NAME "Bip01 R Forearm"
		*TM_ROW0 0.61614	-0.367669	0.696557
		*TM_ROW1 -0.546445	-0.836449	0.0418496
		*TM_ROW2 0.567247	-0.406415	-0.71628
		*TM_ROW3 -27.0123	-132.478	137.765
		*TM_POS -27.0123	-132.478	137.765
		*TM_ROTAXIS -0.897206	0.258814	-0.357822
		*TM_ROTANGLE 2.88911
		*TM_SCALE 1	1	1
		*TM_SCALEAXIS 0	0	0
		*TM_SCALEAXISANG 0	0	0
	}
}
*HELPEROBJECT {
	*NODE_NAME "Bip01 R Hand"
	*NODE_PARENT "Bip01 R Forearm"
	*NODE_TM {
		*NODE_NAME "Bip01 R Hand"
		*TM_ROW0 0.42203	-0.900574	0.104197
		*TM_ROW1 0.0508362	-0.0912448	-0.99453
		*TM_ROW2 0.905155	0.425018	0.00727376
		*TM_ROW3 -9.87358	-142.705	157.141
		*TM_POS -9.87358	-142.705	157.141
		*TM_ROTAXIS 0.752165	-0.424398	0.504117
		*TM_ROTANGLE 1.90813
		*TM_SCALE 1	1	1
		*TM_SCALEAXIS 0	0	0
		*TM_SCALEAXISANG 0	0	0
	}
}
*HELPEROBJECT {
	*NODE_NAME "Bip01 R Finger0"
	*NODE_PARENT "Bip01 R Hand"
	*NODE_TM {
		*NODE_NAME "Bip01 R Finger0"
		*TM_ROW0 0.422028	-0.900575	0.104198
		*TM_ROW1 0.0515298	-0.0909203	-0.994524
		*TM_ROW2 0.905117	0.425087	0.00803546
		*TM_ROW3 -4.44212	-154.295	158.482
		*TM_POS -4.44212	-154.295	158.482
		*TM_ROTAXIS 0.752047	-0.424291	0.504383
		*TM_ROTANGLE 1.90755
		*TM_SCALE 1	1	1
		*TM_SCALEAXIS 0	0	0
		*TM_SCALEAXISANG 0	0	0
	}
}
*HELPEROBJECT {
	*NODE_NAME "zs_RightHand"
	*NODE_PARENT "Bip01 R Hand"
	*NODE_TM {
		*NODE_NAME "zs_RightHand"
		*TM_ROW0 -0.379853	0.920874	-0.0877655
		*TM_ROW1 -0.76956	-0.261933	0.582382
		*TM_ROW2 0.513312	0.288761	0.808164
		*TM_ROW3 191.202	-595.739	212.64
		*TM_POS 191.202	-595.739	212.64
		*TM_ROTAXIS -0.161509	-0.330628	-0.929839
		*TM_ROTANGLE 2.00073
		*TM_SCALE 1	1	1
		*TM_SCALEAXIS 0	0	0
		*TM_SCALEAXISANG 0	0	0
	}
}
*HELPEROBJECT {
	*NODE_NAME "zs_Crossbow"
	*NODE_PARENT "Bip01 Spine2"
	*NODE_TM {
		*NODE_NAME "zs_Crossbow"
		*TM_ROW0 -0.431687	0.381545	0.817355
		*TM_ROW1 0.0583802	0.916053	-0.396784
		*TM_ROW2 -0.900132	-0.123569	-0.417723
		*TM_ROW3 73.6922	263.927	1441.64
		*TM_POS 73.6922	263.927	1441.64
		*TM_ROTAXIS 0.154459	0.97096	-0.182697
		*TM_ROTANGLE 2.05633
		*TM_SCALE 1	1	1
		*TM_SCALEAXIS 0	0	0
		*TM_SCALEAXISANG 0	0	0
	}
}
*HELPEROBJECT {
	*NODE_NAME "zs_Longsword"
	*NODE_PARENT "Bip01 Spine2"
	*NODE_TM {
		*NODE_NAME "zs_Longsword"
		*TM_ROW0 -0.401259	0.48874	0.774677
		*TM_ROW1 0.138421	0.868392	-0.476166
		*TM_ROW2 -0.905445	-0.0838346	-0.416102
		*TM_ROW3 45.2388	335.647	1168.03
		*TM_POS 45.2388	335.647	1168.03
		*TM_ROTAXIS 0.222849	0.954329	-0.198985
		*TM_ROTANGLE 2.06517
		*TM_SCALE 1	1	1
		*TM_SCALEAXIS 0	0	0
		*TM_SCALEAXISANG 0	0	0
	}
}
*HELPEROBJECT {
	*NODE_NAME "zs_Shield"
	*NODE_PARENT "Bip01 Spine2"
	*NODE_TM {
		*NODE_NAME "zs_Shield"
		*TM_ROW0 0.419781	0.0186411	-0.907434
		*TM_ROW1 0.273907	0.950573	0.146237
		*TM_ROW2 0.865309	-0.30994	0.393926
		*TM_ROW3 395.99	-269.68	476.159
		*TM_POS 395.99	-269.68	476.159
		*TM_ROTAXIS -0.246821	-0.959168	0.138115
		*TM_ROTANGLE 1.17869
		*TM_SCALE 1	1	1
		*TM_SCALEAXIS 0	0	0
		*TM_SCALEAXISANG 0	0	0
	}
}
*HELPEROBJECT {
	*NODE_NAME "zs_Bow"
	*NODE_PARENT "Bip01 Spine2"
	*NODE_TM {
		*NODE_NAME "zs_Bow"
		*TM_ROW0 -0.179014	0.289407	0.940318
		*TM_ROW1 0.951959	0.292309	0.0912646
		*TM_ROW2 -0.248451	0.911482	-0.327831
		*TM_ROW3 514.267	11.339	163.836
		*TM_POS 514.267	11.339	163.836
		*TM_ROTAXIS -0.516186	-0.748127	-0.416963
		*TM_ROTANGLE 4.05977
		*TM_SCALE 1	1	1
		*TM_SCALEAXIS 0	0	0
		*TM_SCALEAXISANG 0	0	0
	}
}
*HELPEROBJECT {
	*NODE_NAME "zs_Sword"
	*NODE_PARENT "Bip01 Spine"
	*NODE_TM {
		*NODE_NAME "zs_Sword"
		*TM_ROW0 -0.32856	-0.258227	0.908497
		*TM_ROW1 0.769613	0.484386	0.416012
		*TM_ROW2 -0.547489	0.835876	0.0395848
		*TM_ROW3 234.747	-349.947	126.472
		*TM_POS 234.747	-349.947	126.472
		*TM_ROTAXIS 0.229306	0.795177	0.561348
		*TM_ROTANGLE 1.98482
		*TM_SCALE 1	1	1
		*TM_SCALEAXIS 0	0	0
		*TM_SCALEAXISANG 0	0	0
	}
}
*HELPEROBJECT {
	*NODE_NAME "Bip01 L Thigh"
	*NODE_PARENT "Bip01 Pelvis"
	*NODE_TM {
		*NODE_NAME "Bip01 L Thigh"
		*TM_ROW0 0.085051	-0.327158	-0.941135
		*TM_ROW1 -0.0886113	-0.943298	0.319902
		*TM_ROW2 -0.992429	0.0561872	-0.109218
		*TM_ROW3 7.22827	-133.113	93.4604
		*TM_POS 7.22827	-133.113	93.4604
		*TM_ROTAXIS -0.734012	0.14277	0.66396
		*TM_ROTANGLE 2.96097
		*TM_SCALE 1	1	1
		*TM_SCALEAXIS 0	0	0
		*TM_SCALEAXISANG 0	0	0
	}
	*TM_ANIMATION {
		*NODE_NAME "Bip01 L Thigh"
		*CONTROL_POS_TRACK {
			*CONTROL_POS_SAMPLE 192	7.22827	1.24755	93.3697
			*CONTROL_POS_SAMPLE 384	7.21976	-1.56566	91.3914
			*CONTROL_POS_SAMPLE 576	7.22056	-7.62121	90.5134
			*CONTROL_POS_SAMPLE 768	7.22035	-11.6954	90.2348
			*CONTROL_POS_SAMPLE 960	7.22037	-15.5598	90.2995
			*CONTROL_POS_SAMPLE 1152	7.22058	-19.3137	90.0911
			*CONTROL_POS_SAMPLE 1344	7.22093	-23.0567	89.4314
			*CONTROL_POS_SAMPLE 1536	7.22138	-26.8882	88.6089
			*CONTROL_POS_SAMPLE 1728	7.22187	-30.9077	87.7081
			*CONTROL_POS_SAMPLE 1920	7.22236	-35.2145	86.8135
			*CONTROL_POS_SAMPLE 2112	7.2228	-39.9082	86.0095
			*CONTROL_POS_SAMPLE 2304	7.22314	-45.0881	85.3806
			*CONTROL_POS_SAMPLE 2496	7.22338	-50.6589	85.0113
			*CONTROL_POS_SAMPLE 2688	7.22355	-56.4418	85.2824
			*CONTROL_POS_SAMPLE 2880	7.22366	-62.4113	86.1752
			*CONTROL_POS_SAMPLE 3072	7.22375	-68.5421	87.1747
			*CONTROL_POS_SAMPLE 3264	7.22381	-74.8086	87.7661
			*CONTROL_POS_SAMPLE 3456	7.22388	-81.1853	87.7768
			*CONTROL_POS_SAMPLE 3648	7.22396	-87.6469	87.5069
			*CONTROL_POS_SAMPLE 3840	7.22408	-94.1679	87.1503
			*CONTROL_POS_SAMPLE 4032	7.22425	-100.723	86.9006
			*CONTROL_POS_SAMPLE 4224	7.2245	-107.286	86.9516
			*CONTROL_POS_SAMPLE 4416	7.22485	-113.832	87.3094
			*CONTROL_POS_SAMPLE 4608	7.22567	-120.336	87.845
			*CONTROL_POS_SAMPLE 4800	7.22698	-126.771	88.549
			*CONTROL_POS_SAMPLE 4992	7.22827	-133.113	89.4121
			*CONTROL_POS_SAMPLE 5184	7.22827	-133.113	90.4251
			*CONTROL_POS_SAMPLE 5376	7.22827	-133.113	93.4604
			*CONTROL_POS_SAMPLE 5568	7.22827	-133.113	93.4604
			*CONTROL_POS_SAMPLE 5760	7.22827	-133.113	93.4604
		}
		*CONTROL_ROT_TRACK {
			*CONTROL_ROT_SAMPLE 192	-0.723946	0.182018	0.665411	3.0002
			*CONTROL_ROT_SAMPLE 384	-0.741132	0.139661	0.656673	2.88191
			*CONTROL_ROT_SAMPLE 576	-0.743543	0.114757	0.658768	2.92118
			*CONTROL_ROT_SAMPLE 768	-0.74599	0.0881637	0.660096	2.95523
			*CONTROL_ROT_SAMPLE 960	-0.747594	0.0578514	0.661631	2.99991
			*CONTROL_ROT_SAMPLE 1152	-0.747486	0.0337438	0.66342	3.04589
			*CONTROL_ROT_SAMPLE 1344	-0.746706	0.0146943	0.664992	3.08768
			*CONTROL_ROT_SAMPLE 1536	-0.745747	-0.00671614	0.666196	3.13322
			*CONTROL_ROT_SAMPLE 1728	-0.744815	-0.039319	0.666112	3.19451
			*CONTROL_ROT_SAMPLE 1920	-0.742024	-0.0912955	0.664128	3.28887
			*CONTROL_ROT_SAMPLE 2112	-0.729447	-0.200859	0.653883	3.4835
			*CONTROL_ROT_SAMPLE 2304	-0.72803	-0.211516	0.6521	3.50587
			*CONTROL_ROT_SAMPLE 2496	-0.743935	-0.0732992	0.66422	3.27051
			*CONTROL_ROT_SAMPLE 2688	-0.746735	0.0250621	0.664649	3.10412
			*CONTROL_ROT_SAMPLE 2880	-0.744153	0.0998231	0.660509	2.97837
			*CONTROL_ROT_SAMPLE 3072	-0.739067	0.152454	0.656153	2.89006
			*CONTROL_ROT_SAMPLE 3264	-0.73219	0.202654	0.650253	2.8066
			*CONTROL_ROT_SAMPLE 3456	-0.723834	0.252053	0.642288	2.72626
			*CONTROL_ROT_SAMPLE 3648	-0.714698	0.296923	0.63328	2.65507
			*CONTROL_ROT_SAMPLE 3840	-0.705971	0.33381	0.62464	2.59829
			*CONTROL_ROT_SAMPLE 4032	-0.703171	0.341077	0.623872	2.59137
			*CONTROL_ROT_SAMPLE 4224	-0.706489	0.323022	0.629706	2.62675
			*CONTROL_ROT_SAMPLE 4416	-0.713011	0.291066	0.637884	2.68604
			*CONTROL_ROT_SAMPLE 4608	-0.717731	0.261849	0.645211	2.74067
			*CONTROL_ROT_SAMPLE 4800	-0.722124	0.228076	0.653084	2.80425
			*CONTROL_ROT_SAMPLE 4992	-0.726606	0.187093	0.66109	2.88113
			*CONTROL_ROT_SAMPLE 5184	-0.729686	0.181229	0.659328	2.89379
			*CONTROL_ROT_SAMPLE 5376	-0.734012	0.14277	0.66396	2.96097
			*CONTROL_ROT_SAMPLE 5568	-0.734012	0.14277	0.66396	2.96097
			*CONTROL_ROT_SAMPLE 5760	-0.734012	0.14277	0.66396	2.96097
		}
	}
}
*HELPEROBJECT {
	*NODE_NAME "Bip01 L Calf"
	*NODE_PARENT "Bip01 L Thigh"
	*NODE_TM {
		*NODE_NAME "Bip01 L Calf"
		*TM_ROW0 0.121745	0.332451	-0.93523
		*TM_ROW1 -0.0162382	-0.941445	-0.336774
		*TM_ROW2 -0.992429	0.0561872	-0.109218
		*TM_ROW3 10.5746	-145.985	56.4316
		*TM_POS 10.5746	-145.985	56.4316
		*TM_ROTAXIS -0.743591	-0.108236	0.659816
		*TM_ROTANGLE 3.409
		*TM_SCALE 1	1	1
		*TM_SCALEAXIS 0	0	0
		*TM_SCALEAXISANG 0	0	0
	}
	*TM_ANIMATION {
		*NODE_NAME "Bip01 L Calf"
		*CONTROL_POS_TRACK {
			*CONTROL_POS_SAMPLE 192	9.31136	-12.7591	56.6615
			*CONTROL_POS_SAMPLE 384	11.6918	-16.2082	55.1477
			*CONTROL_POS_SAMPLE 576	11.8054	-19.921	53.4229
			*CONTROL_POS_SAMPLE 768	11.9685	-21.6381	52.4642
			*CONTROL_POS_SAMPLE 960	12.0289	-22.622	51.8935
			*CONTROL_POS_SAMPLE 1152	11.9218	-23.7881	51.2853
			*CONTROL_POS_SAMPLE 1344	11.7764	-25.3294	50.4173
			*CONTROL_POS_SAMPLE 1536	11.6395	-26.7135	49.5133
			*CONTROL_POS_SAMPLE 1728	11.5546	-27.2186	48.7769
			*CONTROL_POS_SAMPLE 1920	11.3954	-26.0781	48.7723
			*CONTROL_POS_SAMPLE 2112	10.8138	-20.0868	52.2125
			*CONTROL_POS_SAMPLE 2304	10.7993	-24.2273	52.2135
			*CONTROL_POS_SAMPLE 2496	11.5743	-43.026	46.66
			*CONTROL_POS_SAMPLE 2688	11.7694	-58.8936	46.278
			*CONTROL_POS_SAMPLE 2880	11.6877	-72.4409	48.393
			*CONTROL_POS_SAMPLE 3072	11.4227	-83.6942	51.1082
			*CONTROL_POS_SAMPLE 3264	11.0793	-94.5712	53.9639
			*CONTROL_POS_SAMPLE 3456	10.6998	-105.128	56.7498
			*CONTROL_POS_SAMPLE 3648	10.3067	-115.027	59.4201
			*CONTROL_POS_SAMPLE 3840	9.93966	-124.082	61.7379
			*CONTROL_POS_SAMPLE 4032	9.72318	-131.037	61.9445
			*CONTROL_POS_SAMPLE 4224	9.71039	-136.279	60.4711
			*CONTROL_POS_SAMPLE 4416	9.85724	-140.372	58.3833
			*CONTROL_POS_SAMPLE 4608	9.92966	-144.445	56.8704
			*CONTROL_POS_SAMPLE 4800	9.97711	-147.871	55.4543
			*CONTROL_POS_SAMPLE 4992	10.0545	-150.328	54.1465
			*CONTROL_POS_SAMPLE 5184	10.3431	-149.723	54.8944
			*CONTROL_POS_SAMPLE 5376	10.5746	-145.985	56.4316
			*CONTROL_POS_SAMPLE 5568	10.5746	-145.985	56.4316
			*CONTROL_POS_SAMPLE 5760	10.5746	-145.985	56.4316
		}
		*CONTROL_ROT_TRACK {
			*CONTROL_ROT_SAMPLE 192	-0.750401	-0.0719919	0.657051	3.45494
			*CONTROL_ROT_SAMPLE 384	-0.73851	-0.15177	0.656939	3.39651
			*CONTROL_ROT_SAMPLE 576	-0.733892	-0.184499	0.65373	3.44942
			*CONTROL_ROT_SAMPLE 768	-0.730346	-0.203174	0.652162	3.46935
			*CONTROL_ROT_SAMPLE 960	-0.727917	-0.214269	0.651326	3.4802
			*CONTROL_ROT_SAMPLE 1152	-0.726023	-0.22303	0.650498	3.49933
			*CONTROL_ROT_SAMPLE 1344	-0.723759	-0.233997	0.649168	3.52682
			*CONTROL_ROT_SAMPLE 1536	-0.721463	-0.244753	0.647756	3.5532
			*CONTROL_ROT_SAMPLE 1728	-0.719928	-0.252834	0.646358	3.57007
			*CONTROL_ROT_SAMPLE 1920	-0.720574	-0.250279	0.646633	3.56722
			*CONTROL_ROT_SAMPLE 2112	-0.729382	-0.20127	0.653829	3.48421
			*CONTROL_ROT_SAMPLE 2304	-0.727962	-0.211927	0.652042	3.50659
			*CONTROL_ROT_SAMPLE 2496	-0.709066	-0.30994	0.633374	3.6799
			*CONTROL_ROT_SAMPLE 2688	-0.700887	-0.348993	0.622062	3.74995
			*CONTROL_ROT_SAMPLE 2880	-0.70013	-0.358716	0.617366	3.76871
			*CONTROL_ROT_SAMPLE 3072	-0.706338	-0.33888	0.621488	3.73957
			*CONTROL_ROT_SAMPLE 3264	-0.714698	-0.3085	0.627721	3.69257
			*CONTROL_ROT_SAMPLE 3456	-0.72309	-0.276031	0.633204	3.64084
			*CONTROL_ROT_SAMPLE 3648	-0.731378	-0.239921	0.638376	3.58201
			*CONTROL_ROT_SAMPLE 3840	-0.739036	-0.200316	0.643195	3.51669
			*CONTROL_ROT_SAMPLE 4032	-0.74498	-0.15481	0.648875	3.44532
			*CONTROL_ROT_SAMPLE 4224	-0.748766	-0.104913	0.654479	3.36809
			*CONTROL_ROT_SAMPLE 4416	-0.750061	-0.0633699	0.658326	3.30441
			*CONTROL_ROT_SAMPLE 4608	-0.747672	-0.09179	0.657693	3.36228
			*CONTROL_ROT_SAMPLE 4800	-0.744191	-0.121039	0.656908	3.42263
			*CONTROL_ROT_SAMPLE 4992	-0.74032	-0.144217	0.656604	3.47223
			*CONTROL_ROT_SAMPLE 5184	-0.74282	-0.139508	0.654795	3.46262
			*CONTROL_ROT_SAMPLE 5376	-0.743591	-0.108236	0.659816	3.409
			*CONTROL_ROT_SAMPLE 5568	-0.743591	-0.108236	0.659816	3.409
			*CONTROL_ROT_SAMPLE 5760	-0.743591	-0.108236	0.659816	3.409
		}
	}
}
*HELPEROBJECT {
	*NODE_NAME "Bip01 L Foot"
	*NODE_PARENT "Bip01 L Calf"
	*NODE_TM {
		*NODE_NAME "Bip01 L Foot"
		*TM_ROW0 0.000337569	-0.00015917	-1
		*TM_ROW1 -0.108085	-0.994142	0.000121749
		*TM_ROW2 -0.994142	0.108085	-0.000352795
		*TM_ROW3 16.552	-129.663	10.514
		*TM_POS 16.552	-129.663	10.514
		*TM_ROTAXIS -0.706709	0.0383477	0.706464
		*TM_ROTANGLE 3.21805
		*TM_SCALE 1	1	1
		*TM_SCALEAXIS 0	0	0
		*TM_SCALEAXISANG 0	0	0
	}
	*TM_ANIMATION {
		*NODE_NAME "Bip01 L Foot"
		*CONTROL_POS_TRACK {
			*CONTROL_POS_SAMPLE 192	16.5521	2.36042	10.5144
			*CONTROL_POS_SAMPLE 384	16.8709	2.75352	10.1564
			*CONTROL_POS_SAMPLE 576	16.6603	2.78729	10.1639
			*CONTROL_POS_SAMPLE 768	16.4682	2.85293	10.1497
			*CONTROL_POS_SAMPLE 960	16.2719	2.88117	10.1542
			*CONTROL_POS_SAMPLE 1152	16.0538	2.79222	10.2122
			*CONTROL_POS_SAMPLE 1344	15.8294	2.668	10.2888
			*CONTROL_POS_SAMPLE 1536	15.6196	2.62579	10.3477
			*CONTROL_POS_SAMPLE 1728	15.4892	3.03249	10.3066
			*CONTROL_POS_SAMPLE 1920	15.3894	3.94947	10.1333
			*CONTROL_POS_SAMPLE 2112	15.2913	4.69421	10.0648
			*CONTROL_POS_SAMPLE 2304	15.2585	1.84989	10.8532
			*CONTROL_POS_SAMPLE 2496	15.2992	-7.02877	13.48
			*CONTROL_POS_SAMPLE 2688	15.3909	-19.574	17.0987
			*CONTROL_POS_SAMPLE 2880	15.4863	-32.3386	20.3224
			*CONTROL_POS_SAMPLE 3072	15.585	-45.0509	21.1091
			*CONTROL_POS_SAMPLE 3264	15.6936	-58.3881	21.0995
			*CONTROL_POS_SAMPLE 3456	15.8038	-71.8408	21.0219
			*CONTROL_POS_SAMPLE 3648	15.9141	-85.2561	20.7825
			*CONTROL_POS_SAMPLE 3840	16.023	-98.4809	20.2873
			*CONTROL_POS_SAMPLE 4032	16.1235	-110.443	17.8366
			*CONTROL_POS_SAMPLE 4224	16.217	-121.448	14.1216
			*CONTROL_POS_SAMPLE 4416	16.2875	-130.496	10.721
			*CONTROL_POS_SAMPLE 4608	16.2497	-130.72	10.1559
			*CONTROL_POS_SAMPLE 4800	16.1215	-130.254	10.0399
			*CONTROL_POS_SAMPLE 4992	15.9769	-129.663	10.0055
			*CONTROL_POS_SAMPLE 5184	16.552	-129.663	10.514
			*CONTROL_POS_SAMPLE 5376	16.552	-129.663	10.514
			*CONTROL_POS_SAMPLE 5568	16.552	-129.663	10.514
			*CONTROL_POS_SAMPLE 5760	16.552	-129.663	10.514
		}
		*CONTROL_ROT_TRACK {
			*CONTROL_ROT_SAMPLE 192	-0.706709	0.0383477	0.706464	3.21805
			*CONTROL_ROT_SAMPLE 384	-0.706156	0.0555989	0.70587	3.25244
			*CONTROL_ROT_SAMPLE 576	-0.706157	0.0555705	0.705871	3.25239
			*CONTROL_ROT_SAMPLE 768	-0.70613	0.0562773	0.705842	3.25379
			*CONTROL_ROT_SAMPLE 960	-0.706117	0.0566155	0.705828	3.25447
			*CONTROL_ROT_SAMPLE 1152	-0.706147	0.0558453	0.70586	3.25293
			*CONTROL_ROT_SAMPLE 1344	-0.706192	0.0546658	0.705907	3.25059
			*CONTROL_ROT_SAMPLE 1536	-0.706232	0.0535783	0.70595	3.24842
			*CONTROL_ROT_SAMPLE 1728	-0.706249	0.053118	0.705968	3.2475
			*CONTROL_ROT_SAMPLE 1920	-0.706258	0.0528622	0.705978	3.24699
			*CONTROL_ROT_SAMPLE 2112	-0.706266	0.052633	0.705987	3.24654
			*CONTROL_ROT_SAMPLE 2304	-0.706282	0.0522145	0.706003	3.2457
			*CONTROL_ROT_SAMPLE 2496	-0.706308	0.0514769	0.706031	3.24423
			*CONTROL_ROT_SAMPLE 2688	-0.70634	0.0505499	0.706065	3.24238
			*CONTROL_ROT_SAMPLE 2880	-0.706372	0.0496061	0.7061	3.2405
			*CONTROL_ROT_SAMPLE 3072	-0.706405	0.0486356	0.706135	3.23857
			*CONTROL_ROT_SAMPLE 3264	-0.706438	0.0476294	0.70617	3.23656
			*CONTROL_ROT_SAMPLE 3456	-0.70647	0.0466179	0.706205	3.23455
			*CONTROL_ROT_SAMPLE 3648	-0.706502	0.0456047	0.70624	3.23253
			*CONTROL_ROT_SAMPLE 3840	-0.706533	0.0445933	0.706273	3.23051
			*CONTROL_ROT_SAMPLE 4032	-0.706563	0.0435877	0.706306	3.2285
			*CONTROL_ROT_SAMPLE 4224	-0.706593	0.0425794	0.706338	3.22649
			*CONTROL_ROT_SAMPLE 4416	-0.706622	0.0415639	0.70637	3.22447
			*CONTROL_ROT_SAMPLE 4608	-0.706651	0.0405156	0.706401	3.22238
			*CONTROL_ROT_SAMPLE 4800	-0.70668	0.0394347	0.706433	3.22022
			*CONTROL_ROT_SAMPLE 4992	-0.706709	0.0383477	0.706464	3.21805
			*CONTROL_ROT_SAMPLE 5184	-0.706709	0.0383477	0.706464	3.21805
			*CONTROL_ROT_SAMPLE 5376	-0.706709	0.0383477	0.706464	3.21805
			*CONTROL_ROT_SAMPLE 5568	-0.706709	0.0383477	0.706464	3.21805
			*CONTROL_ROT_SAMPLE 5760	-0.706709	0.0383477	0.706464	3.21805
		}
	}
}
*HELPEROBJECT {
	*NODE_NAME "Bip01 L Toe0"
	*NODE_PARENT "Bip01 L Foot"
	*NODE_TM {
		*NODE_NAME "Bip01 L Toe0"
		*TM_ROW0 -0.108085	-0.994142	4.63444e-005
		*TM_ROW1 -0.000347825	8.44239e-005	1
		*TM_ROW2 -0.994142	0.108085	-0.000354912
		*TM_ROW3 14.1088	-152.176	-2.10996
		*TM_POS 14.1088	-152.176	-2.10996
		*TM_ROTAXIS 0.53575	-0.597183	-0.596946
		*TM_ROTANGLE 4.12501
		*TM_SCALE 1	1	1
		*TM_SCALEAXIS 0	0	0
		*TM_SCALEAXISANG 0	0	0
	}
	*TM_ANIMATION {
		*NODE_NAME "Bip01 L Toe0"
		*CONTROL_POS_TRACK {
			*CONTROL_POS_SAMPLE 192	14.1089	-20.1528	-2.10954
			*CONTROL_POS_SAMPLE 384	13.3351	-19.6142	-2.46731
			*CONTROL_POS_SAMPLE 576	13.1262	-19.5807	-2.45987
			*CONTROL_POS_SAMPLE 768	12.8896	-19.508	-2.47406
			*CONTROL_POS_SAMPLE 960	12.672	-19.4764	-2.46952
			*CONTROL_POS_SAMPLE 1152	12.5024	-19.5731	-2.41149
			*CONTROL_POS_SAMPLE 1344	12.3525	-19.709	-2.33498
			*CONTROL_POS_SAMPLE 1536	12.2113	-19.7617	-2.27606
			*CONTROL_POS_SAMPLE 1728	12.11	-19.3594	-2.3172
			*CONTROL_POS_SAMPLE 1920	12.0263	-18.4449	-2.49043
			*CONTROL_POS_SAMPLE 2112	11.9427	-17.7023	-2.55901
			*CONTROL_POS_SAMPLE 2304	11.9364	-20.5506	-1.77056
			*CONTROL_POS_SAMPLE 2496	12.0237	-29.4361	0.856252
			*CONTROL_POS_SAMPLE 2688	12.174	-41.9898	4.4749
			*CONTROL_POS_SAMPLE 2880	12.3291	-54.7628	7.69861
			*CONTROL_POS_SAMPLE 3072	12.4892	-67.4837	8.48526
			*CONTROL_POS_SAMPLE 3264	12.6616	-80.8296	8.47561
			*CONTROL_POS_SAMPLE 3456	12.8358	-94.2909	8.39806
			*CONTROL_POS_SAMPLE 3648	13.0103	-107.715	8.15866
			*CONTROL_POS_SAMPLE 3840	13.1833	-120.948	7.6634
			*CONTROL_POS_SAMPLE 4032	13.3476	-132.918	5.21268
			*CONTROL_POS_SAMPLE 4224	13.5051	-143.93	1.49772
			*CONTROL_POS_SAMPLE 4416	13.64	-152.986	-1.90296
			*CONTROL_POS_SAMPLE 4608	13.6687	-153.218	-2.46805
			*CONTROL_POS_SAMPLE 4800	13.6092	-152.759	-2.58407
			*CONTROL_POS_SAMPLE 4992	13.5337	-152.176	-2.61853
			*CONTROL_POS_SAMPLE 5184	14.1088	-152.176	-2.10997
			*CONTROL_POS_SAMPLE 5376	14.1088	-152.176	-2.10996
			*CONTROL_POS_SAMPLE 5568	14.1088	-152.176	-2.10996
			*CONTROL_POS_SAMPLE 5760	14.1088	-152.176	-2.10996
		}
		*CONTROL_ROT_TRACK {
			*CONTROL_ROT_SAMPLE 192	0.53575	-0.597183	-0.596946	4.12501
			*CONTROL_ROT_SAMPLE 384	0.517057	-0.60539	-0.605107	4.09571
			*CONTROL_ROT_SAMPLE 576	0.517088	-0.605377	-0.605094	4.09575
			*CONTROL_ROT_SAMPLE 768	0.516323	-0.605704	-0.60542	4.09455
			*CONTROL_ROT_SAMPLE 960	0.515957	-0.60586	-0.605575	4.09397
			*CONTROL_ROT_SAMPLE 1152	0.516791	-0.605504	-0.605221	4.09528
			*CONTROL_ROT_SAMPLE 1344	0.518067	-0.604957	-0.604676	4.0973
			*CONTROL_ROT_SAMPLE 1536	0.519244	-0.604451	-0.604173	4.09916
			*CONTROL_ROT_SAMPLE 1728	0.519742	-0.604236	-0.603959	4.09994
			*CONTROL_ROT_SAMPLE 1920	0.520019	-0.604116	-0.603841	4.10038
			*CONTROL_ROT_SAMPLE 2112	0.520268	-0.604009	-0.603734	4.10077
			*CONTROL_ROT_SAMPLE 2304	0.520721	-0.603813	-0.603539	4.10149
			*CONTROL_ROT_SAMPLE 2496	0.521519	-0.603467	-0.603195	4.10274
			*CONTROL_ROT_SAMPLE 2688	0.522523	-0.603032	-0.602762	4.10432
			*CONTROL_ROT_SAMPLE 2880	0.523545	-0.602587	-0.60232	4.10593
			*CONTROL_ROT_SAMPLE 3072	0.524597	-0.602128	-0.601864	4.10758
			*CONTROL_ROT_SAMPLE 3264	0.525687	-0.601651	-0.601389	4.10929
			*CONTROL_ROT_SAMPLE 3456	0.526783	-0.60117	-0.600911	4.11101
			*CONTROL_ROT_SAMPLE 3648	0.527881	-0.600687	-0.600431	4.11273
			*CONTROL_ROT_SAMPLE 3840	0.528977	-0.600203	-0.59995	4.11445
			*CONTROL_ROT_SAMPLE 4032	0.530067	-0.599721	-0.59947	4.11615
			*CONTROL_ROT_SAMPLE 4224	0.53116	-0.599235	-0.598987	4.11786
			*CONTROL_ROT_SAMPLE 4416	0.532262	-0.598745	-0.5985	4.11958
			*CONTROL_ROT_SAMPLE 4608	0.533398	-0.598237	-0.597995	4.12135
			*CONTROL_ROT_SAMPLE 4800	0.534571	-0.597712	-0.597473	4.12318
			*CONTROL_ROT_SAMPLE 4992	0.53575	-0.597183	-0.596946	4.12501
			*CONTROL_ROT_SAMPLE 5184	0.53575	-0.597183	-0.596946	4.12501
			*CONTROL_ROT_SAMPLE 5376	0.53575	-0.597183	-0.596946	4.12501
			*CONTROL_ROT_SAMPLE 5568	0.53575	-0.597183	-0.596946	4.12501
			*CONTROL_ROT_SAMPLE 5760	0.53575	-0.597183	-0.596946	4.12501
		}
	}
}
*HELPEROBJECT {
	*NODE_NAME "Bip01 R Thigh"
	*NODE_PARENT "Bip01 Pelvis"
	*NODE_TM {
		*NODE_NAME "Bip01 R Thigh"
		*TM_ROW0 -0.247611	0.139581	-0.958752
		*TM_ROW1 -0.694774	-0.715275	0.0753008
		*TM_ROW2 -0.675261	0.684762	0.274088
		*TM_ROW3 -2.63198	-118.047	94.1914
		*TM_POS -2.63198	-118.047	94.1914
		*TM_ROTAXIS 0.56883	-0.264592	-0.778732
		*TM_ROTANGLE 2.57624
		*TM_SCALE 1	1	1
		*TM_SCALEAXIS 0	0	0
		*TM_SCALEAXISANG 0	0	0
	}
	*TM_ANIMATION {
		*NODE_NAME "Bip01 R Thigh"
		*CONTROL_POS_TRACK {
			*CONTROL_POS_SAMPLE 192	-2.63198	16.3133	94.1007
			*CONTROL_POS_SAMPLE 384	-2.641	13.4998	92.1225
			*CONTROL_POS_SAMPLE 576	-2.64067	7.44391	91.2445
			*CONTROL_POS_SAMPLE 768	-2.64133	3.36943	90.9659
			*CONTROL_POS_SAMPLE 960	-2.6417	-0.495193	91.0305
			*CONTROL_POS_SAMPLE 1152	-2.64184	-4.24938	90.8222
			*CONTROL_POS_SAMPLE 1344	-2.64178	-7.99259	90.1625
			*CONTROL_POS_SAMPLE 1536	-2.64157	-11.8243	89.34
			*CONTROL_POS_SAMPLE 1728	-2.64123	-15.8438	88.4391
			*CONTROL_POS_SAMPLE 1920	-2.64083	-20.1507	87.5445
			*CONTROL_POS_SAMPLE 2112	-2.64038	-24.8444	86.7405
			*CONTROL_POS_SAMPLE 2304	-2.63994	-30.0242	86.1117
			*CONTROL_POS_SAMPLE 2496	-2.63946	-35.5948	85.7423
			*CONTROL_POS_SAMPLE 2688	-2.63887	-41.3774	86.0135
			*CONTROL_POS_SAMPLE 2880	-2.6382	-47.3466	86.9062
			*CONTROL_POS_SAMPLE 3072	-2.63746	-53.4769	87.9058
			*CONTROL_POS_SAMPLE 3264	-2.63669	-59.743	88.4971
			*CONTROL_POS_SAMPLE 3456	-2.63588	-66.1193	88.5078
			*CONTROL_POS_SAMPLE 3648	-2.63508	-72.5804	88.238
			*CONTROL_POS_SAMPLE 3840	-2.63429	-79.1009	87.8813
			*CONTROL_POS_SAMPLE 4032	-2.63353	-85.6553	87.6316
			*CONTROL_POS_SAMPLE 4224	-2.63282	-92.2184	87.6826
			*CONTROL_POS_SAMPLE 4416	-2.63218	-98.7644	88.0404
			*CONTROL_POS_SAMPLE 4608	-2.63187	-105.268	88.576
			*CONTROL_POS_SAMPLE 4800	-2.63191	-111.704	89.28
			*CONTROL_POS_SAMPLE 4992	-2.63198	-118.047	90.1432
			*CONTROL_POS_SAMPLE 5184	-2.63198	-118.047	91.1561
			*CONTROL_POS_SAMPLE 5376	-2.63198	-118.047	94.1914
			*CONTROL_POS_SAMPLE 5568	-2.63198	-118.047	94.1914
			*CONTROL_POS_SAMPLE 5760	-2.63198	-118.047	94.1914
		}
		*CONTROL_ROT_TRACK {
			*CONTROL_ROT_SAMPLE 192	0.53862	-0.327605	-0.776249	2.46098
			*CONTROL_ROT_SAMPLE 384	0.474737	-0.378193	-0.794729	2.64411
			*CONTROL_ROT_SAMPLE 576	0.432914	-0.42992	-0.792309	2.81848
			*CONTROL_ROT_SAMPLE 768	0.415867	-0.480959	-0.771838	2.96225
			*CONTROL_ROT_SAMPLE 960	0.417615	-0.51288	-0.750035	3.04059
			*CONTROL_ROT_SAMPLE 1152	0.423677	-0.543333	-0.724767	3.11032
			*CONTROL_ROT_SAMPLE 1344	0.432129	-0.571473	-0.697627	3.17162
			*CONTROL_ROT_SAMPLE 1536	0.444219	-0.594461	-0.670288	3.21829
			*CONTROL_ROT_SAMPLE 1728	0.459834	-0.610769	-0.644604	3.24989
			*CONTROL_ROT_SAMPLE 1920	0.478615	-0.619535	-0.622177	3.26841
			*CONTROL_ROT_SAMPLE 2112	0.520587	-0.596299	-0.611078	3.21093
			*CONTROL_ROT_SAMPLE 2304	0.556643	-0.562312	-0.611518	3.13114
			*CONTROL_ROT_SAMPLE 2496	0.538258	-0.565553	-0.624843	3.14241
			*CONTROL_ROT_SAMPLE 2688	0.519189	-0.563969	-0.642169	3.14501
			*CONTROL_ROT_SAMPLE 2880	0.509001	-0.549832	-0.662271	3.12587
			*CONTROL_ROT_SAMPLE 3072	0.506249	-0.526114	-0.683312	3.09346
			*CONTROL_ROT_SAMPLE 3264	0.504149	-0.499448	-0.704546	3.05957
			*CONTROL_ROT_SAMPLE 3456	0.501628	-0.47109	-0.725564	3.02669
			*CONTROL_ROT_SAMPLE 3648	0.500744	-0.43938	-0.745788	2.98828
			*CONTROL_ROT_SAMPLE 3840	0.50229	-0.404082	-0.764475	2.94051
			*CONTROL_ROT_SAMPLE 4032	0.506722	-0.365437	-0.780826	2.88008
			*CONTROL_ROT_SAMPLE 4224	0.516639	-0.319186	-0.794483	2.79753
			*CONTROL_ROT_SAMPLE 4416	0.524906	-0.282457	-0.802927	2.73307
			*CONTROL_ROT_SAMPLE 4608	0.503641	-0.317387	-0.803499	2.82568
			*CONTROL_ROT_SAMPLE 4800	0.49618	-0.338006	-0.799723	2.85532
			*CONTROL_ROT_SAMPLE 4992	0.498309	-0.341339	-0.79698	2.83669
			*CONTROL_ROT_SAMPLE 5184	0.535102	-0.300527	-0.789525	2.69581
			*CONTROL_ROT_SAMPLE 5376	0.56883	-0.264592	-0.778732	2.57624
			*CONTROL_ROT_SAMPLE 5568	0.56883	-0.264592	-0.778732	2.57624
			*CONTROL_ROT_SAMPLE 5760	0.56883	-0.264592	-0.778732	2.57624
		}
	}
}
*HELPEROBJECT {
	*NODE_NAME "Bip01 R Calf"
	*NODE_PARENT "Bip01 R Thigh"
	*NODE_TM {
		*NODE_NAME "Bip01 R Calf"
		*TM_ROW0 -0.0066755	0.365916	-0.930624
		*TM_ROW1 -0.737549	-0.630244	-0.242517
		*TM_ROW2 -0.675261	0.684762	0.274088
		*TM_ROW3 -12.3742	-112.556	56.4695
