*3DSMAX_ASCIIEXPORT	110
*COMMENT "This file is part of Gothic Free Aim Copyright (C) 2016-2018  mud-freak (@szapp)"
*COMMENT "<http://github.com/szapp/GothicFreeAim>"
*COMMENT "Animations: first iteration"
*SCENE {
	*SCENE_FILENAME "cbowIK_T2_frontRight.max"
	*SCENE_FIRSTFRAME 1
	*SCENE_LASTFRAME 26
	*SCENE_FRAMESPEED 25
	*SCENE_TICKSPERFRAME 192
	*SCENE_BACKGROUND_STATIC 0	0	0
	*SCENE_AMBIENT_STATIC 0.2	0.2	0.2
}
*HELPEROBJECT {
	*NODE_NAME "Bip01"
	*NODE_TM {
		*NODE_NAME "Bip01"
		*TM_ROW0 -0.223483	-0.973914	-0.0393292
		*TM_ROW1 0.974662	-0.222899	-0.0187185
		*TM_ROW2 0.00946376	-0.0425159	0.999051
		*TM_ROW3 -81.4869	-93.0438	54.9672
		*TM_POS -81.4869	-93.0438	54.9672
		*TM_ROTAXIS -0.012208	-0.0250306	0.999612
		*TM_ROTANGLE 1.79637
		*TM_SCALE 1	1	1
		*TM_SCALEAXIS 0	0	0
		*TM_SCALEAXISANG 0	0	0
	}
	*TM_ANIMATION {
		*NODE_NAME "Bip01"
		*CONTROL_POS_TRACK {
			*CONTROL_POS_SAMPLE 192	-5.90683	6.57655	48.4179
			*CONTROL_POS_SAMPLE 384	-5.94801	2.28829	52.2249
			*CONTROL_POS_SAMPLE 576	-5.98919	-1.99998	54.9119
			*CONTROL_POS_SAMPLE 768	-10.2747	-7.29113	54.2373
			*CONTROL_POS_SAMPLE 960	-14.5602	-12.5823	52.4464
			*CONTROL_POS_SAMPLE 1152	-18.8458	-17.8734	50.9756
			*CONTROL_POS_SAMPLE 1344	-23.1313	-23.1646	49.3422
			*CONTROL_POS_SAMPLE 1536	-27.4168	-28.4557	48.0394
			*CONTROL_POS_SAMPLE 1728	-31.7024	-33.7469	47.5602
			*CONTROL_POS_SAMPLE 1920	-36.0983	-37.2349	47.9207
			*CONTROL_POS_SAMPLE 2112	-40.4942	-40.723	48.7044
			*CONTROL_POS_SAMPLE 2304	-44.8901	-44.211	49.7553
			*CONTROL_POS_SAMPLE 2496	-49.286	-47.6991	50.9175
			*CONTROL_POS_SAMPLE 2688	-53.6819	-51.1871	52.0351
			*CONTROL_POS_SAMPLE 2880	-58.0778	-54.6752	52.9522
			*CONTROL_POS_SAMPLE 3072	-62.4737	-58.1632	53.5129
			*CONTROL_POS_SAMPLE 3264	-64.3751	-61.6513	53.5995
			*CONTROL_POS_SAMPLE 3456	-66.2764	-65.1393	53.3126
			*CONTROL_POS_SAMPLE 3648	-68.1777	-68.6274	52.8235
			*CONTROL_POS_SAMPLE 3840	-70.079	-72.1155	52.3036
			*CONTROL_POS_SAMPLE 4032	-71.9803	-75.6035	51.9242
			*CONTROL_POS_SAMPLE 4224	-73.8817	-79.0916	51.8566
			*CONTROL_POS_SAMPLE 4416	-75.783	-82.5796	52.2786
			*CONTROL_POS_SAMPLE 4608	-77.6843	-86.0677	53.0958
			*CONTROL_POS_SAMPLE 4800	-79.5856	-89.5557	54.071
			*CONTROL_POS_SAMPLE 4992	-81.4869	-93.0438	54.9672
		}
		*CONTROL_ROT_TRACK {
			*CONTROL_ROT_SAMPLE 192	-0.012208	-0.0250306	0.999612	1.79637
			*CONTROL_ROT_SAMPLE 384	-0.012208	-0.0250306	0.999612	1.79637
			*CONTROL_ROT_SAMPLE 576	-0.012208	-0.0250306	0.999612	1.79637
			*CONTROL_ROT_SAMPLE 768	-0.012208	-0.0250306	0.999612	1.79637
			*CONTROL_ROT_SAMPLE 960	-0.012208	-0.0250306	0.999612	1.79637
			*CONTROL_ROT_SAMPLE 1152	-0.012208	-0.0250306	0.999612	1.79637
			*CONTROL_ROT_SAMPLE 1344	-0.012208	-0.0250306	0.999612	1.79637
			*CONTROL_ROT_SAMPLE 1536	-0.012208	-0.0250306	0.999612	1.79637
			*CONTROL_ROT_SAMPLE 1728	-0.012208	-0.0250306	0.999612	1.79637
			*CONTROL_ROT_SAMPLE 1920	-0.012208	-0.0250306	0.999612	1.79637
			*CONTROL_ROT_SAMPLE 2112	-0.012208	-0.0250306	0.999612	1.79637
			*CONTROL_ROT_SAMPLE 2304	-0.012208	-0.0250306	0.999612	1.79637
			*CONTROL_ROT_SAMPLE 2496	-0.012208	-0.0250306	0.999612	1.79637
			*CONTROL_ROT_SAMPLE 2688	-0.012208	-0.0250306	0.999612	1.79637
			*CONTROL_ROT_SAMPLE 2880	-0.012208	-0.0250306	0.999612	1.79637
			*CONTROL_ROT_SAMPLE 3072	-0.012208	-0.0250306	0.999612	1.79637
			*CONTROL_ROT_SAMPLE 3264	-0.012208	-0.0250306	0.999612	1.79637
			*CONTROL_ROT_SAMPLE 3456	-0.012208	-0.0250306	0.999612	1.79637
			*CONTROL_ROT_SAMPLE 3648	-0.012208	-0.0250306	0.999612	1.79637
			*CONTROL_ROT_SAMPLE 3840	-0.012208	-0.0250306	0.999612	1.79637
			*CONTROL_ROT_SAMPLE 4032	-0.012208	-0.0250306	0.999612	1.79637
			*CONTROL_ROT_SAMPLE 4224	-0.012208	-0.0250306	0.999612	1.79637
			*CONTROL_ROT_SAMPLE 4416	-0.012208	-0.0250306	0.999612	1.79637
			*CONTROL_ROT_SAMPLE 4608	-0.012208	-0.0250306	0.999612	1.79637
			*CONTROL_ROT_SAMPLE 4800	-0.012208	-0.0250306	0.999612	1.79637
			*CONTROL_ROT_SAMPLE 4992	-0.012208	-0.0250306	0.999612	1.79637
		}
	}
}
*HELPEROBJECT {
	*NODE_NAME "Bip01 Footsteps"
	*NODE_PARENT "Bip01"
	*NODE_TM {
		*NODE_NAME "Bip01 Footsteps"
		*TM_ROW0 1	0	0
		*TM_ROW1 0	1	0
		*TM_ROW2 0	0	1
		*TM_ROW3 -81.4869	-93.0438	-3.32372
		*TM_POS -81.4869	-93.0438	-3.32372
		*TM_ROTAXIS 0	0	0
		*TM_ROTANGLE 0
		*TM_SCALE 1	1	1
		*TM_SCALEAXIS 0	0	0
		*TM_SCALEAXISANG 0	0	0
	}
}
*HELPEROBJECT {
	*NODE_NAME "Bip01 Pelvis"
	*NODE_PARENT "Bip01"
	*NODE_TM {
		*NODE_NAME "Bip01 Pelvis"
		*TM_ROW0 -0.244782	0.0170215	0.969429
		*TM_ROW1 -0.223482	-0.973914	-0.0393292
		*TM_ROW2 0.943471	-0.226277	0.242201
		*TM_ROW3 -81.7589	-91.8734	55.0196
		*TM_POS -81.7589	-91.8734	55.0196
		*TM_ROTAXIS -0.611498	0.0849064	-0.786677
		*TM_ROTANGLE 2.98813
		*TM_SCALE 1	1	1
		*TM_SCALEAXIS 0	0	0
		*TM_SCALEAXISANG 0	0	0
	}
	*TM_ANIMATION {
		*NODE_NAME "Bip01 Pelvis"
		*CONTROL_POS_TRACK {
			*CONTROL_POS_SAMPLE 192	-6.17885	7.74694	48.4703
			*CONTROL_POS_SAMPLE 384	-6.22003	3.45867	52.2773
			*CONTROL_POS_SAMPLE 576	-6.26121	-0.829594	54.9643
			*CONTROL_POS_SAMPLE 768	-10.5467	-6.12074	54.2897
			*CONTROL_POS_SAMPLE 960	-14.8323	-11.4119	52.4988
			*CONTROL_POS_SAMPLE 1152	-19.1178	-16.703	51.028
			*CONTROL_POS_SAMPLE 1344	-23.4033	-21.9942	49.3946
			*CONTROL_POS_SAMPLE 1536	-27.6889	-27.2853	48.0918
			*CONTROL_POS_SAMPLE 1728	-31.9744	-32.5765	47.6126
			*CONTROL_POS_SAMPLE 1920	-36.3703	-36.0645	47.9731
			*CONTROL_POS_SAMPLE 2112	-40.7662	-39.5526	48.7567
			*CONTROL_POS_SAMPLE 2304	-45.1621	-43.0406	49.8076
			*CONTROL_POS_SAMPLE 2496	-49.558	-46.5287	50.9699
			*CONTROL_POS_SAMPLE 2688	-53.9539	-50.0168	52.0875
			*CONTROL_POS_SAMPLE 2880	-58.3499	-53.5048	53.0046
			*CONTROL_POS_SAMPLE 3072	-62.7458	-56.9929	53.5653
			*CONTROL_POS_SAMPLE 3264	-64.6471	-60.4809	53.6519
			*CONTROL_POS_SAMPLE 3456	-66.5484	-63.969	53.365
			*CONTROL_POS_SAMPLE 3648	-68.4497	-67.457	52.8759
			*CONTROL_POS_SAMPLE 3840	-70.351	-70.9451	52.356
			*CONTROL_POS_SAMPLE 4032	-72.2523	-74.4331	51.9766
			*CONTROL_POS_SAMPLE 4224	-74.1537	-77.9212	51.909
			*CONTROL_POS_SAMPLE 4416	-76.055	-81.4092	52.331
			*CONTROL_POS_SAMPLE 4608	-77.9563	-84.8973	53.1482
			*CONTROL_POS_SAMPLE 4800	-79.8576	-88.3854	54.1234
			*CONTROL_POS_SAMPLE 4992	-81.7589	-91.8734	55.0196
		}
		*CONTROL_ROT_TRACK {
			*CONTROL_ROT_SAMPLE 192	-0.611498	0.0849064	-0.786677	2.98813
			*CONTROL_ROT_SAMPLE 384	-0.611498	0.0849064	-0.786677	2.98813
			*CONTROL_ROT_SAMPLE 576	-0.611498	0.0849064	-0.786677	2.98813
			*CONTROL_ROT_SAMPLE 768	-0.611498	0.0849064	-0.786677	2.98813
			*CONTROL_ROT_SAMPLE 960	-0.611498	0.0849064	-0.786677	2.98813
			*CONTROL_ROT_SAMPLE 1152	-0.611498	0.0849064	-0.786677	2.98813
			*CONTROL_ROT_SAMPLE 1344	-0.611498	0.0849064	-0.786677	2.98813
			*CONTROL_ROT_SAMPLE 1536	-0.611498	0.0849064	-0.786677	2.98813
			*CONTROL_ROT_SAMPLE 1728	-0.611498	0.0849064	-0.786677	2.98813
			*CONTROL_ROT_SAMPLE 1920	-0.611498	0.0849064	-0.786677	2.98813
			*CONTROL_ROT_SAMPLE 2112	-0.611498	0.0849064	-0.786677	2.98813
			*CONTROL_ROT_SAMPLE 2304	-0.611498	0.0849064	-0.786677	2.98813
			*CONTROL_ROT_SAMPLE 2496	-0.611498	0.0849064	-0.786677	2.98813
			*CONTROL_ROT_SAMPLE 2688	-0.611498	0.0849064	-0.786677	2.98813
			*CONTROL_ROT_SAMPLE 2880	-0.611498	0.0849064	-0.786677	2.98813
			*CONTROL_ROT_SAMPLE 3072	-0.611498	0.0849064	-0.786677	2.98813
			*CONTROL_ROT_SAMPLE 3264	-0.611498	0.0849064	-0.786677	2.98813
			*CONTROL_ROT_SAMPLE 3456	-0.611498	0.0849064	-0.786677	2.98813
			*CONTROL_ROT_SAMPLE 3648	-0.611498	0.0849064	-0.786677	2.98813
			*CONTROL_ROT_SAMPLE 3840	-0.611498	0.0849064	-0.786677	2.98813
			*CONTROL_ROT_SAMPLE 4032	-0.611498	0.0849064	-0.786677	2.98813
			*CONTROL_ROT_SAMPLE 4224	-0.611498	0.0849064	-0.786677	2.98813
			*CONTROL_ROT_SAMPLE 4416	-0.611498	0.0849064	-0.786677	2.98813
			*CONTROL_ROT_SAMPLE 4608	-0.611498	0.0849064	-0.786677	2.98813
			*CONTROL_ROT_SAMPLE 4800	-0.611498	0.0849064	-0.786677	2.98813
			*CONTROL_ROT_SAMPLE 4992	-0.611498	0.0849064	-0.786677	2.98813
		}
	}
}
*HELPEROBJECT {
	*NODE_NAME "Bip01 Spine"
	*NODE_PARENT "Bip01 Pelvis"
	*NODE_TM {
		*NODE_NAME "Bip01 Spine"
		*TM_ROW0 0.0615986	0.0199475	0.997902
		*TM_ROW1 -0.58775	-0.807343	0.052419
		*TM_ROW2 0.806694	-0.589745	-0.038007
		*TM_ROW3 -81.7135	-91.89	57.4205
		*TM_POS -81.7135	-91.89	57.4205
		*TM_ROTAXIS -0.709918	0.211381	-0.671814
		*TM_ROTANGLE 2.67227
		*TM_SCALE 1	1	1
		*TM_SCALEAXIS 0	0	0
		*TM_SCALEAXISANG 0	0	0
	}
}
*HELPEROBJECT {
	*NODE_NAME "Bip01 Spine1"
	*NODE_PARENT "Bip01 Spine"
	*NODE_TM {
		*NODE_NAME "Bip01 Spine1"
		*TM_ROW0 0.0362388	-0.0686068	0.996985
		*TM_ROW1 -0.769827	-0.638054	-0.0159252
		*TM_ROW2 0.637223	-0.766929	-0.0759376
		*TM_ROW3 -81.1003	-91.6874	67.2272
		*TM_POS -81.1003	-91.6874	67.2272
		*TM_ROTAXIS -0.689853	0.330468	-0.644123
		*TM_ROTANGLE 2.56601
		*TM_SCALE 1	1	1
		*TM_SCALEAXIS 0	0	0
		*TM_SCALEAXISANG 0	0	0
	}
}
*HELPEROBJECT {
	*NODE_NAME "Bip01 Spine2"
	*NODE_PARENT "Bip01 Spine1"
	*NODE_TM {
		*NODE_NAME "Bip01 Spine2"
		*TM_ROW0 -0.0121297	-0.182261	0.983175
		*TM_ROW1 -0.92638	-0.368069	-0.0796618
		*TM_ROW2 0.376396	-0.91176	-0.164379
		*TM_ROW3 -80.6147	-92.5561	79.9803
		*TM_POS -80.6147	-92.5561	79.9803
		*TM_ROTAXIS -0.654915	0.477575	-0.585669
		*TM_ROTANGLE 2.45323
		*TM_SCALE 1	1	1
		*TM_SCALEAXIS 0	0	0
		*TM_SCALEAXISANG 0	0	0
	}
}
*HELPEROBJECT {
	*NODE_NAME "Bip01 Neck"
	*NODE_PARENT "Bip01 Spine2"
	*NODE_TM {
		*NODE_NAME "Bip01 Neck"
		*TM_ROW0 -0.39014	-0.0816202	0.917131
		*TM_ROW1 -0.451599	-0.851068	-0.267847
		*TM_ROW2 0.802402	-0.518673	0.295176
		*TM_ROW3 -80.9759	-98.0164	109.461
		*TM_POS -80.9759	-98.0164	109.461
		*TM_ROTAXIS -0.543529	0.248612	-0.801728
		*TM_ROTANGLE 2.90876
		*TM_SCALE 1	1	1
		*TM_SCALEAXIS 0	0	0
		*TM_SCALEAXISANG 0	0	0
	}
}
*HELPEROBJECT {
	*NODE_NAME "Bip01 Head"
	*NODE_PARENT "Bip01 Neck"
	*NODE_TM {
		*NODE_NAME "Bip01 Head"
		*TM_ROW0 -0.445847	0.0435763	0.894048
		*TM_ROW1 0.0163127	-0.998253	0.0567902
		*TM_ROW2 0.894961	0.0399041	0.444357
		*TM_ROW3 -83.6442	-98.5746	115.734
		*TM_POS -83.6442	-98.5746	115.734
		*TM_ROTAXIS -0.526336	-0.028448	-0.8498
		*TM_ROTANGLE 3.12555
		*TM_SCALE 1	1	1
		*TM_SCALEAXIS 0	0	0
		*TM_SCALEAXISANG 0	0	0
	}
}
*HELPEROBJECT {
	*NODE_NAME "zs_Helmet"
	*NODE_PARENT "Bip01 Head"
	*NODE_TM {
		*NODE_NAME "zs_Helmet"
		*TM_ROW0 0.894961	0.039905	0.444357
		*TM_ROW1 0.0187171	0.991757	-0.126761
		*TM_ROW2 -0.445752	0.121763	0.886836
		*TM_ROW3 -208.064	-158.333	371.689
		*TM_POS -208.064	-158.333	371.689
		*TM_ROTAXIS 0.26885	0.962909	-0.0229209
		*TM_ROTANGLE 0.480472
		*TM_SCALE 1	1	1
		*TM_SCALEAXIS 0	0	0
		*TM_SCALEAXISANG 0	0	0
	}
}
*HELPEROBJECT {
	*NODE_NAME "Bip01 L Clavicle"
	*NODE_PARENT "Bip01 Neck"
	*NODE_TM {
		*NODE_NAME "Bip01 L Clavicle"
		*TM_ROW0 0.392173	-0.885572	-0.248921
		*TM_ROW1 0.919598	0.384257	0.0817693
		*TM_ROW2 0.0232372	-0.260975	0.965066
		*TM_ROW3 -75.6258	-103.394	103.071
		*TM_POS -75.6258	-103.394	103.071
		*TM_ROTAXIS -0.184523	-0.146521	0.971845
		*TM_ROTANGLE 1.19098
		*TM_SCALE 1	1	1
		*TM_SCALEAXIS 0	0	0
		*TM_SCALEAXISANG 0	0	0
	}
}
*HELPEROBJECT {
	*NODE_NAME "Bip01 L UpperArm"
	*NODE_PARENT "Bip01 L Clavicle"
	*NODE_TM {
		*NODE_NAME "Bip01 L UpperArm"
		*TM_ROW0 -0.512908	-0.737503	-0.439336
		*TM_ROW1 0.445851	0.208483	-0.870489
		*TM_ROW2 0.733582	-0.642359	0.221883
		*TM_ROW3 -70.3997	-115.195	99.7537
		*TM_POS -70.3997	-115.195	99.7537
		*TM_ROTAXIS -0.135655	0.697461	-0.703666
		*TM_ROTANGLE 4.14044
		*TM_SCALE 1	1	1
		*TM_SCALEAXIS 0	0	0
		*TM_SCALEAXISANG 0	0	0
	}
}
*HELPEROBJECT {
	*NODE_NAME "Bip01 L Forearm"
	*NODE_PARENT "Bip01 L UpperArm"
	*NODE_TM {
		*NODE_NAME "Bip01 L Forearm"
		*TM_ROW0 -0.436474	-0.195072	0.878315
		*TM_ROW1 -0.52091	-0.741163	-0.423475
		*TM_ROW2 0.733582	-0.642359	0.221883
		*TM_ROW3 -84.7131	-135.776	87.4935
		*TM_POS -84.7131	-135.776	87.4935
		*TM_ROTAXIS -0.523191	0.345949	-0.778839
		*TM_ROTANGLE 2.93085
		*TM_SCALE 1	1	1
		*TM_SCALEAXIS 0	0	0
		*TM_SCALEAXISANG 0	0	0
	}
}
*HELPEROBJECT {
	*NODE_NAME "Bip01 L Hand"
	*NODE_PARENT "Bip01 L Forearm"
	*NODE_TM {
		*NODE_NAME "Bip01 L Hand"
		*TM_ROW0 -0.985851	0.0836732	-0.145248
		*TM_ROW1 -0.126203	0.199785	0.971678
		*TM_ROW2 0.110322	0.97626	-0.186399
		*TM_ROW3 -96.8541	-141.202	111.925
		*TM_POS -96.8541	-141.202	111.925
		*TM_ROTAXIS 0.0138549	-0.772735	-0.634578
		*TM_ROTANGLE 2.97546
		*TM_SCALE 1	1	1
		*TM_SCALEAXIS 0	0	0
		*TM_SCALEAXISANG 0	0	0
	}
}
*HELPEROBJECT {
	*NODE_NAME "Bip01 L Finger0"
	*NODE_PARENT "Bip01 L Hand"
	*NODE_TM {
		*NODE_NAME "Bip01 L Finger0"
		*TM_ROW0 -0.98585	0.0836757	-0.145251
		*TM_ROW1 -0.12629	0.199039	0.97182
		*TM_ROW2 0.110228	0.976413	-0.185655
		*TM_ROW3 -109.542	-140.126	110.056
		*TM_POS -109.542	-140.126	110.056
		*TM_ROTAXIS 0.0138868	-0.772492	-0.634873
		*TM_ROTANGLE 2.97547
		*TM_SCALE 1	1	1
		*TM_SCALEAXIS 0	0	0
		*TM_SCALEAXISANG 0	0	0
	}
}
*HELPEROBJECT {
	*NODE_NAME "zs_LeftHand"
	*NODE_PARENT "Bip01 L Hand"
	*NODE_TM {
		*NODE_NAME "zs_LeftHand"
		*TM_ROW0 0.024375	0.998895	-0.0401841
		*TM_ROW1 0.0675175	-0.0417492	-0.996844
		*TM_ROW2 -0.99742	0.0215849	-0.0684605
		*TM_ROW3 -222.003	-278.846	308.131
		*TM_POS -222.003	-278.846	308.131
		*TM_ROTAXIS -0.606362	-0.569929	0.554533
		*TM_ROTANGLE 4.13848
		*TM_SCALE 1	1	1
		*TM_SCALEAXIS 0	0	0
		*TM_SCALEAXISANG 0	0	0
	}
}
*HELPEROBJECT {
	*NODE_NAME "zs_LeftArm"
	*NODE_PARENT "Bip01 L Forearm"
	*NODE_TM {
		*NODE_NAME "zs_LeftArm"
		*TM_ROW0 -0.536218	-0.270946	0.799411
		*TM_ROW1 -0.405677	-0.7478	-0.525568
		*TM_ROW2 0.7402	-0.606122	0.291067
		*TM_ROW3 -71.3829	-88.5992	403.141
		*TM_POS -71.3829	-88.5992	403.141
		*TM_ROTAXIS -0.48014	0.352927	-0.803062
		*TM_ROTANGLE 3.05761
		*TM_SCALE 1	1	1
		*TM_SCALEAXIS 0	0	0
		*TM_SCALEAXISANG 0	0	0
	}
}
*HELPEROBJECT {
	*NODE_NAME "Bip01 R Clavicle"
	*NODE_PARENT "Bip01 Neck"
	*NODE_TM {
		*NODE_NAME "Bip01 R Clavicle"
		*TM_ROW0 -0.874707	0.475434	-0.0940753
		*TM_ROW1 0.456922	0.873692	0.166988
		*TM_ROW2 0.161585	0.103081	-0.981461
		*TM_ROW3 -81.6211	-88.8718	105.689
		*TM_POS -81.6211	-88.8718	105.689
		*TM_ROTAXIS -0.241913	-0.967764	-0.0700733
		*TM_ROTANGLE 3.00912
		*TM_SCALE 1	1	1
		*TM_SCALEAXIS 0	0	0
		*TM_SCALEAXISANG 0	0	0
	}
}
*HELPEROBJECT {
	*NODE_NAME "Bip01 R UpperArm"
	*NODE_PARENT "Bip01 R Clavicle"
	*NODE_TM {
		*NODE_NAME "Bip01 R UpperArm"
		*TM_ROW0 -0.916774	-0.33527	-0.217069
		*TM_ROW1 -0.289976	0.932453	-0.215514
		*TM_ROW2 0.274662	-0.134633	-0.952069
		*TM_ROW3 -93.2775	-82.5362	104.435
		*TM_POS -93.2775	-82.5362	104.435
		*TM_ROTAXIS 0.161635	-0.98269	0.0905183
		*TM_ROTANGLE 2.88871
		*TM_SCALE 1	1	1
		*TM_SCALEAXIS 0	0	0
		*TM_SCALEAXISANG 0	0	0
	}
}
*HELPEROBJECT {
	*NODE_NAME "Bip01 R Forearm"
	*NODE_PARENT "Bip01 R UpperArm"
	*NODE_TM {
		*NODE_NAME "Bip01 R Forearm"
		*TM_ROW0 0.483406	-0.836587	0.25776
		*TM_ROW1 -0.831192	-0.531033	-0.164696
		*TM_ROW2 0.274662	-0.134633	-0.952069
		*TM_ROW3 -118.861	-91.8923	98.3778
		*TM_POS -118.861	-91.8923	98.3778
		*TM_ROTAXIS -0.86121	0.484175	-0.154568
		*TM_ROTANGLE 3.15905
		*TM_SCALE 1	1	1
		*TM_SCALEAXIS 0	0	0
		*TM_SCALEAXISANG 0	0	0
	}
}
*HELPEROBJECT {
	*NODE_NAME "Bip01 R Hand"
	*NODE_PARENT "Bip01 R Forearm"
	*NODE_TM {
		*NODE_NAME "Bip01 R Hand"
		*TM_ROW0 0.755101	-0.626242	0.194021
		*TM_ROW1 -0.132232	0.144381	0.980647
		*TM_ROW2 -0.642135	-0.766143	0.0262131
		*TM_ROW3 -105.415	-115.163	105.548
		*TM_POS -105.415	-115.163	105.548
		*TM_ROTAXIS -0.873998	0.418367	0.247176
		*TM_ROTANGLE 1.60796
		*TM_SCALE 1	1	1
		*TM_SCALEAXIS 0	0	0
		*TM_SCALEAXISANG 0	0	0
	}
}
*HELPEROBJECT {
	*NODE_NAME "Bip01 R Finger0"
	*NODE_PARENT "Bip01 R Hand"
	*NODE_TM {
		*NODE_NAME "Bip01 R Finger0"
		*TM_ROW0 0.7551	-0.626243	0.194021
		*TM_ROW1 -0.132722	0.143796	0.980667
		*TM_ROW2 -0.642035	-0.766252	0.0254636
		*TM_ROW3 -95.6966	-123.223	108.045
		*TM_POS -95.6966	-123.223	108.045
		*TM_ROTAXIS -0.874085	0.418327	0.246937
		*TM_ROTANGLE 1.60863
		*TM_SCALE 1	1	1
		*TM_SCALEAXIS 0	0	0
		*TM_SCALEAXISANG 0	0	0
	}
}
*HELPEROBJECT {
	*NODE_NAME "zs_RightHand"
	*NODE_PARENT "Bip01 R Hand"
	*NODE_TM {
		*NODE_NAME "zs_RightHand"
		*TM_ROW0 0.0365619	0.998993	0.0260055
		*TM_ROW1 -0.993092	0.0392247	-0.110586
		*TM_ROW2 -0.111495	-0.0217826	0.993526
		*TM_ROW3 -32.8712	-182.69	180.293
		*TM_POS -32.8712	-182.69	180.293
		*TM_ROTAXIS 0.0444283	0.0687914	-0.996641
		*TM_ROTANGLE 1.53613
		*TM_SCALE 1	1	1
		*TM_SCALEAXIS 0	0	0
		*TM_SCALEAXISANG 0	0	0
	}
}
*HELPEROBJECT {
	*NODE_NAME "zs_Crossbow"
	*NODE_PARENT "Bip01 Spine2"
	*NODE_TM {
		*NODE_NAME "zs_Crossbow"
		*TM_ROW0 -0.256691	0.141333	0.956104
		*TM_ROW1 -0.301124	0.928315	-0.21807
		*TM_ROW2 -0.918387	-0.343883	-0.195731
		*TM_ROW3 187.613	120.589	1514.91
		*TM_POS 187.613	120.589	1514.91
		*TM_ROTAXIS -0.0651843	0.971185	-0.22924
		*TM_ROTANGLE 1.83595
		*TM_SCALE 1	1	1
		*TM_SCALEAXIS 0	0	0
		*TM_SCALEAXISANG 0	0	0
	}
}
*HELPEROBJECT {
	*NODE_NAME "zs_Longsword"
	*NODE_PARENT "Bip01 Spine2"
	*NODE_TM {
		*NODE_NAME "zs_Longsword"
		*TM_ROW0 -0.425396	0.214058	0.879328
		*TM_ROW1 -0.162262	0.937841	-0.3068
		*TM_ROW2 -0.890343	-0.273193	-0.36422
		*TM_ROW3 -35.5162	179.504	1194.01
		*TM_POS -35.5162	179.504	1194.01
		*TM_ROTAXIS 0.0185721	0.97796	-0.207963
		*TM_ROTANGLE 2.01074
		*TM_SCALE 1	1	1
		*TM_SCALEAXIS 0	0	0
		*TM_SCALEAXISANG 0	0	0
	}
}
*HELPEROBJECT {
	*NODE_NAME "zs_Shield"
	*NODE_PARENT "Bip01 Spine2"
	*NODE_TM {
		*NODE_NAME "zs_Shield"
		*TM_ROW0 0.276303	0.294224	-0.914926
		*TM_ROW1 0.02342	0.949642	0.312461
		*TM_ROW2 0.960785	-0.107762	0.255498
		*TM_ROW3 377.315	-175.908	374.627
		*TM_POS 377.315	-175.908	374.627
		*TM_ROTAXIS -0.216477	-0.966269	-0.139504
		*TM_ROTANGLE 1.32769
		*TM_SCALE 1	1	1
		*TM_SCALEAXIS 0	0	0
		*TM_SCALEAXISANG 0	0	0
	}
}
*HELPEROBJECT {
	*NODE_NAME "zs_Bow"
	*NODE_PARENT "Bip01 Spine2"
	*NODE_TM {
		*NODE_NAME "zs_Bow"
		*TM_ROW0 -0.374991	0.0532368	0.925499
		*TM_ROW1 0.89189	0.292979	0.344521
		*TM_ROW2 -0.252811	0.954636	-0.157346
		*TM_ROW3 408.475	72.0886	217.118
		*TM_POS 408.475	72.0886	217.118
		*TM_ROTAXIS -0.38868	-0.750654	-0.534273
		*TM_ROTANGLE 4.04406
		*TM_SCALE 1	1	1
		*TM_SCALEAXIS 0	0	0
		*TM_SCALEAXISANG 0	0	0
	}
}
*HELPEROBJECT {
	*NODE_NAME "zs_Sword"
	*NODE_PARENT "Bip01 Spine"
	*NODE_TM {
		*NODE_NAME "zs_Sword"
		*TM_ROW0 -0.134461	-0.245788	0.959952
		*TM_ROW1 0.575473	0.769274	0.277573
		*TM_ROW2 -0.806691	0.58975	0.0380072
		*TM_ROW3 216.963	-216.305	80.2992
		*TM_POS 216.963	-216.305	80.2992
		*TM_ROTAXIS 0.15822	0.895384	0.416238
		*TM_ROTANGLE 1.73512
		*TM_SCALE 1	1	1
		*TM_SCALEAXIS 0	0	0
		*TM_SCALEAXISANG 0	0	0
	}
}
*HELPEROBJECT {
	*NODE_NAME "Bip01 L Thigh"
	*NODE_PARENT "Bip01 Pelvis"
	*NODE_TM {
		*NODE_NAME "Bip01 L Thigh"
		*TM_ROW0 0.29308	-0.908073	-0.299178
		*TM_ROW1 -0.169018	-0.3572	0.918608
		*TM_ROW2 -0.94103	-0.21866	-0.258169
		*TM_ROW3 -73.2581	-93.9122	57.2019
		*TM_POS -73.2581	-93.9122	57.2019
		*TM_ROTAXIS -0.757917	0.427753	0.492533
		*TM_ROTANGLE 2.29314
		*TM_SCALE 1	1	1
		*TM_SCALEAXIS 0	0	0
		*TM_SCALEAXISANG 0	0	0
	}
	*TM_ANIMATION {
		*NODE_NAME "Bip01 L Thigh"
		*CONTROL_POS_TRACK {
			*CONTROL_POS_SAMPLE 192	2.32203	5.70812	50.6526
			*CONTROL_POS_SAMPLE 384	2.28085	1.41986	54.4595
			*CONTROL_POS_SAMPLE 576	2.23967	-2.86841	57.1465
			*CONTROL_POS_SAMPLE 768	-2.04586	-8.15956	56.4719
			*CONTROL_POS_SAMPLE 960	-6.33139	-13.4507	54.6811
			*CONTROL_POS_SAMPLE 1152	-10.6169	-18.7418	53.2102
			*CONTROL_POS_SAMPLE 1344	-14.9025	-24.033	51.5769
			*CONTROL_POS_SAMPLE 1536	-19.188	-29.3241	50.274
			*CONTROL_POS_SAMPLE 1728	-23.4735	-34.6153	49.7948
			*CONTROL_POS_SAMPLE 1920	-27.8694	-38.1033	50.1553
			*CONTROL_POS_SAMPLE 2112	-32.2653	-41.5914	50.939
			*CONTROL_POS_SAMPLE 2304	-36.6612	-45.0795	51.9899
			*CONTROL_POS_SAMPLE 2496	-41.0572	-48.5675	53.1521
			*CONTROL_POS_SAMPLE 2688	-45.4531	-52.0556	54.2698
			*CONTROL_POS_SAMPLE 2880	-49.849	-55.5436	55.1869
			*CONTROL_POS_SAMPLE 3072	-54.2449	-59.0317	55.7476
			*CONTROL_POS_SAMPLE 3264	-56.1462	-62.5197	55.8342
			*CONTROL_POS_SAMPLE 3456	-58.0475	-66.0078	55.5473
			*CONTROL_POS_SAMPLE 3648	-59.9488	-69.4958	55.0582
			*CONTROL_POS_SAMPLE 3840	-61.8502	-72.9839	54.5383
			*CONTROL_POS_SAMPLE 4032	-63.7515	-76.4719	54.1588
			*CONTROL_POS_SAMPLE 4224	-65.6528	-79.96	54.0912
			*CONTROL_POS_SAMPLE 4416	-67.5541	-83.4481	54.5133
			*CONTROL_POS_SAMPLE 4608	-69.4554	-86.9361	55.3304
			*CONTROL_POS_SAMPLE 4800	-71.3568	-90.4242	56.3057
			*CONTROL_POS_SAMPLE 4992	-73.2581	-93.9122	57.2019
		}
		*CONTROL_ROT_TRACK {
			*CONTROL_ROT_SAMPLE 192	-0.733671	0.481773	0.479188	2.27137
			*CONTROL_ROT_SAMPLE 384	-0.771893	0.386681	0.504637	2.32979
			*CONTROL_ROT_SAMPLE 576	-0.7717	0.340257	0.537313	2.43459
			*CONTROL_ROT_SAMPLE 768	-0.783502	0.320525	0.532342	2.59912
			*CONTROL_ROT_SAMPLE 960	-0.789743	0.304396	0.532587	2.77591
			*CONTROL_ROT_SAMPLE 1152	-0.802475	0.272901	0.530622	2.93548
			*CONTROL_ROT_SAMPLE 1344	-0.828683	0.219742	0.51478	3.07862
			*CONTROL_ROT_SAMPLE 1536	-0.85568	0.156172	0.493378	3.19854
			*CONTROL_ROT_SAMPLE 1728	-0.870543	0.111775	0.479231	3.25955
			*CONTROL_ROT_SAMPLE 1920	-0.864743	0.146894	0.480251	3.17539
			*CONTROL_ROT_SAMPLE 2112	-0.848965	0.201641	0.488466	3.03333
			*CONTROL_ROT_SAMPLE 2304	-0.828912	0.262397	0.494017	2.89932
			*CONTROL_ROT_SAMPLE 2496	-0.810561	0.327228	0.485708	2.7927
			*CONTROL_ROT_SAMPLE 2688	-0.788282	0.393814	0.472782	2.68519
			*CONTROL_ROT_SAMPLE 2880	-0.762227	0.459363	0.456066	2.58055
			*CONTROL_ROT_SAMPLE 3072	-0.73364	0.520382	0.437007	2.48269
			*CONTROL_ROT_SAMPLE 3264	-0.691123	0.57407	0.439081	2.35115
			*CONTROL_ROT_SAMPLE 3456	-0.647283	0.617051	0.447519	2.23668
			*CONTROL_ROT_SAMPLE 3648	0.612407	-0.63162	-0.475409	4.12679
			*CONTROL_ROT_SAMPLE 3840	0.600456	-0.612839	-0.513694	4.15929
			*CONTROL_ROT_SAMPLE 4032	-0.604742	0.585997	0.539347	2.11749
			*CONTROL_ROT_SAMPLE 4224	-0.626263	0.567405	0.534646	2.13378
			*CONTROL_ROT_SAMPLE 4416	-0.661778	0.541018	0.518989	2.1726
			*CONTROL_ROT_SAMPLE 4608	-0.694994	0.506109	0.510723	2.2095
			*CONTROL_ROT_SAMPLE 4800	-0.727674	0.467215	0.502196	2.25017
			*CONTROL_ROT_SAMPLE 4992	-0.757917	0.427753	0.492533	2.29314
		}
	}
}
*HELPEROBJECT {
	*NODE_NAME "Bip01 L Calf"
	*NODE_PARENT "Bip01 L Thigh"
	*NODE_TM {
		*NODE_NAME "Bip01 L Calf"
		*TM_ROW0 0.0448738	0.675673	-0.735835
		*TM_ROW1 0.335335	-0.704027	-0.626016
		*TM_ROW2 -0.94103	-0.21866	-0.258169
		*TM_ROW3 -61.7269	-129.64	45.4308
		*TM_POS -61.7269	-129.64	45.4308
		*TM_ROTAXIS -0.715792	-0.360561	0.598029
		*TM_ROTANGLE 3.43013
		*TM_SCALE 1	1	1
		*TM_SCALEAXIS 0	0	0
		*TM_SCALEAXISANG 0	0	0
	}
	*TM_ANIMATION {
		*NODE_NAME "Bip01 L Calf"
		*CONTROL_POS_TRACK {
			*CONTROL_POS_SAMPLE 192	11.7891	-31.5771	42.394
			*CONTROL_POS_SAMPLE 384	14.7793	-32.8107	39.6247
			*CONTROL_POS_SAMPLE 576	13.5706	-34.7862	37.1246
			*CONTROL_POS_SAMPLE 768	9.09604	-37.3155	32.5177
			*CONTROL_POS_SAMPLE 960	4.38104	-39.235	26.9606
			*CONTROL_POS_SAMPLE 1152	1.00818	-40.0649	22.2554
			*CONTROL_POS_SAMPLE 1344	-0.185456	-39.6224	18.586
			*CONTROL_POS_SAMPLE 1536	-0.900032	-38.7262	16.7305
			*CONTROL_POS_SAMPLE 1728	-3.11763	-40.0267	16.5628
			*CONTROL_POS_SAMPLE 1920	-8.36596	-47.4577	17.29
			*CONTROL_POS_SAMPLE 2112	-14.8309	-57.0992	19.2599
			*CONTROL_POS_SAMPLE 2304	-21.5793	-66.608	22.7141
			*CONTROL_POS_SAMPLE 2496	-27.8891	-75.3433	27.5069
			*CONTROL_POS_SAMPLE 2688	-34.3763	-83.4316	33.273
			*CONTROL_POS_SAMPLE 2880	-40.9487	-90.5314	39.5453
			*CONTROL_POS_SAMPLE 3072	-47.4335	-96.4559	45.6953
			*CONTROL_POS_SAMPLE 3264	-51.8118	-101.389	51.5464
			*CONTROL_POS_SAMPLE 3456	-55.6851	-105.276	56.201
			*CONTROL_POS_SAMPLE 3648	-58.7831	-108.715	57.9824
			*CONTROL_POS_SAMPLE 3840	-60.8812	-112.266	56.544
			*CONTROL_POS_SAMPLE 4032	-62.3363	-115.791	54.3499
			*CONTROL_POS_SAMPLE 4224	-62.9846	-119.192	52.7655
			*CONTROL_POS_SAMPLE 4416	-62.8424	-122.342	50.8963
			*CONTROL_POS_SAMPLE 4608	-62.5774	-125.159	49.0269
			*CONTROL_POS_SAMPLE 4800	-62.1541	-127.577	47.1948
			*CONTROL_POS_SAMPLE 4992	-61.7269	-129.64	45.4308
		}
		*CONTROL_ROT_TRACK {
			*CONTROL_ROT_SAMPLE 192	-0.711293	-0.387072	0.586718	3.51217
			*CONTROL_ROT_SAMPLE 384	-0.685242	-0.427942	0.58933	3.52382
			*CONTROL_ROT_SAMPLE 576	-0.685714	-0.435532	0.583188	3.59847
			*CONTROL_ROT_SAMPLE 768	-0.712516	-0.455865	0.533394	3.67841
			*CONTROL_ROT_SAMPLE 960	-0.738851	-0.471666	0.481279	3.78016
			*CONTROL_ROT_SAMPLE 1152	-0.75727	-0.485537	0.436802	3.85387
			*CONTROL_ROT_SAMPLE 1344	-0.771153	-0.498669	0.395793	3.87734
			*CONTROL_ROT_SAMPLE 1536	-0.784236	-0.501153	0.365813	3.87108
			*CONTROL_ROT_SAMPLE 1728	-0.787331	-0.507181	0.350539	3.86371
			*CONTROL_ROT_SAMPLE 1920	-0.757269	-0.554581	0.344939	3.87031
			*CONTROL_ROT_SAMPLE 2112	-0.710573	-0.607308	0.355335	3.88265
			*CONTROL_ROT_SAMPLE 2304	-0.688215	-0.619031	0.378365	3.8812
			*CONTROL_ROT_SAMPLE 2496	-0.702094	-0.587499	0.402379	3.83594
			*CONTROL_ROT_SAMPLE 2688	-0.720034	-0.546057	0.428219	3.77782
			*CONTROL_ROT_SAMPLE 2880	-0.739678	-0.496201	0.4546	3.70845
			*CONTROL_ROT_SAMPLE 3072	-0.758431	-0.440757	0.48012	3.63086
			*CONTROL_ROT_SAMPLE 3264	-0.759915	-0.378922	0.528155	3.5761
			*CONTROL_ROT_SAMPLE 3456	-0.757379	-0.312348	0.573425	3.5245
			*CONTROL_ROT_SAMPLE 3648	-0.748062	-0.241999	0.617932	3.47751
			*CONTROL_ROT_SAMPLE 3840	-0.733754	-0.186428	0.653338	3.42882
			*CONTROL_ROT_SAMPLE 4032	-0.722042	-0.160838	0.672894	3.38914
			*CONTROL_ROT_SAMPLE 4224	-0.721766	-0.189404	0.665717	3.39892
			*CONTROL_ROT_SAMPLE 4416	-0.724067	-0.244048	0.645111	3.42548
			*CONTROL_ROT_SAMPLE 4608	-0.721826	-0.285547	0.630421	3.43252
			*CONTROL_ROT_SAMPLE 4800	-0.71873	-0.324644	0.614845	3.43334
			*CONTROL_ROT_SAMPLE 4992	-0.715792	-0.360561	0.598029	3.43013
		}
	}
}
*HELPEROBJECT {
	*NODE_NAME "Bip01 L Foot"
	*NODE_PARENT "Bip01 L Calf"
	*NODE_TM {
		*NODE_NAME "Bip01 L Foot"
		*TM_ROW0 0.000567973	-0.000185788	-1
		*TM_ROW1 0.261769	-0.965131	0.00032799
		*TM_ROW2 -0.965131	-0.261769	-0.000499534
		*TM_ROW3 -59.5237	-96.4663	9.30302
		*TM_POS -59.5237	-96.4663	9.30302
		*TM_ROTAXIS -0.704188	-0.0936851	0.703806
		*TM_ROTANGLE 2.9544
		*TM_SCALE 1	1	1
		*TM_SCALEAXIS 0	0	0
		*TM_SCALEAXISANG 0	0	0
	}
	*TM_ANIMATION {
		*NODE_NAME "Bip01 L Foot"
		*CONTROL_POS_TRACK {
			*CONTROL_POS_SAMPLE 192	14.0188	4.97308	9.68774
			*CONTROL_POS_SAMPLE 384	13.6693	5.73782	9.23792
			*CONTROL_POS_SAMPLE 576	13.3127	5.66749	9.3035
			*CONTROL_POS_SAMPLE 768	13.25	5.72906	9.26919
			*CONTROL_POS_SAMPLE 960	13.2815	5.69799	9.28608
			*CONTROL_POS_SAMPLE 1152	13.313	5.66699	9.30303
			*CONTROL_POS_SAMPLE 1344	14.2591	6.29674	8.9233
			*CONTROL_POS_SAMPLE 1536	15.2052	6.92655	8.54362
			*CONTROL_POS_SAMPLE 1728	13.313	5.66701	9.30303
			*CONTROL_POS_SAMPLE 1920	4.16591	-0.177878	13.0295
			*CONTROL_POS_SAMPLE 2112	-7.97395	-8.50327	17.846
			*CONTROL_POS_SAMPLE 2304	-17.4158	-17.7183	20.9694
			*CONTROL_POS_SAMPLE 2496	-22.8186	-26.8871	21.4348
			*CONTROL_POS_SAMPLE 2688	-27.9388	-36.1081	21.8877
			*CONTROL_POS_SAMPLE 2880	-32.8436	-45.324	22.1907
			*CONTROL_POS_SAMPLE 3072	-37.6005	-54.4776	22.2067
			*CONTROL_POS_SAMPLE 3264	-42.2768	-63.5117	21.7983
			*CONTROL_POS_SAMPLE 3456	-46.9397	-72.3689	20.8286
			*CONTROL_POS_SAMPLE 3648	-51.7224	-81.4341	17.7766
			*CONTROL_POS_SAMPLE 3840	-56.1825	-90.021	13.0276
			*CONTROL_POS_SAMPLE 4032	-59.524	-96.466	9.30303
			*CONTROL_POS_SAMPLE 4224	-60.1532	-97.6708	8.72674
			*CONTROL_POS_SAMPLE 4416	-59.524	-96.466	9.30301
			*CONTROL_POS_SAMPLE 4608	-59.5239	-96.4661	9.30301
			*CONTROL_POS_SAMPLE 4800	-59.5238	-96.4662	9.30301
			*CONTROL_POS_SAMPLE 4992	-59.5237	-96.4663	9.30302
		}
		*CONTROL_ROT_TRACK {
			*CONTROL_ROT_SAMPLE 192	-0.698136	-0.270994	0.662698	3.19318
			*CONTROL_ROT_SAMPLE 384	-0.712656	-0.20545	0.670755	3.06972
			*CONTROL_ROT_SAMPLE 576	-0.721664	-0.109399	0.683545	2.94226
			*CONTROL_ROT_SAMPLE 768	-0.718051	-0.0799441	0.691384	2.94344
			*CONTROL_ROT_SAMPLE 960	-0.711243	-0.0683334	0.699617	2.98458
			*CONTROL_ROT_SAMPLE 1152	-0.705992	-0.0616137	0.705534	3.01801
			*CONTROL_ROT_SAMPLE 1344	0.704502	0.054051	-0.707641	3.263
			*CONTROL_ROT_SAMPLE 1536	0.704717	0.0513526	-0.707628	3.26857
			*CONTROL_ROT_SAMPLE 1728	0.704588	0.0576372	-0.707272	3.25883
			*CONTROL_ROT_SAMPLE 1920	0.702692	0.0849287	-0.706407	3.20791
			*CONTROL_ROT_SAMPLE 2112	0.699431	0.122005	-0.704209	3.1396
			*CONTROL_ROT_SAMPLE 2304	0.695721	0.153272	-0.701769	3.07953
			*CONTROL_ROT_SAMPLE 2496	0.696651	0.147068	-0.702174	3.09162
			*CONTROL_ROT_SAMPLE 2688	0.697924	0.137862	-0.702777	3.10936
			*CONTROL_ROT_SAMPLE 2880	0.699364	0.126665	-0.703453	3.13092
			*CONTROL_ROT_SAMPLE 3072	0.700816	0.114488	-0.704094	3.15447
			*CONTROL_ROT_SAMPLE 3264	0.702158	0.102351	-0.704627	3.17819
			*CONTROL_ROT_SAMPLE 3456	0.7033	0.0912747	-0.70501	3.20026
			*CONTROL_ROT_SAMPLE 3648	0.704378	0.0798869	-0.705315	3.22239
			*CONTROL_ROT_SAMPLE 3840	0.705349	0.0687093	-0.705522	3.24518
			*CONTROL_ROT_SAMPLE 4032	-0.705964	-0.0616302	0.705561	3.01804
			*CONTROL_ROT_SAMPLE 4224	-0.705881	-0.0646371	0.705376	3.00586
			*CONTROL_ROT_SAMPLE 4416	-0.705432	-0.0727128	0.705038	2.99601
			*CONTROL_ROT_SAMPLE 4608	-0.705067	-0.0794432	0.704677	2.98264
			*CONTROL_ROT_SAMPLE 4800	-0.704646	-0.086562	0.704259	2.96852
			*CONTROL_ROT_SAMPLE 4992	-0.704188	-0.0936851	0.703806	2.9544
		}
	}
}
*HELPEROBJECT {
	*NODE_NAME "Bip01 L Toe0"
	*NODE_PARENT "Bip01 L Foot"
	*NODE_TM {
		*NODE_NAME "Bip01 L Toe0"
		*TM_ROW0 0.261766	-0.965131	0.000248847
		*TM_ROW1 -0.000545262	0.000109955	1
		*TM_ROW2 -0.965131	-0.261766	-0.000497487
		*TM_ROW3 -53.5891	-118.323	-3.31628
		*TM_POS -53.5891	-118.323	-3.31628
		*TM_ROTAXIS -0.678876	0.519409	0.518982
		*TM_ROTANGLE 1.94906
		*TM_SCALE 1	1	1
		*TM_SCALEAXIS 0	0	0
		*TM_SCALEAXISANG 0	0	0
	}
	*TM_ANIMATION {
		*NODE_NAME "Bip01 L Toe0"
		*CONTROL_POS_TRACK {
			*CONTROL_POS_SAMPLE 192	21.4976	-9.11104	-10.7544
			*CONTROL_POS_SAMPLE 384	21.5973	-11.8539	-8.07836
			*CONTROL_POS_SAMPLE 576	20.5627	-15.7264	-3.42119
			*CONTROL_POS_SAMPLE 768	19.4198	-16.4682	-2.62173
			*CONTROL_POS_SAMPLE 960	18.1712	-16.6187	-2.97097
			*CONTROL_POS_SAMPLE 1152	17.2533	-16.6367	-3.31428
			*CONTROL_POS_SAMPLE 1344	17.8719	-16.1727	-3.49648
			*CONTROL_POS_SAMPLE 1536	18.8326	-15.6373	-3.69934
			*CONTROL_POS_SAMPLE 1728	16.973	-16.694	-3.29718
			*CONTROL_POS_SAMPLE 1920	7.78254	-21.5313	-1.22286
			*CONTROL_POS_SAMPLE 2112	-4.41373	-28.3003	1.48812
			*CONTROL_POS_SAMPLE 2304	-13.9676	-36.0157	2.92798
			*CONTROL_POS_SAMPLE 2496	-19.3383	-45.4951	3.72027
			*CONTROL_POS_SAMPLE 2688	-24.4178	-55.1644	4.66459
			*CONTROL_POS_SAMPLE 2880	-29.2767	-64.9081	5.57999
			*CONTROL_POS_SAMPLE 3072	-33.9848	-74.6143	6.28132
			*CONTROL_POS_SAMPLE 3264	-38.6112	-84.1774	6.57767
			*CONTROL_POS_SAMPLE 3456	-43.2237	-93.499	6.27223
			*CONTROL_POS_SAMPLE 3648	-47.9658	-103.016	3.90915
			*CONTROL_POS_SAMPLE 3840	-52.3703	-112.031	-0.133497
			*CONTROL_POS_SAMPLE 4032	-55.5847	-118.769	-3.31545
			*CONTROL_POS_SAMPLE 4224	-55.9206	-119.976	-3.79232
			*CONTROL_POS_SAMPLE 4416	-54.8899	-118.635	-3.31576
			*CONTROL_POS_SAMPLE 4608	-54.4702	-118.543	-3.31593
			*CONTROL_POS_SAMPLE 4800	-54.0285	-118.437	-3.31611
			*CONTROL_POS_SAMPLE 4992	-53.5891	-118.323	-3.31628
		}
		*CONTROL_ROT_TRACK {
			*CONTROL_ROT_SAMPLE 192	-0.767195	0.338147	0.54504	2.20759
			*CONTROL_ROT_SAMPLE 384	-0.748842	0.413697	0.517774	2.09579
			*CONTROL_ROT_SAMPLE 576	-0.700861	0.516334	0.492131	1.97376
			*CONTROL_ROT_SAMPLE 768	-0.67578	0.540363	0.501327	1.96145
			*CONTROL_ROT_SAMPLE 960	-0.657312	0.542046	0.523572	1.98016
			*CONTROL_ROT_SAMPLE 1152	-0.644456	0.540957	0.540409	1.99696
			*CONTROL_ROT_SAMPLE 1344	-0.637267	0.546407	0.543443	1.99516
			*CONTROL_ROT_SAMPLE 1536	-0.635987	0.549551	0.54177	1.99071
			*CONTROL_ROT_SAMPLE 1728	-0.639613	0.542839	0.544262	1.99913
			*CONTROL_ROT_SAMPLE 1920	-0.652918	0.51207	0.558106	2.04167
			*CONTROL_ROT_SAMPLE 2112	-0.669484	0.470574	0.574762	2.10079
			*CONTROL_ROT_SAMPLE 2304	-0.681484	0.435385	0.588234	2.15388
			*CONTROL_ROT_SAMPLE 2496	-0.679307	0.442451	0.585474	2.14331
			*CONTROL_ROT_SAMPLE 2688	-0.675918	0.452896	0.581395	2.12782
			*CONTROL_ROT_SAMPLE 2880	-0.671622	0.465609	0.576309	2.10911
			*CONTROL_ROT_SAMPLE 3072	-0.666765	0.479466	0.570559	2.08886
			*CONTROL_ROT_SAMPLE 3264	-0.661749	0.493332	0.564546	2.0687
			*CONTROL_ROT_SAMPLE 3456	-0.657053	0.506058	0.558737	2.05018
			*CONTROL_ROT_SAMPLE 3648	-0.651948	0.51909	0.552729	2.03178
			*CONTROL_ROT_SAMPLE 3840	-0.64691	0.532022	0.546315	2.01305
			*CONTROL_ROT_SAMPLE 4032	-0.644451	0.540923	0.540449	1.99693
			*CONTROL_ROT_SAMPLE 4224	-0.648633	0.539767	0.536588	1.98747
			*CONTROL_ROT_SAMPLE 4416	-0.656396	0.533682	0.533225	1.98015
			*CONTROL_ROT_SAMPLE 4608	-0.663629	0.529183	0.528736	1.97008
			*CONTROL_ROT_SAMPLE 4800	-0.671261	0.524341	0.523904	1.95952
			*CONTROL_ROT_SAMPLE 4992	-0.678876	0.519409	0.518982	1.94906
		}
	}
}
*HELPEROBJECT {
	*NODE_NAME "Bip01 R Thigh"
	*NODE_PARENT "Bip01 Pelvis"
	*NODE_TM {
		*NODE_NAME "Bip01 R Thigh"
		*TM_ROW0 -0.247667	-0.146818	-0.957656
		*TM_ROW1 -0.0126609	-0.987876	0.154725
		*TM_ROW2 -0.968763	0.0504452	0.242806
		*TM_ROW3 -90.2598	-89.8346	52.8374
		*TM_POS -90.2598	-89.8346	52.8374
		*TM_ROTAXIS 0.612398	-0.0652227	-0.787854
		*TM_ROTANGLE 3.22684
		*TM_SCALE 1	1	1
		*TM_SCALEAXIS 0	0	0
		*TM_SCALEAXISANG 0	0	0
	}
	*TM_ANIMATION {
		*NODE_NAME "Bip01 R Thigh"
		*CONTROL_POS_TRACK {
			*CONTROL_POS_SAMPLE 192	-14.6797	9.78575	46.288
			*CONTROL_POS_SAMPLE 384	-14.7209	5.49748	50.095
			*CONTROL_POS_SAMPLE 576	-14.7621	1.20922	52.782
			*CONTROL_POS_SAMPLE 768	-19.0476	-4.08193	52.1074
			*CONTROL_POS_SAMPLE 960	-23.3331	-9.37307	50.3166
			*CONTROL_POS_SAMPLE 1152	-27.6187	-14.6642	48.8457
			*CONTROL_POS_SAMPLE 1344	-31.9042	-19.9554	47.2123
			*CONTROL_POS_SAMPLE 1536	-36.1897	-25.2465	45.9095
			*CONTROL_POS_SAMPLE 1728	-40.4753	-30.5377	45.4303
			*CONTROL_POS_SAMPLE 1920	-44.8712	-34.0257	45.7908
			*CONTROL_POS_SAMPLE 2112	-49.2671	-37.5138	46.5745
			*CONTROL_POS_SAMPLE 2304	-53.663	-41.0018	47.6254
			*CONTROL_POS_SAMPLE 2496	-58.0589	-44.4899	48.7876
			*CONTROL_POS_SAMPLE 2688	-62.4548	-47.9779	49.9052
			*CONTROL_POS_SAMPLE 2880	-66.8507	-51.466	50.8223
			*CONTROL_POS_SAMPLE 3072	-71.2466	-54.954	51.383
			*CONTROL_POS_SAMPLE 3264	-73.148	-58.4421	51.4696
			*CONTROL_POS_SAMPLE 3456	-75.0493	-61.9301	51.1827
			*CONTROL_POS_SAMPLE 3648	-76.9506	-65.4182	50.6936
			*CONTROL_POS_SAMPLE 3840	-78.8519	-68.9063	50.1737
			*CONTROL_POS_SAMPLE 4032	-80.7532	-72.3943	49.7943
			*CONTROL_POS_SAMPLE 4224	-82.6545	-75.8824	49.7267
			*CONTROL_POS_SAMPLE 4416	-84.5559	-79.3704	50.1487
			*CONTROL_POS_SAMPLE 4608	-86.4572	-82.8585	50.9659
			*CONTROL_POS_SAMPLE 4800	-88.3585	-86.3465	51.9411
			*CONTROL_POS_SAMPLE 4992	-90.2598	-89.8346	52.8374
		}
		*CONTROL_ROT_TRACK {
			*CONTROL_ROT_SAMPLE 192	0.582246	0.0574823	-0.810978	3.06595
			*CONTROL_ROT_SAMPLE 384	0.581046	0.0485828	-0.812419	3.00326
			*CONTROL_ROT_SAMPLE 576	0.575943	-0.057447	-0.815469	3.22135
			*CONTROL_ROT_SAMPLE 768	0.540713	-0.136075	-0.830128	3.41134
			*CONTROL_ROT_SAMPLE 960	0.487565	-0.222076	-0.844371	3.65262
			*CONTROL_ROT_SAMPLE 1152	0.419291	-0.317926	-0.850364	3.90209
			*CONTROL_ROT_SAMPLE 1344	0.345658	-0.412883	-0.842643	4.09999
			*CONTROL_ROT_SAMPLE 1536	-0.290438	0.490899	0.821379	2.082
			*CONTROL_ROT_SAMPLE 1728	-0.26845	0.542582	0.795952	2.07082
			*CONTROL_ROT_SAMPLE 1920	0.284647	-0.557159	-0.780096	4.17688
			*CONTROL_ROT_SAMPLE 2112	0.325409	-0.551014	-0.768435	4.1448
			*CONTROL_ROT_SAMPLE 2304	0.377093	-0.537161	-0.754492	4.09432
			*CONTROL_ROT_SAMPLE 2496	0.431799	-0.519277	-0.737496	4.02184
			*CONTROL_ROT_SAMPLE 2688	0.486089	-0.497528	-0.718459	3.93092
			*CONTROL_ROT_SAMPLE 2880	0.536729	-0.473462	-0.698395	3.83077
			*CONTROL_ROT_SAMPLE 3072	0.577624	-0.452422	-0.67946	3.72284
			*CONTROL_ROT_SAMPLE 3264	0.596886	-0.429087	-0.677946	3.63479
			*CONTROL_ROT_SAMPLE 3456	0.613803	-0.408604	-0.675492	3.5337
			*CONTROL_ROT_SAMPLE 3648	0.627829	-0.385994	-0.675899	3.43102
			*CONTROL_ROT_SAMPLE 3840	0.638139	-0.358177	-0.681533	3.34144
			*CONTROL_ROT_SAMPLE 4032	0.643838	-0.323137	-0.693581	3.28041
			*CONTROL_ROT_SAMPLE 4224	0.643595	-0.279706	-0.712426	3.25486
			*CONTROL_ROT_SAMPLE 4416	0.638143	-0.229257	-0.734993	3.25111
			*CONTROL_ROT_SAMPLE 4608	0.629782	-0.174314	-0.756961	3.25297
			*CONTROL_ROT_SAMPLE 4800	0.620583	-0.11835	-0.775158	3.24742
			*CONTROL_ROT_SAMPLE 4992	0.612398	-0.0652227	-0.787854	3.22684
		}
	}
}
*HELPEROBJECT {
	*NODE_NAME "Bip01 R Calf"
	*NODE_PARENT "Bip01 R Thigh"
	*NODE_TM {
		*NODE_NAME "Bip01 R Calf"
		*TM_ROW0 0.0680712	0.995577	0.0647545
		*TM_ROW1 -0.238465	0.0792598	-0.967911
		*TM_ROW2 -0.968762	0.0504451	0.242806
		*TM_ROW3 -100.004	-95.6111	15.1585
		*TM_POS -100.004	-95.6111	15.1585
		*TM_ROTAXIS 0.534641	0.5426	-0.647877
		*TM_ROTANGLE 1.88066
		*TM_SCALE 1	1	1
		*TM_SCALEAXIS 0	0	0
		*TM_SCALEAXISANG 0	0	0
	}
	*TM_ANIMATION {
		*NODE_NAME "Bip01 R Calf"
		*CONTROL_POS_TRACK {
			*CONTROL_POS_SAMPLE 192	-27.2735	14.8269	9.35568
			*CONTROL_POS_SAMPLE 384	-27.25	12.1158	13.3903
			*CONTROL_POS_SAMPLE 576	-27.9211	-3.9466	16.0632
			*CONTROL_POS_SAMPLE 768	-34.3791	-18.471	18.8521
			*CONTROL_POS_SAMPLE 960	-40.1402	-33.5969	24.2638
			*CONTROL_POS_SAMPLE 1152	-44.1955	-46.7704	33.2758
			*CONTROL_POS_SAMPLE 1344	-47.1177	-55.927	42.4577
			*CONTROL_POS_SAMPLE 1536	-50.4958	-61.786	48.7765
			*CONTROL_POS_SAMPLE 1728	-55.1442	-66.4986	51.7269
			*CONTROL_POS_SAMPLE 1920	-60.1335	-69.8456	51.4486
			*CONTROL_POS_SAMPLE 2112	-64.0129	-73.8543	49.7271
			*CONTROL_POS_SAMPLE 2304	-67.625	-77.7832	47.1693
			*CONTROL_POS_SAMPLE 2496	-71.1115	-81.3	44.0276
			*CONTROL_POS_SAMPLE 2688	-74.322	-84.2617	40.3829
			*CONTROL_POS_SAMPLE 2880	-77.134	-86.6542	36.5373
			*CONTROL_POS_SAMPLE 3072	-80.0313	-88.5078	32.8091
			*CONTROL_POS_SAMPLE 3264	-81.4393	-90.0234	29.5176
			*CONTROL_POS_SAMPLE 3456	-82.8864	-91.0729	25.9381
			*CONTROL_POS_SAMPLE 3648	-84.2869	-91.681	22.3307
			*CONTROL_POS_SAMPLE 3840	-85.6884	-92.0364	19.0887
			*CONTROL_POS_SAMPLE 4032	-87.2574	-92.4628	16.5834
			*CONTROL_POS_SAMPLE 4224	-89.2573	-93.1705	15.0058
			*CONTROL_POS_SAMPLE 4416	-91.7165	-94.0089	14.3373
			*CONTROL_POS_SAMPLE 4608	-94.4446	-94.7806	14.3315
			*CONTROL_POS_SAMPLE 4800	-97.2628	-95.3314	14.6852
			*CONTROL_POS_SAMPLE 4992	-100.004	-95.6111	15.1585
		}
		*CONTROL_ROT_TRACK {
			*CONTROL_ROT_SAMPLE 192	0.406091	0.679074	-0.611513	1.66293
			*CONTROL_ROT_SAMPLE 384	0.458173	0.617571	-0.639284	1.7157
			*CONTROL_ROT_SAMPLE 576	0.504097	0.543152	-0.67147	1.79078
			*CONTROL_ROT_SAMPLE 768	0.514126	0.478368	-0.711926	1.8111
			*CONTROL_ROT_SAMPLE 960	0.516738	0.384332	-0.76503	1.87108
			*CONTROL_ROT_SAMPLE 1152	0.520652	0.254553	-0.814938	2.00601
			*CONTROL_ROT_SAMPLE 1344	0.523573	0.120428	-0.843426	2.19202
			*CONTROL_ROT_SAMPLE 1536	0.529401	0.0107577	-0.848304	2.38621
			*CONTROL_ROT_SAMPLE 1728	0.540279	-0.0663248	-0.838868	2.54948
			*CONTROL_ROT_SAMPLE 1920	0.574667	-0.0370579	-0.817548	2.46992
			*CONTROL_ROT_SAMPLE 2112	0.600588	0.0176041	-0.799365	2.41004
			*CONTROL_ROT_SAMPLE 2304	0.62545	0.0807879	-0.776071	2.36118
			*CONTROL_ROT_SAMPLE 2496	0.650345	0.144955	-0.74568	2.3209
			*CONTROL_ROT_SAMPLE 2688	0.674109	0.206511	-0.709176	2.29013
			*CONTROL_ROT_SAMPLE 2880	-0.695432	-0.263016	0.668728	4.01557
			*CONTROL_ROT_SAMPLE 3072	-0.716378	-0.311014	0.624558	4.04327
			*CONTROL_ROT_SAMPLE 3264	-0.724039	-0.34556	0.596956	4.09477
			*CONTROL_ROT_SAMPLE 3456	-0.734755	-0.379078	0.562526	4.15326
			*CONTROL_ROT_SAMPLE 3648	0.742578	0.410904	-0.528901	2.06788
			*CONTROL_ROT_SAMPLE 3840	0.742423	0.440832	-0.504455	2.00679
			*CONTROL_ROT_SAMPLE 4032	0.72974	0.469129	-0.49739	1.95243
			*CONTROL_ROT_SAMPLE 4224	0.701759	0.494981	-0.512376	1.9084
			*CONTROL_ROT_SAMPLE 4416	0.662286	0.515077	-0.544125	1.87803
			*CONTROL_ROT_SAMPLE 4608	0.617048	0.528468	-0.583072	1.86493
