*3DSMAX_ASCIIEXPORT	110
*COMMENT "This file is part of Gothic Free Aim Copyright (C) 2016-2017  mud-freak (@szapp)"
*COMMENT "<http://github.com/szapp/GothicFreeAim>"
*COMMENT "Animations: second iteration"
*SCENE {
	*SCENE_FILENAME "cbowIK_T2_left.max"
	*SCENE_FIRSTFRAME 1
	*SCENE_LASTFRAME 26
	*SCENE_FRAMESPEED 25
	*SCENE_TICKSPERFRAME 192
	*SCENE_BACKGROUND_STATIC 0	0	0
	*SCENE_AMBIENT_STATIC 0.2	0.2	0.2
}
*HELPEROBJECT {
	*NODE_NAME "Bip01"
	*NODE_TM {
		*NODE_NAME "Bip01"
		*TM_ROW0 -0.223483	-0.973914	-0.0393292
		*TM_ROW1 0.974662	-0.222899	-0.0187185
		*TM_ROW2 0.00946376	-0.0425159	0.999051
		*TM_ROW3 94.0246	6.59634	52.2476
		*TM_POS 94.0246	6.59634	52.2476
		*TM_ROTAXIS -0.012208	-0.0250306	0.999612
		*TM_ROTANGLE 1.79637
		*TM_SCALE 1	1	1
		*TM_SCALEAXIS 0	0	0
		*TM_SCALEAXISANG 0	0	0
	}
	*TM_ANIMATION {
		*NODE_NAME "Bip01"
		*CONTROL_POS_TRACK {
			*CONTROL_POS_SAMPLE 192	-5.98947	6.52958	48.4179
			*CONTROL_POS_SAMPLE 384	-3.11959	6.53793	50.408
			*CONTROL_POS_SAMPLE 576	-0.249709	6.54627	52.2551
			*CONTROL_POS_SAMPLE 768	2.62017	6.55462	54.0068
			*CONTROL_POS_SAMPLE 960	5.49005	6.56296	54.948
			*CONTROL_POS_SAMPLE 1152	8.35993	6.57131	54.5459
			*CONTROL_POS_SAMPLE 1344	11.2298	6.57965	53.6457
			*CONTROL_POS_SAMPLE 1536	14.0997	6.588	52.7406
			*CONTROL_POS_SAMPLE 1728	16.9696	6.59634	52.324
			*CONTROL_POS_SAMPLE 1920	21.5022	6.59634	52.3883
			*CONTROL_POS_SAMPLE 2112	26.0349	6.59634	52.5767
			*CONTROL_POS_SAMPLE 2304	30.5675	6.59634	52.858
			*CONTROL_POS_SAMPLE 2496	35.1002	6.59634	53.2016
			*CONTROL_POS_SAMPLE 2688	39.6328	6.59634	53.5763
			*CONTROL_POS_SAMPLE 2880	44.1655	6.59634	53.9514
			*CONTROL_POS_SAMPLE 3072	48.6981	6.59634	54.2959
			*CONTROL_POS_SAMPLE 3264	53.2308	6.59634	54.5788
			*CONTROL_POS_SAMPLE 3456	57.7634	6.59634	54.7694
			*CONTROL_POS_SAMPLE 3648	62.2961	6.59634	54.8366
			*CONTROL_POS_SAMPLE 3840	66.8287	6.59634	54.7014
			*CONTROL_POS_SAMPLE 4032	71.3614	6.59634	54.3529
			*CONTROL_POS_SAMPLE 4224	75.894	6.59634	53.8621
			*CONTROL_POS_SAMPLE 4416	80.4267	6.59634	53.3003
			*CONTROL_POS_SAMPLE 4608	84.9593	6.59634	52.7384
			*CONTROL_POS_SAMPLE 4800	89.492	6.59634	52.2476
			*CONTROL_POS_SAMPLE 4992	94.0246	6.59634	52.2476
		}
		*CONTROL_ROT_TRACK {
			*CONTROL_ROT_SAMPLE 192	-0.012208	-0.0250306	0.999612	1.79637
			*CONTROL_ROT_SAMPLE 384	-0.012208	-0.0250306	0.999612	1.79637
			*CONTROL_ROT_SAMPLE 576	-0.012208	-0.0250306	0.999612	1.79637
			*CONTROL_ROT_SAMPLE 768	-0.012208	-0.0250306	0.999612	1.79637
			*CONTROL_ROT_SAMPLE 960	-0.012208	-0.0250306	0.999612	1.79637
			*CONTROL_ROT_SAMPLE 1152	-0.012208	-0.0250306	0.999612	1.79637
			*CONTROL_ROT_SAMPLE 1344	-0.012208	-0.0250306	0.999612	1.79637
			*CONTROL_ROT_SAMPLE 1536	-0.012208	-0.0250306	0.999612	1.79637
			*CONTROL_ROT_SAMPLE 1728	-0.012208	-0.0250306	0.999612	1.79637
			*CONTROL_ROT_SAMPLE 1920	-0.012208	-0.0250306	0.999612	1.79637
			*CONTROL_ROT_SAMPLE 2112	-0.012208	-0.0250306	0.999612	1.79637
			*CONTROL_ROT_SAMPLE 2304	-0.012208	-0.0250306	0.999612	1.79637
			*CONTROL_ROT_SAMPLE 2496	-0.012208	-0.0250306	0.999612	1.79637
			*CONTROL_ROT_SAMPLE 2688	-0.012208	-0.0250306	0.999612	1.79637
			*CONTROL_ROT_SAMPLE 2880	-0.012208	-0.0250306	0.999612	1.79637
			*CONTROL_ROT_SAMPLE 3072	-0.012208	-0.0250306	0.999612	1.79637
			*CONTROL_ROT_SAMPLE 3264	-0.012208	-0.0250306	0.999612	1.79637
			*CONTROL_ROT_SAMPLE 3456	-0.012208	-0.0250306	0.999612	1.79637
			*CONTROL_ROT_SAMPLE 3648	-0.012208	-0.0250306	0.999612	1.79637
			*CONTROL_ROT_SAMPLE 3840	-0.012208	-0.0250306	0.999612	1.79637
			*CONTROL_ROT_SAMPLE 4032	-0.012208	-0.0250306	0.999612	1.79637
			*CONTROL_ROT_SAMPLE 4224	-0.012208	-0.0250306	0.999612	1.79637
			*CONTROL_ROT_SAMPLE 4416	-0.012208	-0.0250306	0.999612	1.79637
			*CONTROL_ROT_SAMPLE 4608	-0.012208	-0.0250306	0.999612	1.79637
			*CONTROL_ROT_SAMPLE 4800	-0.012208	-0.0250306	0.999612	1.79637
			*CONTROL_ROT_SAMPLE 4992	-0.012208	-0.0250306	0.999612	1.79637
		}
	}
}
*HELPEROBJECT {
	*NODE_NAME "Bip01 Footsteps"
	*NODE_PARENT "Bip01"
	*NODE_TM {
		*NODE_NAME "Bip01 Footsteps"
		*TM_ROW0 1	0	0
		*TM_ROW1 0	1	0
		*TM_ROW2 0	0	1
		*TM_ROW3 94.0246	6.59634	0.551469
		*TM_POS 94.0246	6.59634	0.551469
		*TM_ROTAXIS 0	0	0
		*TM_ROTANGLE 0
		*TM_SCALE 1	1	1
		*TM_SCALEAXIS 0	0	0
		*TM_SCALEAXISANG 0	0	0
	}
}
*HELPEROBJECT {
	*NODE_NAME "Bip01 Pelvis"
	*NODE_PARENT "Bip01"
	*NODE_TM {
		*NODE_NAME "Bip01 Pelvis"
		*TM_ROW0 -0.244782	0.0170215	0.969429
		*TM_ROW1 -0.223482	-0.973914	-0.0393292
		*TM_ROW2 0.943471	-0.226277	0.242201
		*TM_ROW3 93.7526	7.76672	52.3
		*TM_POS 93.7526	7.76672	52.3
		*TM_ROTAXIS -0.611498	0.0849064	-0.786677
		*TM_ROTANGLE 2.98813
		*TM_SCALE 1	1	1
		*TM_SCALEAXIS 0	0	0
		*TM_SCALEAXISANG 0	0	0
	}
	*TM_ANIMATION {
		*NODE_NAME "Bip01 Pelvis"
		*CONTROL_POS_TRACK {
			*CONTROL_POS_SAMPLE 192	-6.26149	7.69997	48.4703
			*CONTROL_POS_SAMPLE 384	-3.39161	7.70831	50.4604
			*CONTROL_POS_SAMPLE 576	-0.521729	7.71666	52.3075
			*CONTROL_POS_SAMPLE 768	2.34815	7.725	54.0592
			*CONTROL_POS_SAMPLE 960	5.21803	7.73335	55.0004
			*CONTROL_POS_SAMPLE 1152	8.08791	7.74169	54.5983
			*CONTROL_POS_SAMPLE 1344	10.9578	7.75003	53.6981
			*CONTROL_POS_SAMPLE 1536	13.8277	7.75838	52.793
			*CONTROL_POS_SAMPLE 1728	16.6975	7.76672	52.3764
			*CONTROL_POS_SAMPLE 1920	21.2302	7.76672	52.4407
			*CONTROL_POS_SAMPLE 2112	25.7628	7.76672	52.629
			*CONTROL_POS_SAMPLE 2304	30.2955	7.76672	52.9104
			*CONTROL_POS_SAMPLE 2496	34.8281	7.76672	53.2539
			*CONTROL_POS_SAMPLE 2688	39.3608	7.76672	53.6287
			*CONTROL_POS_SAMPLE 2880	43.8934	7.76672	54.0038
			*CONTROL_POS_SAMPLE 3072	48.4261	7.76672	54.3483
			*CONTROL_POS_SAMPLE 3264	52.9587	7.76672	54.6312
			*CONTROL_POS_SAMPLE 3456	57.4914	7.76672	54.8218
			*CONTROL_POS_SAMPLE 3648	62.024	7.76672	54.889
			*CONTROL_POS_SAMPLE 3840	66.5567	7.76672	54.7538
			*CONTROL_POS_SAMPLE 4032	71.0893	7.76672	54.4053
			*CONTROL_POS_SAMPLE 4224	75.622	7.76672	53.9145
			*CONTROL_POS_SAMPLE 4416	80.1546	7.76672	53.3526
			*CONTROL_POS_SAMPLE 4608	84.6873	7.76672	52.7907
			*CONTROL_POS_SAMPLE 4800	89.2199	7.76672	52.3
			*CONTROL_POS_SAMPLE 4992	93.7526	7.76672	52.3
		}
		*CONTROL_ROT_TRACK {
			*CONTROL_ROT_SAMPLE 192	-0.611498	0.0849064	-0.786677	2.98813
			*CONTROL_ROT_SAMPLE 384	-0.611498	0.0849064	-0.786677	2.98813
			*CONTROL_ROT_SAMPLE 576	-0.611498	0.0849064	-0.786677	2.98813
			*CONTROL_ROT_SAMPLE 768	-0.611498	0.0849064	-0.786677	2.98813
			*CONTROL_ROT_SAMPLE 960	-0.611498	0.0849064	-0.786677	2.98813
			*CONTROL_ROT_SAMPLE 1152	-0.611498	0.0849064	-0.786677	2.98813
			*CONTROL_ROT_SAMPLE 1344	-0.611498	0.0849064	-0.786677	2.98813
			*CONTROL_ROT_SAMPLE 1536	-0.611498	0.0849064	-0.786677	2.98813
			*CONTROL_ROT_SAMPLE 1728	-0.611498	0.0849064	-0.786677	2.98813
			*CONTROL_ROT_SAMPLE 1920	-0.611498	0.0849064	-0.786677	2.98813
			*CONTROL_ROT_SAMPLE 2112	-0.611498	0.0849064	-0.786677	2.98813
			*CONTROL_ROT_SAMPLE 2304	-0.611498	0.0849064	-0.786677	2.98813
			*CONTROL_ROT_SAMPLE 2496	-0.611498	0.0849064	-0.786677	2.98813
			*CONTROL_ROT_SAMPLE 2688	-0.611498	0.0849064	-0.786677	2.98813
			*CONTROL_ROT_SAMPLE 2880	-0.611498	0.0849064	-0.786677	2.98813
			*CONTROL_ROT_SAMPLE 3072	-0.611498	0.0849064	-0.786677	2.98813
			*CONTROL_ROT_SAMPLE 3264	-0.611498	0.0849064	-0.786677	2.98813
			*CONTROL_ROT_SAMPLE 3456	-0.611498	0.0849064	-0.786677	2.98813
			*CONTROL_ROT_SAMPLE 3648	-0.611498	0.0849064	-0.786677	2.98813
			*CONTROL_ROT_SAMPLE 3840	-0.611498	0.0849064	-0.786677	2.98813
			*CONTROL_ROT_SAMPLE 4032	-0.611498	0.0849064	-0.786677	2.98813
			*CONTROL_ROT_SAMPLE 4224	-0.611498	0.0849064	-0.786677	2.98813
			*CONTROL_ROT_SAMPLE 4416	-0.611498	0.0849064	-0.786677	2.98813
			*CONTROL_ROT_SAMPLE 4608	-0.611498	0.0849064	-0.786677	2.98813
			*CONTROL_ROT_SAMPLE 4800	-0.611498	0.0849064	-0.786677	2.98813
			*CONTROL_ROT_SAMPLE 4992	-0.611498	0.0849064	-0.786677	2.98813
		}
	}
}
*HELPEROBJECT {
	*NODE_NAME "Bip01 Spine"
	*NODE_PARENT "Bip01 Pelvis"
	*NODE_TM {
		*NODE_NAME "Bip01 Spine"
		*TM_ROW0 0.0615986	0.0199475	0.997902
		*TM_ROW1 -0.58775	-0.807343	0.052419
		*TM_ROW2 0.806694	-0.589745	-0.038007
		*TM_ROW3 93.7981	7.75018	54.7008
		*TM_POS 93.7981	7.75018	54.7008
		*TM_ROTAXIS -0.709918	0.211381	-0.671814
		*TM_ROTANGLE 2.67227
		*TM_SCALE 1	1	1
		*TM_SCALEAXIS 0	0	0
		*TM_SCALEAXISANG 0	0	0
	}
}
*HELPEROBJECT {
	*NODE_NAME "Bip01 Spine1"
	*NODE_PARENT "Bip01 Spine"
	*NODE_TM {
		*NODE_NAME "Bip01 Spine1"
		*TM_ROW0 0.0362388	-0.0686068	0.996985
		*TM_ROW1 -0.769827	-0.638054	-0.0159252
		*TM_ROW2 0.637223	-0.766929	-0.0759376
		*TM_ROW3 94.4113	7.95271	64.5076
		*TM_POS 94.4113	7.95271	64.5076
		*TM_ROTAXIS -0.689853	0.330468	-0.644123
		*TM_ROTANGLE 2.56601
		*TM_SCALE 1	1	1
		*TM_SCALEAXIS 0	0	0
		*TM_SCALEAXISANG 0	0	0
	}
}
*HELPEROBJECT {
	*NODE_NAME "Bip01 Spine2"
	*NODE_PARENT "Bip01 Spine1"
	*NODE_TM {
		*NODE_NAME "Bip01 Spine2"
		*TM_ROW0 -0.0121297	-0.182261	0.983175
		*TM_ROW1 -0.92638	-0.368069	-0.0796618
		*TM_ROW2 0.376396	-0.91176	-0.164379
		*TM_ROW3 94.8969	7.08403	77.2607
		*TM_POS 94.8969	7.08403	77.2607
		*TM_ROTAXIS -0.654915	0.477575	-0.585669
		*TM_ROTANGLE 2.45323
		*TM_SCALE 1	1	1
		*TM_SCALEAXIS 0	0	0
		*TM_SCALEAXISANG 0	0	0
	}
}
*HELPEROBJECT {
	*NODE_NAME "Bip01 Neck"
	*NODE_PARENT "Bip01 Spine2"
	*NODE_TM {
		*NODE_NAME "Bip01 Neck"
		*TM_ROW0 -0.39014	-0.0816203	0.917131
		*TM_ROW1 -0.451599	-0.851068	-0.267847
		*TM_ROW2 0.802402	-0.518673	0.295176
		*TM_ROW3 94.5356	1.62373	106.742
		*TM_POS 94.5356	1.62373	106.742
		*TM_ROTAXIS -0.543529	0.248612	-0.801728
		*TM_ROTANGLE 2.90876
		*TM_SCALE 1	1	1
		*TM_SCALEAXIS 0	0	0
		*TM_SCALEAXISANG 0	0	0
	}
}
*HELPEROBJECT {
	*NODE_NAME "Bip01 Head"
	*NODE_PARENT "Bip01 Neck"
	*NODE_TM {
		*NODE_NAME "Bip01 Head"
		*TM_ROW0 -0.445847	0.0435763	0.894048
		*TM_ROW1 0.0163127	-0.998253	0.0567902
		*TM_ROW2 0.894961	0.0399041	0.444357
		*TM_ROW3 91.8674	1.06551	113.014
		*TM_POS 91.8674	1.06551	113.014
		*TM_ROTAXIS -0.526336	-0.028448	-0.8498
		*TM_ROTANGLE 3.12555
		*TM_SCALE 1	1	1
		*TM_SCALEAXIS 0	0	0
		*TM_SCALEAXISANG 0	0	0
	}
}
*HELPEROBJECT {
	*NODE_NAME "zs_Helmet"
	*NODE_PARENT "Bip01 Head"
	*NODE_TM {
		*NODE_NAME "zs_Helmet"
		*TM_ROW0 0.894961	0.039905	0.444357
		*TM_ROW1 0.0187171	0.991757	-0.126761
		*TM_ROW2 -0.445752	0.121763	0.886836
		*TM_ROW3 -32.5521	-58.6932	368.969
		*TM_POS -32.5521	-58.6932	368.969
		*TM_ROTAXIS 0.26885	0.962909	-0.0229209
		*TM_ROTANGLE 0.480472
		*TM_SCALE 1	1	1
		*TM_SCALEAXIS 0	0	0
		*TM_SCALEAXISANG 0	0	0
	}
}
*HELPEROBJECT {
	*NODE_NAME "Bip01 L Clavicle"
	*NODE_PARENT "Bip01 Neck"
	*NODE_TM {
		*NODE_NAME "Bip01 L Clavicle"
		*TM_ROW0 0.392173	-0.885572	-0.248921
		*TM_ROW1 0.919598	0.384257	0.0817692
		*TM_ROW2 0.0232373	-0.260975	0.965066
		*TM_ROW3 99.8857	-3.75413	100.351
		*TM_POS 99.8857	-3.75413	100.351
		*TM_ROTAXIS -0.184523	-0.146521	0.971845
		*TM_ROTANGLE 1.19098
		*TM_SCALE 1	1	1
		*TM_SCALEAXIS 0	0	0
		*TM_SCALEAXISANG 0	0	0
	}
}
*HELPEROBJECT {
	*NODE_NAME "Bip01 L UpperArm"
	*NODE_PARENT "Bip01 L Clavicle"
	*NODE_TM {
		*NODE_NAME "Bip01 L UpperArm"
		*TM_ROW0 -0.512908	-0.737503	-0.439336
		*TM_ROW1 0.445851	0.208483	-0.870489
		*TM_ROW2 0.733582	-0.642359	0.221883
		*TM_ROW3 105.112	-15.5553	97.0341
		*TM_POS 105.112	-15.5553	97.0341
		*TM_ROTAXIS -0.135655	0.697461	-0.703666
		*TM_ROTANGLE 4.14044
		*TM_SCALE 1	1	1
		*TM_SCALEAXIS 0	0	0
		*TM_SCALEAXISANG 0	0	0
	}
}
*HELPEROBJECT {
	*NODE_NAME "Bip01 L Forearm"
	*NODE_PARENT "Bip01 L UpperArm"
	*NODE_TM {
		*NODE_NAME "Bip01 L Forearm"
		*TM_ROW0 -0.436474	-0.195072	0.878315
		*TM_ROW1 -0.52091	-0.741163	-0.423475
		*TM_ROW2 0.733582	-0.642359	0.221883
		*TM_ROW3 90.7985	-36.1362	84.7739
		*TM_POS 90.7985	-36.1362	84.7739
		*TM_ROTAXIS -0.523191	0.345949	-0.778839
		*TM_ROTANGLE 2.93085
		*TM_SCALE 1	1	1
		*TM_SCALEAXIS 0	0	0
		*TM_SCALEAXISANG 0	0	0
	}
}
*HELPEROBJECT {
	*NODE_NAME "Bip01 L Hand"
	*NODE_PARENT "Bip01 L Forearm"
	*NODE_TM {
		*NODE_NAME "Bip01 L Hand"
		*TM_ROW0 -0.985851	0.0836732	-0.145248
		*TM_ROW1 -0.126203	0.199785	0.971678
		*TM_ROW2 0.110322	0.97626	-0.186399
		*TM_ROW3 78.6574	-41.5624	109.205
		*TM_POS 78.6574	-41.5624	109.205
		*TM_ROTAXIS 0.0138549	-0.772735	-0.634578
		*TM_ROTANGLE 2.97546
		*TM_SCALE 1	1	1
		*TM_SCALEAXIS 0	0	0
		*TM_SCALEAXISANG 0	0	0
	}
}
*HELPEROBJECT {
	*NODE_NAME "Bip01 L Finger0"
	*NODE_PARENT "Bip01 L Hand"
	*NODE_TM {
		*NODE_NAME "Bip01 L Finger0"
		*TM_ROW0 -0.98585	0.0836757	-0.145251
		*TM_ROW1 -0.12629	0.199039	0.97182
		*TM_ROW2 0.110228	0.976413	-0.185655
		*TM_ROW3 65.9696	-40.4855	107.336
		*TM_POS 65.9696	-40.4855	107.336
		*TM_ROTAXIS 0.0138868	-0.772492	-0.634873
		*TM_ROTANGLE 2.97547
		*TM_SCALE 1	1	1
		*TM_SCALEAXIS 0	0	0
		*TM_SCALEAXISANG 0	0	0
	}
}
*HELPEROBJECT {
	*NODE_NAME "zs_LeftHand"
	*NODE_PARENT "Bip01 L Hand"
	*NODE_TM {
		*NODE_NAME "zs_LeftHand"
		*TM_ROW0 0.0243749	0.998895	-0.040184
		*TM_ROW1 0.0675177	-0.0417491	-0.996844
		*TM_ROW2 -0.99742	0.0215849	-0.0684607
		*TM_ROW3 -46.4911	-179.206	305.412
		*TM_POS -46.4911	-179.206	305.412
		*TM_ROTAXIS -0.606362	-0.569929	0.554532
		*TM_ROTANGLE 4.13848
		*TM_SCALE 1	1	1
		*TM_SCALEAXIS 0	0	0
		*TM_SCALEAXISANG 0	0	0
	}
}
*HELPEROBJECT {
	*NODE_NAME "zs_LeftArm"
	*NODE_PARENT "Bip01 L Forearm"
	*NODE_TM {
		*NODE_NAME "zs_LeftArm"
		*TM_ROW0 -0.536218	-0.270946	0.799411
		*TM_ROW1 -0.405677	-0.7478	-0.525568
		*TM_ROW2 0.7402	-0.606122	0.291067
		*TM_ROW3 104.129	11.0411	400.422
		*TM_POS 104.129	11.0411	400.422
		*TM_ROTAXIS -0.48014	0.352927	-0.803062
		*TM_ROTANGLE 3.05761
		*TM_SCALE 1	1	1
		*TM_SCALEAXIS 0	0	0
		*TM_SCALEAXISANG 0	0	0
	}
}
*HELPEROBJECT {
	*NODE_NAME "Bip01 R Clavicle"
	*NODE_PARENT "Bip01 Neck"
	*NODE_TM {
		*NODE_NAME "Bip01 R Clavicle"
		*TM_ROW0 -0.874707	0.475434	-0.0940753
		*TM_ROW1 0.456922	0.873692	0.166988
		*TM_ROW2 0.161585	0.103081	-0.981461
		*TM_ROW3 93.8904	10.7683	102.969
		*TM_POS 93.8904	10.7683	102.969
		*TM_ROTAXIS -0.241913	-0.967764	-0.0700733
		*TM_ROTANGLE 3.00912
		*TM_SCALE 1	1	1
		*TM_SCALEAXIS 0	0	0
		*TM_SCALEAXISANG 0	0	0
	}
}
*HELPEROBJECT {
	*NODE_NAME "Bip01 R UpperArm"
	*NODE_PARENT "Bip01 R Clavicle"
	*NODE_TM {
		*NODE_NAME "Bip01 R UpperArm"
		*TM_ROW0 -0.916774	-0.33527	-0.217069
		*TM_ROW1 -0.289976	0.932453	-0.215514
		*TM_ROW2 0.274662	-0.134633	-0.952069
		*TM_ROW3 82.2341	17.104	101.716
		*TM_POS 82.2341	17.104	101.716
		*TM_ROTAXIS 0.161635	-0.98269	0.0905183
		*TM_ROTANGLE 2.88871
		*TM_SCALE 1	1	1
		*TM_SCALEAXIS 0	0	0
		*TM_SCALEAXISANG 0	0	0
	}
}
*HELPEROBJECT {
	*NODE_NAME "Bip01 R Forearm"
	*NODE_PARENT "Bip01 R UpperArm"
	*NODE_TM {
		*NODE_NAME "Bip01 R Forearm"
		*TM_ROW0 0.483406	-0.836587	0.25776
		*TM_ROW1 -0.831192	-0.531033	-0.164696
		*TM_ROW2 0.274662	-0.134633	-0.952069
		*TM_ROW3 56.6504	7.74785	95.6582
		*TM_POS 56.6504	7.74785	95.6582
		*TM_ROTAXIS -0.86121	0.484175	-0.154568
		*TM_ROTANGLE 3.15905
		*TM_SCALE 1	1	1
		*TM_SCALEAXIS 0	0	0
		*TM_SCALEAXISANG 0	0	0
	}
}
*HELPEROBJECT {
	*NODE_NAME "Bip01 R Hand"
	*NODE_PARENT "Bip01 R Forearm"
	*NODE_TM {
		*NODE_NAME "Bip01 R Hand"
		*TM_ROW0 0.755101	-0.626242	0.194021
		*TM_ROW1 -0.132232	0.144381	0.980647
		*TM_ROW2 -0.642135	-0.766143	0.0262131
		*TM_ROW3 70.0969	-15.5229	102.828
		*TM_POS 70.0969	-15.5229	102.828
		*TM_ROTAXIS -0.873998	0.418367	0.247176
		*TM_ROTANGLE 1.60796
		*TM_SCALE 1	1	1
		*TM_SCALEAXIS 0	0	0
		*TM_SCALEAXISANG 0	0	0
	}
}
*HELPEROBJECT {
	*NODE_NAME "Bip01 R Finger0"
	*NODE_PARENT "Bip01 R Hand"
	*NODE_TM {
		*NODE_NAME "Bip01 R Finger0"
		*TM_ROW0 0.7551	-0.626243	0.194021
		*TM_ROW1 -0.132722	0.143796	0.980667
		*TM_ROW2 -0.642035	-0.766252	0.0254636
		*TM_ROW3 79.815	-23.5826	105.325
		*TM_POS 79.815	-23.5826	105.325
		*TM_ROTAXIS -0.874085	0.418327	0.246937
		*TM_ROTANGLE 1.60863
		*TM_SCALE 1	1	1
		*TM_SCALEAXIS 0	0	0
		*TM_SCALEAXISANG 0	0	0
	}
}
*HELPEROBJECT {
	*NODE_NAME "zs_RightHand"
	*NODE_PARENT "Bip01 R Hand"
	*NODE_TM {
		*NODE_NAME "zs_RightHand"
		*TM_ROW0 0.0365619	0.998993	0.0260055
		*TM_ROW1 -0.993092	0.0392247	-0.110586
		*TM_ROW2 -0.111495	-0.0217826	0.993526
		*TM_ROW3 142.64	-83.0502	177.573
		*TM_POS 142.64	-83.0502	177.573
		*TM_ROTAXIS 0.0444283	0.0687914	-0.996641
		*TM_ROTANGLE 1.53613
		*TM_SCALE 1	1	1
		*TM_SCALEAXIS 0	0	0
		*TM_SCALEAXISANG 0	0	0
	}
}
*HELPEROBJECT {
	*NODE_NAME "zs_Crossbow"
	*NODE_PARENT "Bip01 Spine2"
	*NODE_TM {
		*NODE_NAME "zs_Crossbow"
		*TM_ROW0 -0.256691	0.141333	0.956104
		*TM_ROW1 -0.301124	0.928315	-0.21807
		*TM_ROW2 -0.918387	-0.343883	-0.195731
		*TM_ROW3 363.125	220.229	1512.19
		*TM_POS 363.125	220.229	1512.19
		*TM_ROTAXIS -0.0651843	0.971185	-0.22924
		*TM_ROTANGLE 1.83595
		*TM_SCALE 1	1	1
		*TM_SCALEAXIS 0	0	0
		*TM_SCALEAXISANG 0	0	0
	}
}
*HELPEROBJECT {
	*NODE_NAME "zs_Longsword"
	*NODE_PARENT "Bip01 Spine2"
	*NODE_TM {
		*NODE_NAME "zs_Longsword"
		*TM_ROW0 -0.425396	0.214058	0.879328
		*TM_ROW1 -0.162262	0.937841	-0.3068
		*TM_ROW2 -0.890343	-0.273192	-0.36422
		*TM_ROW3 139.995	279.144	1191.29
		*TM_POS 139.995	279.144	1191.29
		*TM_ROTAXIS 0.0185721	0.97796	-0.207963
		*TM_ROTANGLE 2.01074
		*TM_SCALE 1	1	1
		*TM_SCALEAXIS 0	0	0
		*TM_SCALEAXISANG 0	0	0
	}
}
*HELPEROBJECT {
	*NODE_NAME "zs_Shield"
	*NODE_PARENT "Bip01 Spine2"
	*NODE_TM {
		*NODE_NAME "zs_Shield"
		*TM_ROW0 0.276303	0.294224	-0.914926
		*TM_ROW1 0.0234201	0.949642	0.312461
		*TM_ROW2 0.960785	-0.107762	0.255498
		*TM_ROW3 552.827	-76.2681	371.908
		*TM_POS 552.827	-76.2681	371.908
		*TM_ROTAXIS -0.216477	-0.966269	-0.139504
		*TM_ROTANGLE 1.32769
		*TM_SCALE 1	1	1
		*TM_SCALEAXIS 0	0	0
		*TM_SCALEAXISANG 0	0	0
	}
}
*HELPEROBJECT {
	*NODE_NAME "zs_Bow"
	*NODE_PARENT "Bip01 Spine2"
	*NODE_TM {
		*NODE_NAME "zs_Bow"
		*TM_ROW0 -0.374991	0.0532367	0.925499
		*TM_ROW1 0.891891	0.292979	0.344521
		*TM_ROW2 -0.25281	0.954636	-0.157346
		*TM_ROW3 583.986	171.729	214.398
		*TM_POS 583.986	171.729	214.398
		*TM_ROTAXIS -0.38868	-0.750654	-0.534273
		*TM_ROTANGLE 4.04406
		*TM_SCALE 1	1	1
		*TM_SCALEAXIS 0	0	0
		*TM_SCALEAXISANG 0	0	0
	}
}
*HELPEROBJECT {
	*NODE_NAME "zs_Sword"
	*NODE_PARENT "Bip01 Spine"
	*NODE_TM {
		*NODE_NAME "zs_Sword"
		*TM_ROW0 -0.134461	-0.245788	0.959952
		*TM_ROW1 0.575474	0.769274	0.277574
		*TM_ROW2 -0.806691	0.58975	0.0380072
		*TM_ROW3 392.474	-116.664	77.5795
		*TM_POS 392.474	-116.664	77.5795
		*TM_ROTAXIS 0.15822	0.895384	0.416238
		*TM_ROTANGLE 1.73512
		*TM_SCALE 1	1	1
		*TM_SCALEAXIS 0	0	0
		*TM_SCALEAXISANG 0	0	0
	}
}
*HELPEROBJECT {
	*NODE_NAME "Bip01 L Thigh"
	*NODE_PARENT "Bip01 Pelvis"
	*NODE_TM {
		*NODE_NAME "Bip01 L Thigh"
		*TM_ROW0 0.242989	-0.968709	-0.0505977
		*TM_ROW1 -0.238453	-0.110211	0.96488
		*TM_ROW2 -0.940264	-0.22239	-0.257771
		*TM_ROW3 102.253	5.72791	54.4823
		*TM_POS 102.253	5.72791	54.4823
		*TM_ROTAXIS -0.717992	0.538018	0.441616
		*TM_ROTANGLE 2.1682
		*TM_SCALE 1	1	1
		*TM_SCALEAXIS 0	0	0
		*TM_SCALEAXISANG 0	0	0
	}
	*TM_ANIMATION {
		*NODE_NAME "Bip01 L Thigh"
		*CONTROL_POS_TRACK {
			*CONTROL_POS_SAMPLE 192	2.23939	5.66115	50.6526
			*CONTROL_POS_SAMPLE 384	5.10927	5.66949	52.6427
			*CONTROL_POS_SAMPLE 576	7.97915	5.67784	54.4897
			*CONTROL_POS_SAMPLE 768	10.849	5.68618	56.2414
			*CONTROL_POS_SAMPLE 960	13.7189	5.69453	57.1826
			*CONTROL_POS_SAMPLE 1152	16.5888	5.70287	56.7806
			*CONTROL_POS_SAMPLE 1344	19.4587	5.71122	55.8804
			*CONTROL_POS_SAMPLE 1536	22.3285	5.71956	54.9753
			*CONTROL_POS_SAMPLE 1728	25.1984	5.72791	54.5587
			*CONTROL_POS_SAMPLE 1920	29.7311	5.72791	54.623
			*CONTROL_POS_SAMPLE 2112	34.2637	5.72791	54.8113
			*CONTROL_POS_SAMPLE 2304	38.7964	5.72791	55.0927
			*CONTROL_POS_SAMPLE 2496	43.329	5.72791	55.4362
			*CONTROL_POS_SAMPLE 2688	47.8617	5.72791	55.811
			*CONTROL_POS_SAMPLE 2880	52.3943	5.72791	56.186
			*CONTROL_POS_SAMPLE 3072	56.927	5.72791	56.5305
			*CONTROL_POS_SAMPLE 3264	61.4596	5.72791	56.8135
			*CONTROL_POS_SAMPLE 3456	65.9923	5.72791	57.004
			*CONTROL_POS_SAMPLE 3648	70.5249	5.72791	57.0712
			*CONTROL_POS_SAMPLE 3840	75.0576	5.72791	56.9361
			*CONTROL_POS_SAMPLE 4032	79.5902	5.72791	56.5875
			*CONTROL_POS_SAMPLE 4224	84.1229	5.72791	56.0968
			*CONTROL_POS_SAMPLE 4416	88.6555	5.72791	55.5349
			*CONTROL_POS_SAMPLE 4608	93.1882	5.72791	54.973
			*CONTROL_POS_SAMPLE 4800	97.7208	5.72791	54.4823
			*CONTROL_POS_SAMPLE 4992	102.253	5.72791	54.4823
		}
		*CONTROL_ROT_TRACK {
			*CONTROL_ROT_SAMPLE 192	-0.726031	0.487788	0.484708	2.29297
			*CONTROL_ROT_SAMPLE 384	-0.743297	0.497212	0.447537	2.24676
			*CONTROL_ROT_SAMPLE 576	-0.738126	0.533508	0.412965	2.26943
			*CONTROL_ROT_SAMPLE 768	-0.754626	0.530943	0.385538	2.31148
			*CONTROL_ROT_SAMPLE 960	-0.772105	0.524077	0.359441	2.36763
			*CONTROL_ROT_SAMPLE 1152	-0.787732	0.515714	0.336922	2.42351
			*CONTROL_ROT_SAMPLE 1344	-0.805509	0.492749	0.329172	2.47825
			*CONTROL_ROT_SAMPLE 1536	-0.823078	0.459566	0.333679	2.53106
			*CONTROL_ROT_SAMPLE 1728	-0.834361	0.431398	0.343128	2.56936
			*CONTROL_ROT_SAMPLE 1920	-0.811028	0.454993	0.367715	2.51479
			*CONTROL_ROT_SAMPLE 2112	-0.791753	0.464751	0.3964	2.47411
			*CONTROL_ROT_SAMPLE 2304	-0.772097	0.468914	0.428935	2.4354
			*CONTROL_ROT_SAMPLE 2496	-0.751585	0.468647	0.464208	2.39913
			*CONTROL_ROT_SAMPLE 2688	-0.729686	0.465339	0.501018	2.3654
			*CONTROL_ROT_SAMPLE 2880	-0.706825	0.460365	0.537087	2.33553
			*CONTROL_ROT_SAMPLE 3072	-0.683035	0.453502	0.572538	2.30886
			*CONTROL_ROT_SAMPLE 3264	-0.657015	0.443244	0.609809	2.28348
			*CONTROL_ROT_SAMPLE 3456	0.627428	-0.427792	-0.650637	4.02456
			*CONTROL_ROT_SAMPLE 3648	0.596114	-0.408217	-0.69138	4.04405
			*CONTROL_ROT_SAMPLE 3840	0.565397	-0.386005	-0.728921	4.05347
			*CONTROL_ROT_SAMPLE 4032	0.536517	-0.360644	-0.762945	4.05724
			*CONTROL_ROT_SAMPLE 4224	0.566332	-0.39636	-0.722611	4.09518
			*CONTROL_ROT_SAMPLE 4416	0.603264	-0.43896	-0.665873	4.12506
			*CONTROL_ROT_SAMPLE 4608	-0.643473	0.482255	0.594452	2.14459
			*CONTROL_ROT_SAMPLE 4800	-0.682479	0.518423	0.515229	2.14927
			*CONTROL_ROT_SAMPLE 4992	-0.717992	0.538018	0.441616	2.1682
		}
	}
}
*HELPEROBJECT {
	*NODE_NAME "Bip01 L Calf"
	*NODE_PARENT "Bip01 L Thigh"
	*NODE_TM {
		*NODE_NAME "Bip01 L Calf"
		*TM_ROW0 0.0673834	0.62061	-0.781218
		*TM_ROW1 0.333711	-0.751921	-0.568552
		*TM_ROW2 -0.940264	-0.22239	-0.257771
		*TM_ROW3 111.814	-32.3858	52.4915
		*TM_POS 111.814	-32.3858	52.4915
		*TM_ROTAXIS -0.725857	-0.333498	0.601591
		*TM_ROTANGLE 3.38236
		*TM_SCALE 1	1	1
		*TM_SCALEAXIS 0	0	0
		*TM_SCALEAXISANG 0	0	0
	}
	*TM_ANIMATION {
		*NODE_NAME "Bip01 L Calf"
		*CONTROL_POS_TRACK {
			*CONTROL_POS_SAMPLE 192	10.6804	-31.7935	42.0552
			*CONTROL_POS_SAMPLE 384	15.831	-31.7052	46.6268
			*CONTROL_POS_SAMPLE 576	17.8971	-32.2227	50.8562
			*CONTROL_POS_SAMPLE 768	21.8236	-31.9101	52.4871
			*CONTROL_POS_SAMPLE 960	25.8107	-31.4966	52.8672
			*CONTROL_POS_SAMPLE 1152	29.7594	-31.0393	51.8246
			*CONTROL_POS_SAMPLE 1344	34.101	-30.1849	49.1656
			*CONTROL_POS_SAMPLE 1536	38.5852	-28.8835	45.6821
			*CONTROL_POS_SAMPLE 1728	42.5385	-27.6503	43.016
			*CONTROL_POS_SAMPLE 1920	44.7053	-29.0358	43.8863
			*CONTROL_POS_SAMPLE 2112	47.398	-29.7745	44.0835
			*CONTROL_POS_SAMPLE 2304	50.1614	-30.3065	44.1211
			*CONTROL_POS_SAMPLE 2496	52.9403	-30.6899	44.0616
			*CONTROL_POS_SAMPLE 2688	55.6833	-30.9748	43.9893
			*CONTROL_POS_SAMPLE 2880	58.4201	-31.1866	43.9784
			*CONTROL_POS_SAMPLE 3072	61.1602	-31.3242	43.9912
			*CONTROL_POS_SAMPLE 3264	63.8224	-31.3751	43.9372
			*CONTROL_POS_SAMPLE 3456	66.3357	-31.3157	43.7499
			*CONTROL_POS_SAMPLE 3648	68.7888	-31.1292	43.4126
			*CONTROL_POS_SAMPLE 3840	71.2465	-30.7918	42.8009
			*CONTROL_POS_SAMPLE 4032	73.8439	-30.3262	41.9215
			*CONTROL_POS_SAMPLE 4224	81.2742	-31.4008	43.394
			*CONTROL_POS_SAMPLE 4416	89.1062	-32.2728	45.3489
			*CONTROL_POS_SAMPLE 4608	96.965	-32.7519	47.6891
			*CONTROL_POS_SAMPLE 4800	104.555	-32.7772	50.1618
			*CONTROL_POS_SAMPLE 4992	111.814	-32.3858	52.4915
		}
		*CONTROL_ROT_TRACK {
			*CONTROL_ROT_SAMPLE 192	-0.718032	-0.380715	0.582654	3.53418
			*CONTROL_ROT_SAMPLE 384	-0.716409	-0.391566	0.577438	3.45795
			*CONTROL_ROT_SAMPLE 576	-0.74251	-0.379459	0.551987	3.42468
			*CONTROL_ROT_SAMPLE 768	-0.759203	-0.383737	0.525697	3.38557
			*CONTROL_ROT_SAMPLE 960	-0.777137	-0.389021	0.494693	3.35418
			*CONTROL_ROT_SAMPLE 1152	-0.79386	-0.39199	0.464899	3.32863
			*CONTROL_ROT_SAMPLE 1344	-0.807839	-0.387569	0.444056	3.31046
			*CONTROL_ROT_SAMPLE 1536	-0.819816	-0.376062	0.431832	3.30066
			*CONTROL_ROT_SAMPLE 1728	-0.827974	-0.362537	0.427816	3.29798
			*CONTROL_ROT_SAMPLE 1920	-0.810049	-0.366227	0.457929	3.33946
			*CONTROL_ROT_SAMPLE 2112	-0.792458	-0.368471	0.486044	3.3859
			*CONTROL_ROT_SAMPLE 2304	-0.77399	-0.367541	0.51561	3.43523
			*CONTROL_ROT_SAMPLE 2496	-0.754847	-0.363447	0.545997	3.48607
			*CONTROL_ROT_SAMPLE 2688	-0.735277	-0.35615	0.57665	3.537
			*CONTROL_ROT_SAMPLE 2880	-0.716069	-0.346535	0.605936	3.58617
			*CONTROL_ROT_SAMPLE 3072	-0.696717	-0.33499	0.634324	3.6332
			*CONTROL_ROT_SAMPLE 3264	-0.675413	-0.320231	0.664281	3.67848
			*CONTROL_ROT_SAMPLE 3456	0.650181	0.300812	-0.697693	2.56252
			*CONTROL_ROT_SAMPLE 3648	0.622731	0.278487	-0.731199	2.52671
			*CONTROL_ROT_SAMPLE 3840	0.5954	0.255208	-0.761819	2.49923
			*CONTROL_ROT_SAMPLE 4032	0.566817	0.233101	-0.790179	2.48242
			*CONTROL_ROT_SAMPLE 4224	0.592348	0.254658	-0.764378	2.52286
			*CONTROL_ROT_SAMPLE 4416	0.624243	0.279169	-0.729647	2.58665
			*CONTROL_ROT_SAMPLE 4608	0.659691	0.30278	-0.687846	2.6759
			*CONTROL_ROT_SAMPLE 4800	-0.694938	-0.321839	0.643024	3.49818
			*CONTROL_ROT_SAMPLE 4992	-0.725857	-0.333498	0.601591	3.38236
		}
	}
}
*HELPEROBJECT {
	*NODE_NAME "Bip01 L Foot"
	*NODE_PARENT "Bip01 L Calf"
	*NODE_TM {
		*NODE_NAME "Bip01 L Foot"
		*TM_ROW0 0.000569515	-0.000255938	-1
		*TM_ROW1 0.173637	-0.98481	0.000350937
		*TM_ROW2 -0.98481	-0.173637	-0.000516424
		*TM_ROW3 115.122	-1.91524	14.1355
		*TM_POS 115.122	-1.91524	14.1355
		*TM_ROTAXIS -0.705955	-0.0616344	0.705569
		*TM_ROTANGLE 3.01805
		*TM_SCALE 1	1	1
		*TM_SCALEAXIS 0	0	0
		*TM_SCALEAXISANG 0	0	0
	}
	*TM_ANIMATION {
		*NODE_NAME "Bip01 L Foot"
		*CONTROL_POS_TRACK {
			*CONTROL_POS_SAMPLE 192	14.0188	4.97311	9.68776
			*CONTROL_POS_SAMPLE 384	18.3172	3.97739	12.9942
			*CONTROL_POS_SAMPLE 576	23.8134	2.46346	16.6151
			*CONTROL_POS_SAMPLE 768	29.9406	2.50884	18.4278
			*CONTROL_POS_SAMPLE 960	36.4551	2.98057	19.5715
			*CONTROL_POS_SAMPLE 1152	42.8624	3.49554	19.479
			*CONTROL_POS_SAMPLE 1344	49.3286	4.00493	17.3889
			*CONTROL_POS_SAMPLE 1536	55.6877	4.55755	14.0628
			*CONTROL_POS_SAMPLE 1728	60.9462	4.91683	11.2178
			*CONTROL_POS_SAMPLE 1920	60.3708	4.23051	11.3513
			*CONTROL_POS_SAMPLE 2112	60.5084	4.24487	11.1992
			*CONTROL_POS_SAMPLE 2304	60.7313	4.3568	10.9954
			*CONTROL_POS_SAMPLE 2496	61.0345	4.51121	10.8058
			*CONTROL_POS_SAMPLE 2688	61.4134	4.65299	10.6965
			*CONTROL_POS_SAMPLE 2880	61.9981	4.79042	10.7604
			*CONTROL_POS_SAMPLE 3072	62.72	4.93809	10.9278
			*CONTROL_POS_SAMPLE 3264	63.2763	5.05038	11.0212
			*CONTROL_POS_SAMPLE 3456	63.3693	5.07009	10.9191
			*CONTROL_POS_SAMPLE 3648	63.276	5.05003	10.6826
			*CONTROL_POS_SAMPLE 3840	63.276	5.05001	10.2062
			*CONTROL_POS_SAMPLE 4032	63.276	5.05001	9.55759
			*CONTROL_POS_SAMPLE 4224	72.5392	3.80554	10.3063
			*CONTROL_POS_SAMPLE 4416	82.7701	2.43107	11.201
			*CONTROL_POS_SAMPLE 4608	93.5542	0.982297	12.1792
			*CONTROL_POS_SAMPLE 4800	104.476	-0.485051	13.1782
			*CONTROL_POS_SAMPLE 4992	115.122	-1.91524	14.1355
		}
		*CONTROL_ROT_TRACK {
			*CONTROL_ROT_SAMPLE 192	-0.698136	-0.270994	0.662698	3.19318
			*CONTROL_ROT_SAMPLE 384	-0.705648	-0.178789	0.685635	3.11497
			*CONTROL_ROT_SAMPLE 576	-0.705986	-0.061617	0.70554	3.01802
			*CONTROL_ROT_SAMPLE 768	0.704726	0.0356943	-0.708581	3.28623
			*CONTROL_ROT_SAMPLE 960	0.704768	0.0364364	-0.708502	3.28563
			*CONTROL_ROT_SAMPLE 1152	0.705055	0.0416266	-0.70793	3.28142
			*CONTROL_ROT_SAMPLE 1344	0.705267	0.0457028	-0.707467	3.27811
			*CONTROL_ROT_SAMPLE 1536	0.705672	0.0542199	-0.706461	3.27119
			*CONTROL_ROT_SAMPLE 1728	-0.705982	-0.0616195	0.705544	3.01802
			*CONTROL_ROT_SAMPLE 1920	-0.705982	-0.0616192	0.705544	3.01802
			*CONTROL_ROT_SAMPLE 2112	-0.705982	-0.0616194	0.705544	3.01802
			*CONTROL_ROT_SAMPLE 2304	-0.705982	-0.0616196	0.705545	3.01802
			*CONTROL_ROT_SAMPLE 2496	-0.705981	-0.0616199	0.705545	3.01802
			*CONTROL_ROT_SAMPLE 2688	-0.70598	-0.0616205	0.705546	3.01802
			*CONTROL_ROT_SAMPLE 2880	-0.705978	-0.0616215	0.705548	3.01803
			*CONTROL_ROT_SAMPLE 3072	-0.705976	-0.0616228	0.70555	3.01803
			*CONTROL_ROT_SAMPLE 3264	-0.705974	-0.0616242	0.705552	3.01803
			*CONTROL_ROT_SAMPLE 3456	-0.705971	-0.0616256	0.705554	3.01803
			*CONTROL_ROT_SAMPLE 3648	-0.705969	-0.0616271	0.705556	3.01804
			*CONTROL_ROT_SAMPLE 3840	-0.705967	-0.0616284	0.705559	3.01804
			*CONTROL_ROT_SAMPLE 4032	-0.705964	-0.0616296	0.705561	3.01804
			*CONTROL_ROT_SAMPLE 4224	-0.705963	-0.0616305	0.705563	3.01804
			*CONTROL_ROT_SAMPLE 4416	-0.705961	-0.0616315	0.705564	3.01804
			*CONTROL_ROT_SAMPLE 4608	-0.705959	-0.0616324	0.705566	3.01805
			*CONTROL_ROT_SAMPLE 4800	-0.705957	-0.0616335	0.705568	3.01805
			*CONTROL_ROT_SAMPLE 4992	-0.705955	-0.0616344	0.705569	3.01805
		}
	}
}
*HELPEROBJECT {
	*NODE_NAME "Bip01 L Toe0"
	*NODE_PARENT "Bip01 L Foot"
	*NODE_TM {
		*NODE_NAME "Bip01 L Toe0"
		*TM_ROW0 0.173635	-0.98481	0.000271828
		*TM_ROW1 -0.000553809	0.000178377	1
		*TM_ROW2 -0.98481	-0.173635	-0.000514411
		*TM_ROW3 119.061	-24.2183	1.51671
		*TM_POS 119.061	-24.2183	1.51671
		*TM_ROTAXIS -0.644449	0.540914	0.54046
		*TM_ROTANGLE 1.99693
		*TM_SCALE 1	1	1
		*TM_SCALEAXIS 0	0	0
		*TM_SCALEAXISANG 0	0	0
	}
	*TM_ANIMATION {
		*NODE_NAME "Bip01 L Toe0"
		*CONTROL_POS_TRACK {
			*CONTROL_POS_SAMPLE 192	21.4976	-9.11101	-10.7544
			*CONTROL_POS_SAMPLE 384	24.3933	-14.256	-4.40697
			*CONTROL_POS_SAMPLE 576	27.7535	-19.8401	3.99751
			*CONTROL_POS_SAMPLE 768	33.3679	-20.4988	6.97875
			*CONTROL_POS_SAMPLE 960	39.8972	-20.0079	8.08848
			*CONTROL_POS_SAMPLE 1152	46.408	-19.3575	7.75953
			*CONTROL_POS_SAMPLE 1344	52.9552	-18.7396	5.48468
			*CONTROL_POS_SAMPLE 1536	59.4825	-17.9544	1.7751
			*CONTROL_POS_SAMPLE 1728	64.8861	-17.3867	-1.39993
			*CONTROL_POS_SAMPLE 1920	64.3107	-18.073	-1.26642
			*CONTROL_POS_SAMPLE 2112	64.4483	-18.0587	-1.41854
			*CONTROL_POS_SAMPLE 2304	64.6712	-17.9467	-1.62238
			*CONTROL_POS_SAMPLE 2496	64.9744	-17.7923	-1.81194
			*CONTROL_POS_SAMPLE 2688	65.3533	-17.6505	-1.92128
			*CONTROL_POS_SAMPLE 2880	65.9379	-17.513	-1.85751
			*CONTROL_POS_SAMPLE 3072	66.6597	-17.3653	-1.69019
			*CONTROL_POS_SAMPLE 3264	67.2159	-17.253	-1.59687
			*CONTROL_POS_SAMPLE 3456	67.3089	-17.2333	-1.69905
			*CONTROL_POS_SAMPLE 3648	67.2155	-17.2533	-1.93563
			*CONTROL_POS_SAMPLE 3840	67.2154	-17.2533	-2.41219
			*CONTROL_POS_SAMPLE 4032	67.2153	-17.2532	-3.06084
			*CONTROL_POS_SAMPLE 4224	76.4784	-18.4977	-2.31218
			*CONTROL_POS_SAMPLE 4416	86.7093	-19.8721	-1.41752
			*CONTROL_POS_SAMPLE 4608	97.4933	-21.3208	-0.439441
			*CONTROL_POS_SAMPLE 4800	108.416	-22.7882	0.559488
			*CONTROL_POS_SAMPLE 4992	119.061	-24.2183	1.51671
		}
		*CONTROL_ROT_TRACK {
			*CONTROL_ROT_SAMPLE 192	-0.767195	0.338147	0.54504	2.20759
			*CONTROL_ROT_SAMPLE 384	-0.719311	0.428479	0.546807	2.10781
			*CONTROL_ROT_SAMPLE 576	-0.644455	0.54095	0.540417	1.99695
			*CONTROL_ROT_SAMPLE 768	-0.62567	0.565302	0.537559	1.97493
			*CONTROL_ROT_SAMPLE 960	-0.626219	0.564608	0.53765	1.97555
			*CONTROL_ROT_SAMPLE 1152	-0.630041	0.55975	0.538264	1.97989
			*CONTROL_ROT_SAMPLE 1344	-0.633019	0.555927	0.538731	1.98332
			*CONTROL_ROT_SAMPLE 1536	-0.639177	0.547921	0.539663	1.99057
			*CONTROL_ROT_SAMPLE 1728	-0.644454	0.540945	0.540424	1.99695
			*CONTROL_ROT_SAMPLE 1920	-0.644454	0.540945	0.540423	1.99695
			*CONTROL_ROT_SAMPLE 2112	-0.644454	0.540945	0.540424	1.99695
			*CONTROL_ROT_SAMPLE 2304	-0.644454	0.540944	0.540424	1.99695
			*CONTROL_ROT_SAMPLE 2496	-0.644454	0.540944	0.540425	1.99695
			*CONTROL_ROT_SAMPLE 2688	-0.644454	0.540942	0.540427	1.99695
			*CONTROL_ROT_SAMPLE 2880	-0.644453	0.54094	0.540429	1.99694
			*CONTROL_ROT_SAMPLE 3072	-0.644453	0.540938	0.540432	1.99694
			*CONTROL_ROT_SAMPLE 3264	-0.644453	0.540935	0.540435	1.99694
			*CONTROL_ROT_SAMPLE 3456	-0.644452	0.540932	0.540438	1.99694
			*CONTROL_ROT_SAMPLE 3648	-0.644452	0.540929	0.540441	1.99694
			*CONTROL_ROT_SAMPLE 3840	-0.644452	0.540927	0.540445	1.99694
			*CONTROL_ROT_SAMPLE 4032	-0.644451	0.540924	0.540448	1.99693
			*CONTROL_ROT_SAMPLE 4224	-0.644451	0.540922	0.540451	1.99693
			*CONTROL_ROT_SAMPLE 4416	-0.64445	0.54092	0.540453	1.99693
			*CONTROL_ROT_SAMPLE 4608	-0.64445	0.540918	0.540456	1.99693
			*CONTROL_ROT_SAMPLE 4800	-0.64445	0.540916	0.540458	1.99693
			*CONTROL_ROT_SAMPLE 4992	-0.644449	0.540914	0.54046	1.99693
		}
	}
}
*HELPEROBJECT {
	*NODE_NAME "Bip01 R Thigh"
	*NODE_PARENT "Bip01 Pelvis"
	*NODE_TM {
		*NODE_NAME "Bip01 R Thigh"
		*TM_ROW0 -0.374515	0.0995125	-0.921865
		*TM_ROW1 -0.00562291	-0.99445	-0.105063
		*TM_ROW2 -0.927204	-0.0341642	0.372996
		*TM_ROW3 85.2517	9.80553	50.1177
		*TM_POS 85.2517	9.80553	50.1177
		*TM_ROTAXIS 0.558614	0.0420614	-0.828361
		*TM_ROTANGLE 3.07809
		*TM_SCALE 1	1	1
		*TM_SCALEAXIS 0	0	0
		*TM_SCALEAXISANG 0	0	0
	}
	*TM_ANIMATION {
		*NODE_NAME "Bip01 R Thigh"
		*CONTROL_POS_TRACK {
			*CONTROL_POS_SAMPLE 192	-14.7624	9.73878	46.288
			*CONTROL_POS_SAMPLE 384	-11.8925	9.74712	48.2781
			*CONTROL_POS_SAMPLE 576	-9.02261	9.75547	50.1252
			*CONTROL_POS_SAMPLE 768	-6.15273	9.76381	51.8769
			*CONTROL_POS_SAMPLE 960	-3.28285	9.77216	52.8181
			*CONTROL_POS_SAMPLE 1152	-0.412972	9.7805	52.4161
			*CONTROL_POS_SAMPLE 1344	2.45691	9.78885	51.5158
			*CONTROL_POS_SAMPLE 1536	5.32678	9.79719	50.6107
			*CONTROL_POS_SAMPLE 1728	8.19666	9.80554	50.1941
			*CONTROL_POS_SAMPLE 1920	12.7293	9.80554	50.2585
			*CONTROL_POS_SAMPLE 2112	17.262	9.80554	50.4468
			*CONTROL_POS_SAMPLE 2304	21.7946	9.80554	50.7281
			*CONTROL_POS_SAMPLE 2496	26.3273	9.80554	51.0717
			*CONTROL_POS_SAMPLE 2688	30.8599	9.80554	51.4464
			*CONTROL_POS_SAMPLE 2880	35.3926	9.80554	51.8215
			*CONTROL_POS_SAMPLE 3072	39.9252	9.80554	52.166
			*CONTROL_POS_SAMPLE 3264	44.4579	9.80554	52.449
			*CONTROL_POS_SAMPLE 3456	48.9905	9.80554	52.6395
			*CONTROL_POS_SAMPLE 3648	53.5232	9.80554	52.7067
			*CONTROL_POS_SAMPLE 3840	58.0558	9.80554	52.5715
			*CONTROL_POS_SAMPLE 4032	62.5885	9.80554	52.223
			*CONTROL_POS_SAMPLE 4224	67.1211	9.80554	51.7322
			*CONTROL_POS_SAMPLE 4416	71.6538	9.80553	51.1704
			*CONTROL_POS_SAMPLE 4608	76.1864	9.80553	50.6085
			*CONTROL_POS_SAMPLE 4800	80.7191	9.80553	50.1177
			*CONTROL_POS_SAMPLE 4992	85.2517	9.80553	50.1177
		}
		*CONTROL_ROT_TRACK {
			*CONTROL_ROT_SAMPLE 192	0.579479	0.0558829	-0.813069	3.06221
			*CONTROL_ROT_SAMPLE 384	0.569088	0.03076	-0.821701	3.05112
			*CONTROL_ROT_SAMPLE 576	0.555487	0.0160471	-0.83137	3.03484
			*CONTROL_ROT_SAMPLE 768	0.536855	0.01228	-0.843585	3.03859
			*CONTROL_ROT_SAMPLE 960	0.515846	0.0138376	-0.85657	3.04912
			*CONTROL_ROT_SAMPLE 1152	0.49088	0.0198762	-0.871	3.06308
			*CONTROL_ROT_SAMPLE 1344	0.46341	0.0254745	-0.885778	3.07273
			*CONTROL_ROT_SAMPLE 1536	0.424407	0.0200608	-0.905249	3.06856
			*CONTROL_ROT_SAMPLE 1728	0.419588	0.0385633	-0.906895	3.08515
			*CONTROL_ROT_SAMPLE 1920	0.425086	0.038402	-0.904338	3.0837
			*CONTROL_ROT_SAMPLE 2112	0.431595	0.038315	-0.901253	3.07829
			*CONTROL_ROT_SAMPLE 2304	0.439276	0.0376135	-0.897564	3.06746
			*CONTROL_ROT_SAMPLE 2496	0.448244	0.0354649	-0.893207	3.05039
			*CONTROL_ROT_SAMPLE 2688	0.458568	0.0309274	-0.888121	3.027
			*CONTROL_ROT_SAMPLE 2880	0.470252	0.0230255	-0.882232	2.99788
			*CONTROL_ROT_SAMPLE 3072	0.483193	0.0108691	-0.875447	2.9641
			*CONTROL_ROT_SAMPLE 3264	0.50033	-0.00936605	-0.865784	2.92193
			*CONTROL_ROT_SAMPLE 3456	0.521156	-0.0366284	-0.852675	2.86832
			*CONTROL_ROT_SAMPLE 3648	0.540881	-0.0644531	-0.838626	2.80691
			*CONTROL_ROT_SAMPLE 3840	0.555741	-0.0879027	-0.826695	2.74353
			*CONTROL_ROT_SAMPLE 4032	0.56271	-0.104933	-0.819968	2.68611
			*CONTROL_ROT_SAMPLE 4224	0.498358	-0.113879	-0.85946	2.70526
			*CONTROL_ROT_SAMPLE 4416	0.505349	-0.0867092	-0.858548	2.80561
			*CONTROL_ROT_SAMPLE 4608	0.522393	-0.0495118	-0.851266	2.90715
			*CONTROL_ROT_SAMPLE 4800	0.54222	-0.00487583	-0.840222	3.00036
			*CONTROL_ROT_SAMPLE 4992	0.558614	0.0420614	-0.828361	3.07809
		}
	}
}
*HELPEROBJECT {
	*NODE_NAME "Bip01 R Calf"
	*NODE_PARENT "Bip01 R Thigh"
	*NODE_TM {
		*NODE_NAME "Bip01 R Calf"
		*TM_ROW0 0.0294507	0.986099	0.16353
		*TM_ROW1 -0.373398	0.162611	-0.913308
		*TM_ROW2 -0.927204	-0.0341643	0.372996
		*TM_ROW3 70.5165	13.7208	13.8471
		*TM_POS 70.5165	13.7208	13.8471
		*TM_ROTAXIS 0.45035	0.55874	-0.696416
		*TM_ROTANGLE 1.79002
		*TM_SCALE 1	1	1
		*TM_SCALEAXIS 0	0	0
		*TM_SCALEAXISANG 0	0	0
	}
	*TM_ANIMATION {
		*NODE_NAME "Bip01 R Calf"
		*CONTROL_POS_TRACK {
			*CONTROL_POS_SAMPLE 192	-27.6012	14.8198	9.44563
			*CONTROL_POS_SAMPLE 384	-25.644	14.0428	11.6659
			*CONTROL_POS_SAMPLE 576	-23.9316	13.9403	13.9558
			*CONTROL_POS_SAMPLE 768	-22.6697	13.6938	16.3838
			*CONTROL_POS_SAMPLE 960	-21.5652	13.4447	18.173
			*CONTROL_POS_SAMPLE 1152	-20.7045	13.2349	18.8849
			*CONTROL_POS_SAMPLE 1344	-19.9162	13.1146	19.3227
			*CONTROL_POS_SAMPLE 1536	-19.7584	13.0652	20.4765
			*CONTROL_POS_SAMPLE 1728	-17.2429	13.0908	20.3604
			*CONTROL_POS_SAMPLE 1920	-12.3424	13.1477	20.1212
			*CONTROL_POS_SAMPLE 2112	-7.36086	13.3486	19.9643
			*CONTROL_POS_SAMPLE 2304	-2.27878	13.7194	19.8547
			*CONTROL_POS_SAMPLE 2496	2.92363	14.2544	19.7588
			*CONTROL_POS_SAMPLE 2688	8.26606	14.9132	19.6432
			*CONTROL_POS_SAMPLE 2880	13.7648	15.6245	19.4735
			*CONTROL_POS_SAMPLE 3072	19.4263	16.2972	19.2165
			*CONTROL_POS_SAMPLE 3264	25.5201	16.8637	18.6916
			*CONTROL_POS_SAMPLE 3456	32.0816	17.3856	17.9315
			*CONTROL_POS_SAMPLE 3648	38.7435	17.9765	17.1706
			*CONTROL_POS_SAMPLE 3840	45.1403	18.7201	16.4919
			*CONTROL_POS_SAMPLE 4032	50.9012	19.5876	15.95
			*CONTROL_POS_SAMPLE 4224	50.0905	19.8399	17.7134
			*CONTROL_POS_SAMPLE 4416	54.0426	17.591	16.8593
			*CONTROL_POS_SAMPLE 4608	59.0981	15.5786	15.6417
			*CONTROL_POS_SAMPLE 4800	64.7857	14.2518	14.4193
			*CONTROL_POS_SAMPLE 4992	70.5165	13.7208	13.8471
		}
		*CONTROL_ROT_TRACK {
			*CONTROL_ROT_SAMPLE 192	0.407156	0.67668	-0.613456	1.65604
			*CONTROL_ROT_SAMPLE 384	0.452311	0.608301	-0.652215	1.69936
			*CONTROL_ROT_SAMPLE 576	0.477222	0.549363	-0.685901	1.73459
			*CONTROL_ROT_SAMPLE 768	0.47535	0.509886	-0.716979	1.75553
			*CONTROL_ROT_SAMPLE 960	0.461308	0.482129	-0.744813	1.76559
			*CONTROL_ROT_SAMPLE 1152	0.436472	0.464033	-0.770821	1.75952
			*CONTROL_ROT_SAMPLE 1344	0.410054	0.443965	-0.796712	1.74981
			*CONTROL_ROT_SAMPLE 1536	0.386208	0.403577	-0.829439	1.72697
			*CONTROL_ROT_SAMPLE 1728	0.365527	0.404421	-0.838352	1.76598
			*CONTROL_ROT_SAMPLE 1920	0.366672	0.423912	-0.828161	1.73028
			*CONTROL_ROT_SAMPLE 2112	0.368422	0.446633	-0.815343	1.69009
			*CONTROL_ROT_SAMPLE 2304	0.372043	0.471265	-0.799683	1.64775
			*CONTROL_ROT_SAMPLE 2496	0.378977	0.496299	-0.781066	1.60564
			*CONTROL_ROT_SAMPLE 2688	0.390788	0.519935	-0.759574	1.56618
			*CONTROL_ROT_SAMPLE 2880	0.409017	0.539996	-0.735602	1.53191
			*CONTROL_ROT_SAMPLE 3072	0.434913	0.553859	-0.709994	1.50543
			*CONTROL_ROT_SAMPLE 3264	0.475726	0.557987	-0.679952	1.49102
			*CONTROL_ROT_SAMPLE 3456	0.52995	0.549557	-0.645864	1.4899
			*CONTROL_ROT_SAMPLE 3648	0.585427	0.529323	-0.614078	1.49695
			*CONTROL_ROT_SAMPLE 3840	0.632588	0.502528	-0.58932	1.50287
			*CONTROL_ROT_SAMPLE 4032	0.666118	0.476416	-0.57386	1.498
			*CONTROL_ROT_SAMPLE 4224	0.637152	0.43211	-0.638215	1.41065
			*CONTROL_ROT_SAMPLE 4416	0.591222	0.460391	-0.662191	1.4809
			*CONTROL_ROT_SAMPLE 4608	0.542473	0.496357	-0.677756	1.57544
			*CONTROL_ROT_SAMPLE 4800	0.493804	0.532155	-0.687728	1.68125
			*CONTROL_ROT_SAMPLE 4992	0.45035	0.55874	-0.696416	1.79002
		}
	}
}
*HELPEROBJECT {
	*NODE_NAME "Bip01 R Foot"
	*NODE_PARENT "Bip01 R Calf"
	*NODE_TM {
		*NODE_NAME "Bip01 R Foot"
		*TM_ROW0 0.0737535	0.341563	-0.936961
		*TM_ROW1 -0.253312	-0.90229	-0.348863
		*TM_ROW2 -0.964569	0.263073	0.0199748
