*3DSMAX_ASCIIEXPORT	110
*COMMENT "This file is part of Gothic Free Aim Copyright (C) 2016-2018  mud-freak (@szapp)"
*COMMENT "<http://github.com/szapp/GothicFreeAim>"
*COMMENT "Animations: first iteration"
*SCENE {
	*SCENE_FILENAME "bowIK_hurt.max"
	*SCENE_FIRSTFRAME 1
	*SCENE_LASTFRAME 10
	*SCENE_FRAMESPEED 25
	*SCENE_TICKSPERFRAME 192
	*SCENE_BACKGROUND_STATIC 0	0	0
	*SCENE_AMBIENT_STATIC 0.2	0.2	0.2
}
*HELPEROBJECT {
	*NODE_NAME "Bip01"
	*NODE_TM {
		*NODE_NAME "Bip01"
		*TM_ROW0 -0.836419	-0.547972	0.0113689
		*TM_ROW1 0.547171	-0.836037	-0.040567
		*TM_ROW2 0.0317344	-0.0277103	0.999112
		*TM_ROW3 -0.0496109	8.30836	93.7967
		*TM_POS -0.0496109	8.30836	93.7967
		*TM_ROTAXIS -0.0117369	0.0185917	-0.999758
		*TM_ROTANGLE 3.72121
		*TM_SCALE 1	1	1
		*TM_SCALEAXIS 0	0	0
		*TM_SCALEAXISANG 0	0	0
	}
}
*HELPEROBJECT {
	*NODE_NAME "Bip01 Footsteps"
	*NODE_PARENT "Bip01"
	*NODE_TM {
		*NODE_NAME "Bip01 Footsteps"
		*TM_ROW0 1	0	0
		*TM_ROW1 0	1	0
		*TM_ROW2 0	0	1
		*TM_ROW3 -0.0496109	8.30836	-2.1123
		*TM_POS -0.0496109	8.30836	-2.1123
		*TM_ROTAXIS 0	0	0
		*TM_ROTANGLE 0
		*TM_SCALE 1	1	1
		*TM_SCALEAXIS 0	0	0
		*TM_SCALEAXISANG 0	0	0
	}
}
*HELPEROBJECT {
	*NODE_NAME "Bip01 Pelvis"
	*NODE_PARENT "Bip01"
	*NODE_TM {
		*NODE_NAME "Bip01 Pelvis"
		*TM_ROW0 0.0317337	-0.0277091	0.999112
		*TM_ROW1 -0.836418	-0.547974	0.0113689
		*TM_ROW2 0.547172	-0.836037	-0.0405656
		*TM_ROW3 2.29814	8.78044	93.7352
		*TM_POS 2.29814	8.78044	93.7352
		*TM_ROTAXIS -0.674938	0.35996	-0.644118
		*TM_ROTANGLE 2.46291
		*TM_SCALE 1	1	1
		*TM_SCALEAXIS 0	0	0
		*TM_SCALEAXISANG 0	0	0
	}
}
*HELPEROBJECT {
	*NODE_NAME "Bip01 Spine"
	*NODE_PARENT "Bip01 Pelvis"
	*NODE_TM {
		*NODE_NAME "Bip01 Spine"
		*TM_ROW0 -0.0267009	-0.065869	0.997471
		*TM_ROW1 -0.836597	-0.544701	-0.0583644
		*TM_ROW2 0.547168	-0.836039	-0.0405617
		*TM_ROW3 2.44888	8.76274	96.1329
		*TM_POS 2.44888	8.76274	96.1329
		*TM_ROTAXIS -0.656887	0.380362	-0.651018
		*TM_ROTANGLE 2.50813
		*TM_SCALE 1	1	1
		*TM_SCALEAXIS 0	0	0
		*TM_SCALEAXISANG 0	0	0
	}
	*TM_ANIMATION {
		*NODE_NAME "Bip01 Spine"
		*CONTROL_POS_TRACK {
			*CONTROL_POS_SAMPLE 192	2.44888	8.76274	96.1329
			*CONTROL_POS_SAMPLE 384	2.02054	9.93736	96.133
			*CONTROL_POS_SAMPLE 576	1.57947	11.1025	96.1331
			*CONTROL_POS_SAMPLE 768	1.12766	12.2536	96.1332
			*CONTROL_POS_SAMPLE 960	0.667155	13.386	96.1333
			*CONTROL_POS_SAMPLE 1152	1.03619	12.4817	96.1332
			*CONTROL_POS_SAMPLE 1344	1.39992	11.5649	96.1332
			*CONTROL_POS_SAMPLE 1536	1.7573	10.6379	96.1331
			*CONTROL_POS_SAMPLE 1728	2.10729	9.70304	96.133
			*CONTROL_POS_SAMPLE 1920	2.44888	8.76274	96.1329
		}
		*CONTROL_ROT_TRACK {
			*CONTROL_ROT_SAMPLE 192	-0.656887	0.380362	-0.651018	2.50813
			*CONTROL_ROT_SAMPLE 384	-0.672215	0.389747	-0.629463	2.54533
			*CONTROL_ROT_SAMPLE 576	-0.686849	0.398724	-0.607666	2.58297
			*CONTROL_ROT_SAMPLE 768	-0.700804	0.407302	-0.585644	2.62102
			*CONTROL_ROT_SAMPLE 960	-0.714097	0.415491	-0.563411	2.65943
			*CONTROL_ROT_SAMPLE 1152	-0.703515	0.408971	-0.581214	2.62867
			*CONTROL_ROT_SAMPLE 1344	-0.692511	0.402203	-0.598884	2.59814
			*CONTROL_ROT_SAMPLE 1536	-0.681078	0.395182	-0.616413	2.56787
			*CONTROL_ROT_SAMPLE 1728	-0.669206	0.387903	-0.633794	2.53786
			*CONTROL_ROT_SAMPLE 1920	-0.656887	0.380362	-0.651018	2.50813
		}
	}
}
*HELPEROBJECT {
	*NODE_NAME "Bip01 Spine1"
	*NODE_PARENT "Bip01 Spine"
	*NODE_TM {
		*NODE_NAME "Bip01 Spine1"
		*TM_ROW0 -0.039078	-0.0785963	0.99614
		*TM_ROW1 -0.938651	-0.338959	-0.0635669
		*TM_ROW2 0.342647	-0.937512	-0.0605286
		*TM_ROW3 2.19604	8.11889	105.936
		*TM_POS 2.19604	8.11889	105.936
		*TM_ROTAXIS -0.628994	0.47033	-0.618996
		*TM_ROTANGLE 2.37357
		*TM_SCALE 1	1	1
		*TM_SCALEAXIS 0	0	0
		*TM_SCALEAXISANG 0	0	0
	}
	*TM_ANIMATION {
		*NODE_NAME "Bip01 Spine1"
		*CONTROL_POS_TRACK {
			*CONTROL_POS_SAMPLE 192	2.19604	8.11889	105.936
			*CONTROL_POS_SAMPLE 384	2.0137	8.70943	105.883
			*CONTROL_POS_SAMPLE 576	1.82312	9.29755	105.79
			*CONTROL_POS_SAMPLE 768	1.62524	9.88104	105.657
			*CONTROL_POS_SAMPLE 960	1.42103	10.4577	105.484
			*CONTROL_POS_SAMPLE 1152	1.58488	9.99699	105.625
			*CONTROL_POS_SAMPLE 1344	1.74479	9.53163	105.742
			*CONTROL_POS_SAMPLE 1536	1.90028	9.06274	105.832
			*CONTROL_POS_SAMPLE 1728	2.05086	8.59144	105.897
			*CONTROL_POS_SAMPLE 1920	2.19604	8.11889	105.936
		}
		*CONTROL_ROT_TRACK {
			*CONTROL_ROT_SAMPLE 192	-0.628994	0.47033	-0.618996	2.37357
			*CONTROL_ROT_SAMPLE 384	-0.645381	0.47998	-0.594224	2.40285
			*CONTROL_ROT_SAMPLE 576	-0.661095	0.488958	-0.569099	2.43246
			*CONTROL_ROT_SAMPLE 768	-0.676143	0.49727	-0.543649	2.46238
			*CONTROL_ROT_SAMPLE 960	-0.690534	0.504917	-0.5179	2.49257
			*CONTROL_ROT_SAMPLE 1152	-0.679073	0.498852	-0.538522	2.46839
			*CONTROL_ROT_SAMPLE 1344	-0.667193	0.492363	-0.558956	2.44439
			*CONTROL_ROT_SAMPLE 1536	-0.65489	0.485447	-0.57919	2.42058
			*CONTROL_ROT_SAMPLE 1728	-0.642158	0.478104	-0.599208	2.39697
			*CONTROL_ROT_SAMPLE 1920	-0.628994	0.47033	-0.618996	2.37357
		}
	}
}
*HELPEROBJECT {
	*NODE_NAME "Bip01 Spine2"
	*NODE_PARENT "Bip01 Spine1"
	*NODE_TM {
		*NODE_NAME "Bip01 Spine2"
		*TM_ROW0 -0.130741	0.0235049	0.991138
		*TM_ROW1 -0.984898	-0.117536	-0.12713
		*TM_ROW2 0.113506	-0.99279	0.0385166
		*TM_ROW3 1.71976	7.11646	118.679
		*TM_POS 1.71976	7.11646	118.679
		*TM_ROTAXIS -0.54354	0.551057	-0.633167
		*TM_ROTANGLE 2.22041
		*TM_SCALE 1	1	1
		*TM_SCALEAXIS 0	0	0
		*TM_SCALEAXISANG 0	0	0
	}
	*TM_ANIMATION {
		*NODE_NAME "Bip01 Spine2"
		*CONTROL_POS_TRACK {
			*CONTROL_POS_SAMPLE 192	1.71976	7.11646	118.679
			*CONTROL_POS_SAMPLE 384	1.84719	6.9385	118.551
			*CONTROL_POS_SAMPLE 576	1.97214	6.7676	118.329
			*CONTROL_POS_SAMPLE 768	2.09415	6.6048	118.014
			*CONTROL_POS_SAMPLE 960	2.21277	6.45108	117.607
			*CONTROL_POS_SAMPLE 1152	2.11816	6.5733	117.94
			*CONTROL_POS_SAMPLE 1344	2.02132	6.70146	118.214
			*CONTROL_POS_SAMPLE 1536	1.92249	6.83505	118.429
			*CONTROL_POS_SAMPLE 1728	1.82189	6.97355	118.584
			*CONTROL_POS_SAMPLE 1920	1.71976	7.11646	118.679
		}
		*CONTROL_ROT_TRACK {
			*CONTROL_ROT_SAMPLE 192	-0.54354	0.551057	-0.633167	2.22041
			*CONTROL_ROT_SAMPLE 384	-0.559024	0.563655	-0.6081	2.24162
			*CONTROL_ROT_SAMPLE 576	-0.573978	0.575489	-0.582548	2.26266
			*CONTROL_ROT_SAMPLE 768	-0.58841	0.586547	-0.556539	2.28353
			*CONTROL_ROT_SAMPLE 960	-0.602327	0.596818	-0.530104	2.30422
			*CONTROL_ROT_SAMPLE 1152	-0.591235	0.588665	-0.551285	2.28768
			*CONTROL_ROT_SAMPLE 1344	0.579813	-0.580006	0.572197	4.01216
			*CONTROL_ROT_SAMPLE 1536	-0.568059	0.570848	-0.592825	2.25426
			*CONTROL_ROT_SAMPLE 1728	-0.55597	0.561196	-0.613153	2.23739
			*CONTROL_ROT_SAMPLE 1920	-0.54354	0.551057	-0.633167	2.22041
		}
	}
}
*HELPEROBJECT {
	*NODE_NAME "Bip01 Neck"
	*NODE_PARENT "Bip01 Spine2"
	*NODE_TM {
		*NODE_NAME "Bip01 Neck"
		*TM_ROW0 -0.418375	-0.324523	0.84832
		*TM_ROW1 -0.131855	-0.902396	-0.410238
		*TM_ROW2 0.898653	-0.283489	0.33475
		*TM_ROW3 -2.19966	7.82615	148.4
		*TM_POS -2.19966	7.82615	148.4
		*TM_ROTAXIS -0.536959	0.213228	-0.816216
		*TM_ROTANGLE 3.25989
		*TM_SCALE 1	1	1
		*TM_SCALEAXIS 0	0	0
		*TM_SCALEAXISANG 0	0	0
	}
}
*HELPEROBJECT {
	*NODE_NAME "Bip01 Head"
	*NODE_PARENT "Bip01 Neck"
	*NODE_TM {
		*NODE_NAME "Bip01 Head"
		*TM_ROW0 -0.478393	0.0242117	0.877812
		*TM_ROW1 0.329045	-0.92185	0.20475
		*TM_ROW2 0.814168	0.386791	0.43304
		*TM_ROW3 -5.06102	5.60666	154.202
		*TM_POS -5.06102	5.60666	154.202
		*TM_ROTAXIS -0.504671	-0.17644	-0.84509
		*TM_ROTANGLE 3.32294
		*TM_SCALE 1	1	1
		*TM_SCALEAXIS 0	0	0
		*TM_SCALEAXISANG 0	0	0
	}
}
*HELPEROBJECT {
	*NODE_NAME "zs_Helmet"
	*NODE_PARENT "Bip01 Head"
	*NODE_TM {
		*NODE_NAME "zs_Helmet"
		*TM_ROW0 0.814168	0.386792	0.43304
		*TM_ROW1 -0.290497	0.917108	-0.272991
		*TM_ROW2 -0.502735	0.0964637	0.859042
		*TM_ROW3 -116.082	-54.0937	416.26
		*TM_POS -116.082	-54.0937	416.26
		*TM_ROTAXIS 0.304629	0.77158	-0.558449
		*TM_ROTANGLE 0.651527
		*TM_SCALE 1	1	1
		*TM_SCALEAXIS 0	0	0
		*TM_SCALEAXISANG 0	0	0
	}
}
*HELPEROBJECT {
	*NODE_NAME "Bip01 L Clavicle"
	*NODE_PARENT "Bip01 Neck"
	*NODE_TM {
		*NODE_NAME "Bip01 L Clavicle"
		*TM_ROW0 0.343247	-0.887333	0.307932
		*TM_ROW1 0.913452	0.391675	0.110434
		*TM_ROW2 -0.2186	0.243375	0.944977
		*TM_ROW3 1.83974	0.0790365	143.699
		*TM_POS 1.83974	0.0790365	143.699
		*TM_ROTAXIS 0.0706802	0.279938	0.957413
		*TM_ROTANGLE 1.22393
		*TM_SCALE 1	1	1
		*TM_SCALEAXIS 0	0	0
		*TM_SCALEAXISANG 0	0	0
	}
}
*HELPEROBJECT {
	*NODE_NAME "Bip01 L UpperArm"
	*NODE_PARENT "Bip01 L Clavicle"
	*NODE_TM {
		*NODE_NAME "Bip01 L UpperArm"
		*TM_ROW0 0.105933	-0.994218	0.0175471
		*TM_ROW1 0.979278	0.101245	-0.175398
		*TM_ROW2 0.172607	0.0357638	0.984341
		*TM_ROW3 6.41385	-11.7456	147.803
		*TM_POS 6.41385	-11.7456	147.803
		*TM_ROTAXIS 0.106068	-0.077888	0.991304
		*TM_ROTANGLE 1.47489
		*TM_SCALE 1	1	1
		*TM_SCALEAXIS 0	0	0
		*TM_SCALEAXISANG 0	0	0
	}
}
*HELPEROBJECT {
	*NODE_NAME "Bip01 L Forearm"
	*NODE_PARENT "Bip01 L UpperArm"
	*NODE_TM {
		*NODE_NAME "Bip01 L Forearm"
		*TM_ROW0 0.0537749	-0.998192	0.0268375
		*TM_ROW1 0.983522	0.0483005	-0.174218
		*TM_ROW2 0.172607	0.0357638	0.984341
		*TM_ROW3 9.37003	-39.4904	148.292
		*TM_POS 9.37003	-39.4904	148.292
		*TM_ROTAXIS 0.105089	-0.072953	0.991783
		*TM_ROTANGLE 1.52757
		*TM_SCALE 1	1	1
		*TM_SCALEAXIS 0	0	0
		*TM_SCALEAXISANG 0	0	0
	}
}
*HELPEROBJECT {
	*NODE_NAME "Bip01 L Hand"
	*NODE_PARENT "Bip01 L Forearm"
	*NODE_TM {
		*NODE_NAME "Bip01 L Hand"
		*TM_ROW0 0.299205	-0.932532	0.202137
		*TM_ROW1 -0.893023	-0.348296	-0.284957
		*TM_ROW2 0.336135	-0.0952527	-0.936984
		*TM_ROW3 10.8658	-67.2565	149.039
		*TM_POS 10.8658	-67.2565	149.039
		*TM_ROTAXIS -0.80522	0.568768	-0.167704
		*TM_ROTANGLE 3.25966
		*TM_SCALE 1	1	1
		*TM_SCALEAXIS 0	0	0
		*TM_SCALEAXISANG 0	0	0
	}
}
*HELPEROBJECT {
	*NODE_NAME "Bip01 L Finger0"
	*NODE_PARENT "Bip01 L Hand"
	*NODE_TM {
		*NODE_NAME "Bip01 L Finger0"
		*TM_ROW0 0.299204	-0.932533	0.202136
		*TM_ROW1 -0.893279	-0.348222	-0.284242
		*TM_ROW2 0.335453	-0.0955175	-0.937202
		*TM_ROW3 14.7166	-79.258	151.64
		*TM_POS 14.7166	-79.258	151.64
		*TM_ROTAXIS -0.805227	0.568822	-0.167483
		*TM_ROTANGLE 3.25905
		*TM_SCALE 1	1	1
		*TM_SCALEAXIS 0	0	0
		*TM_SCALEAXISANG 0	0	0
	}
}
*HELPEROBJECT {
	*NODE_NAME "zs_LeftHand"
	*NODE_PARENT "Bip01 L Hand"
	*NODE_TM {
		*NODE_NAME "zs_LeftHand"
		*TM_ROW0 0.264702	-0.00447173	-0.96432
		*TM_ROW1 0.416183	-0.901537	0.118421
		*TM_ROW2 -0.869899	-0.43268	-0.236778
		*TM_ROW3 -12.6718	-199.114	95.8644
		*TM_POS -12.6718	-199.114	95.8644
		*TM_ROTAXIS -0.787627	-0.134945	0.601194
		*TM_ROTANGLE 2.78418
		*TM_SCALE 1	1	1
		*TM_SCALEAXIS 0	0	0
		*TM_SCALEAXISANG 0	0	0
	}
}
*HELPEROBJECT {
	*NODE_NAME "zs_LeftArm"
	*NODE_PARENT "Bip01 L Forearm"
	*NODE_TM {
		*NODE_NAME "zs_LeftArm"
		*TM_ROW0 0.185219	-0.981907	-0.0394105
		*TM_ROW1 0.975804	0.188513	-0.110764
		*TM_ROW2 0.116189	-0.0179414	0.993065
		*TM_ROW3 -140.669	-307.943	234.654
		*TM_POS -140.669	-307.943	234.654
		*TM_ROTAXIS 0.0472119	-0.0791421	0.995745
		*TM_ROTANGLE 1.38635
		*TM_SCALE 1	1	1
		*TM_SCALEAXIS 0	0	0
		*TM_SCALEAXISANG 0	0	0
	}
}
*HELPEROBJECT {
	*NODE_NAME "Bip01 R Clavicle"
	*NODE_PARENT "Bip01 Neck"
	*NODE_TM {
		*NODE_NAME "Bip01 R Clavicle"
		*TM_ROW0 -0.73824	0.59506	-0.317654
		*TM_ROW1 0.61029	0.78981	0.0612091
		*TM_ROW2 0.28731	-0.148674	-0.946229
		*TM_ROW3 0.0317834	15.8922	143.086
		*TM_POS 0.0317834	15.8922	143.086
		*TM_ROTAXIS -0.327677	-0.94449	0.0237776
		*TM_ROTANGLE 2.81559
		*TM_SCALE 1	1	1
		*TM_SCALEAXIS 0	0	0
		*TM_SCALEAXISANG 0	0	0
	}
}
*HELPEROBJECT {
	*NODE_NAME "Bip01 R UpperArm"
	*NODE_PARENT "Bip01 R Clavicle"
	*NODE_TM {
		*NODE_NAME "Bip01 R UpperArm"
		*TM_ROW0 -0.616576	-0.786162	-0.042222
		*TM_ROW1 -0.545953	0.465591	-0.696534
		*TM_ROW2 0.567247	-0.406415	-0.71628
		*TM_ROW3 -9.80601	23.822	138.853
		*TM_POS -9.80601	23.822	138.853
		*TM_ROTAXIS 0.404931	-0.850661	0.33527
		*TM_ROTANGLE 2.77522
		*TM_SCALE 1	1	1
		*TM_SCALEAXIS 0	0	0
		*TM_SCALEAXISANG 0	0	0
	}
}
*HELPEROBJECT {
	*NODE_NAME "Bip01 R Forearm"
	*NODE_PARENT "Bip01 R UpperArm"
	*NODE_TM {
		*NODE_NAME "Bip01 R Forearm"
		*TM_ROW0 0.61614	-0.367669	0.696557
		*TM_ROW1 -0.546445	-0.836449	0.0418496
		*TM_ROW2 0.567247	-0.406415	-0.71628
		*TM_ROW3 -27.0123	1.88313	137.674
		*TM_POS -27.0123	1.88313	137.674
		*TM_ROTAXIS -0.897206	0.258814	-0.357822
		*TM_ROTANGLE 2.88911
		*TM_SCALE 1	1	1
		*TM_SCALEAXIS 0	0	0
		*TM_SCALEAXISANG 0	0	0
	}
}
*HELPEROBJECT {
	*NODE_NAME "Bip01 R Hand"
	*NODE_PARENT "Bip01 R Forearm"
	*NODE_TM {
		*NODE_NAME "Bip01 R Hand"
		*TM_ROW0 0.42203	-0.900574	0.104197
		*TM_ROW1 0.0508362	-0.0912448	-0.99453
		*TM_ROW2 0.905155	0.425018	0.00727376
		*TM_ROW3 -9.87358	-8.34406	157.05
		*TM_POS -9.87358	-8.34406	157.05
		*TM_ROTAXIS 0.752165	-0.424398	0.504117
		*TM_ROTANGLE 1.90813
		*TM_SCALE 1	1	1
		*TM_SCALEAXIS 0	0	0
		*TM_SCALEAXISANG 0	0	0
	}
}
*HELPEROBJECT {
	*NODE_NAME "Bip01 R Finger0"
	*NODE_PARENT "Bip01 R Hand"
	*NODE_TM {
		*NODE_NAME "Bip01 R Finger0"
		*TM_ROW0 0.422028	-0.900575	0.104198
		*TM_ROW1 0.0515298	-0.0909203	-0.994524
		*TM_ROW2 0.905117	0.425087	0.00803546
		*TM_ROW3 -4.44212	-19.9343	158.391
		*TM_POS -4.44212	-19.9343	158.391
		*TM_ROTAXIS 0.752047	-0.424291	0.504383
		*TM_ROTANGLE 1.90755
		*TM_SCALE 1	1	1
		*TM_SCALEAXIS 0	0	0
		*TM_SCALEAXISANG 0	0	0
	}
}
*HELPEROBJECT {
	*NODE_NAME "zs_RightHand"
	*NODE_PARENT "Bip01 R Hand"
	*NODE_TM {
		*NODE_NAME "zs_RightHand"
		*TM_ROW0 -0.373524	0.922474	-0.0975807
		*TM_ROW1 -0.797796	-0.265793	0.541179
		*TM_ROW2 0.473287	0.279993	0.835226
		*TM_ROW3 191.202	-461.379	212.55
		*TM_POS 191.202	-461.379	212.55
		*TM_ROTAXIS -0.142628	-0.311739	-0.939402
		*TM_ROTANGLE 1.98455
		*TM_SCALE 1	1	1
		*TM_SCALEAXIS 0	0	0
		*TM_SCALEAXISANG 0	0	0
	}
}
*HELPEROBJECT {
	*NODE_NAME "zs_Crossbow"
	*NODE_PARENT "Bip01 Spine2"
	*NODE_TM {
		*NODE_NAME "zs_Crossbow"
		*TM_ROW0 -0.429544	0.368344	0.824509
		*TM_ROW1 0.0550698	0.922016	-0.383215
		*TM_ROW2 -0.901365	-0.119202	-0.416331
		*TM_ROW3 73.6922	398.288	1441.55
		*TM_POS 73.6922	398.288	1441.55
		*TM_ROTAXIS 0.148837	0.972963	-0.176609
		*TM_ROTANGLE 2.05097
		*TM_SCALE 1	1	1
		*TM_SCALEAXIS 0	0	0
		*TM_SCALEAXISANG 0	0	0
	}
}
*HELPEROBJECT {
	*NODE_NAME "zs_Longsword"
	*NODE_PARENT "Bip01 Spine2"
	*NODE_TM {
		*NODE_NAME "zs_Longsword"
		*TM_ROW0 -0.406874	0.486926	0.772888
		*TM_ROW1 0.131122	0.868458	-0.478109
		*TM_ROW2 -0.904025	-0.0931877	-0.4172
		*TM_ROW3 45.2388	470.008	1167.94
		*TM_POS 45.2388	470.008	1167.94
		*TM_ROTAXIS 0.219088	0.954457	-0.202515
		*TM_ROTANGLE 2.06895
		*TM_SCALE 1	1	1
		*TM_SCALEAXIS 0	0	0
		*TM_SCALEAXISANG 0	0	0
	}
}
*HELPEROBJECT {
	*NODE_NAME "zs_Shield"
	*NODE_PARENT "Bip01 Spine2"
	*NODE_TM {
		*NODE_NAME "zs_Shield"
		*TM_ROW0 0.410452	0.0255317	-0.911525
		*TM_ROW1 0.269533	0.951547	0.148021
		*TM_ROW2 0.871138	-0.306442	0.383683
		*TM_ROW3 395.99	-135.319	476.069
		*TM_POS 395.99	-135.319	476.069
		*TM_ROTAXIS -0.244889	-0.960595	0.131481
		*TM_ROTANGLE 1.18873
		*TM_SCALE 1	1	1
		*TM_SCALEAXIS 0	0	0
		*TM_SCALEAXISANG 0	0	0
	}
}
*HELPEROBJECT {
	*NODE_NAME "zs_Bow"
	*NODE_PARENT "Bip01 Spine2"
	*NODE_TM {
		*NODE_NAME "zs_Bow"
		*TM_ROW0 -0.178195	0.275038	0.944775
		*TM_ROW1 0.95218	0.290375	0.0950589
		*TM_ROW2 -0.248194	0.916535	-0.313629
		*TM_ROW3 514.267	145.7	163.746
		*TM_POS 514.267	145.7	163.746
		*TM_ROTAXIS -0.513772	-0.746113	-0.423501
		*TM_ROTANGLE 4.06798
		*TM_SCALE 1	1	1
		*TM_SCALEAXIS 0	0	0
		*TM_SCALEAXISANG 0	0	0
	}
}
*HELPEROBJECT {
	*NODE_NAME "zs_Sword"
	*NODE_PARENT "Bip01 Spine"
	*NODE_TM {
		*NODE_NAME "zs_Sword"
		*TM_ROW0 -0.29945	-0.240773	0.923232
		*TM_ROW1 0.781628	0.493013	0.382095
		*TM_ROW2 -0.547164	0.836042	0.0405626
		*TM_ROW3 234.747	-215.586	126.381
		*TM_POS 234.747	-215.586	126.381
		*TM_ROTAXIS 0.245702	0.795863	0.553382
		*TM_ROTANGLE 1.96377
		*TM_SCALE 1	1	1
		*TM_SCALEAXIS 0	0	0
		*TM_SCALEAXISANG 0	0	0
	}
}
*HELPEROBJECT {
	*NODE_NAME "Bip01 L Thigh"
	*NODE_PARENT "Bip01 Pelvis"
	*NODE_TM {
		*NODE_NAME "Bip01 L Thigh"
		*TM_ROW0 0.0529444	-0.355997	-0.932986
		*TM_ROW1 -0.168458	-0.92409	0.343044
		*TM_ROW2 -0.984286	0.139006	-0.108896
		*TM_ROW3 7.22827	1.24755	93.3697
		*TM_POS 7.22827	1.24755	93.3697
		*TM_ROTAXIS -0.723946	0.182018	0.665411
		*TM_ROTANGLE 3.0002
		*TM_SCALE 1	1	1
		*TM_SCALEAXIS 0	0	0
		*TM_SCALEAXISANG 0	0	0
	}
}
*HELPEROBJECT {
	*NODE_NAME "Bip01 L Calf"
	*NODE_PARENT "Bip01 L Thigh"
	*NODE_TM {
		*NODE_NAME "Bip01 L Calf"
		*TM_ROW0 0.147476	0.307948	-0.939904
		*TM_ROW1 -0.0971184	-0.941194	-0.323609
		*TM_ROW2 -0.984286	0.139006	-0.108896
		*TM_ROW3 9.31136	-12.7591	56.6615
		*TM_POS 9.31136	-12.7591	56.6615
		*TM_ROTAXIS -0.7504	-0.0719917	0.657051
		*TM_ROTANGLE 3.45494
		*TM_SCALE 1	1	1
		*TM_SCALEAXIS 0	0	0
		*TM_SCALEAXISANG 0	0	0
	}
}
*HELPEROBJECT {
	*NODE_NAME "Bip01 L Foot"
	*NODE_PARENT "Bip01 L Calf"
	*NODE_TM {
		*NODE_NAME "Bip01 L Foot"
		*TM_ROW0 0.000337569	-0.00015917	-1
		*TM_ROW1 -0.108085	-0.994142	0.000121749
		*TM_ROW2 -0.994142	0.108085	-0.000352795
		*TM_ROW3 16.5521	2.36041	10.5144
		*TM_POS 16.5521	2.36041	10.5144
		*TM_ROTAXIS -0.706709	0.0383477	0.706464
		*TM_ROTANGLE 3.21805
		*TM_SCALE 1	1	1
		*TM_SCALEAXIS 0	0	0
		*TM_SCALEAXISANG 0	0	0
	}
}
*HELPEROBJECT {
	*NODE_NAME "Bip01 L Toe0"
	*NODE_PARENT "Bip01 L Foot"
	*NODE_TM {
		*NODE_NAME "Bip01 L Toe0"
		*TM_ROW0 -0.108085	-0.994142	4.63444e-005
		*TM_ROW1 -0.000347825	8.44239e-005	1
		*TM_ROW2 -0.994142	0.108085	-0.000354912
		*TM_ROW3 14.1089	-20.1528	-2.10955
		*TM_POS 14.1089	-20.1528	-2.10955
		*TM_ROTAXIS 0.53575	-0.597183	-0.596946
		*TM_ROTANGLE 4.12501
		*TM_SCALE 1	1	1
		*TM_SCALEAXIS 0	0	0
		*TM_SCALEAXISANG 0	0	0
	}
}
*HELPEROBJECT {
	*NODE_NAME "Bip01 R Thigh"
	*NODE_PARENT "Bip01 Pelvis"
	*NODE_TM {
		*NODE_NAME "Bip01 R Thigh"
		*TM_ROW0 -0.261604	0.174877	-0.9492
		*TM_ROW1 -0.802063	-0.58645	0.113007
		*TM_ROW2 -0.536896	0.790882	0.29368
		*TM_ROW3 -2.63198	16.3133	94.1007
		*TM_POS -2.63198	16.3133	94.1007
		*TM_ROTAXIS 0.53862	-0.327605	-0.776249
		*TM_ROTANGLE 2.46098
		*TM_SCALE 1	1	1
		*TM_SCALEAXIS 0	0	0
		*TM_SCALEAXISANG 0	0	0
	}
}
*HELPEROBJECT {
	*NODE_NAME "Bip01 R Calf"
	*NODE_PARENT "Bip01 R Thigh"
	*NODE_TM {
		*NODE_NAME "Bip01 R Calf"
		*TM_ROW0 0.00453305	0.350806	-0.936437
		*TM_ROW1 -0.843636	-0.501438	-0.191932
		*TM_ROW2 -0.536896	0.790882	0.29368
		*TM_ROW3 -12.9247	23.1938	56.7546
		*TM_POS -12.9247	23.1938	56.7546
		*TM_ROTAXIS 0.615191	-0.250092	-0.747659
		*TM_ROTANGLE 2.21631
		*TM_SCALE 1	1	1
		*TM_SCALEAXIS 0	0	0
		*TM_SCALEAXISANG 0	0	0
	}
}
*HELPEROBJECT {
	*NODE_NAME "Bip01 R Foot"
	*NODE_PARENT "Bip01 R Calf"
	*NODE_TM {
		*NODE_NAME "Bip01 R Foot"
		*TM_ROW0 -0.0483508	0.175838	-0.983231
		*TM_ROW1 -0.95559	-0.294644	-0.00570167
		*TM_ROW2 -0.290705	0.93929	0.182276
		*TM_ROW3 -12.7022	40.4176	10.7777
		*TM_POS -12.7022	40.4176	10.7777
		*TM_ROTAXIS 0.580205	-0.425196	-0.694673
		*TM_ROTANGLE 2.18997
		*TM_SCALE 1	1	1
		*TM_SCALEAXIS 0	0	0
		*TM_SCALEAXISANG 0	0	0
	}
}
*HELPEROBJECT {
	*NODE_NAME "Bip01 R Toe0"
	*NODE_PARENT "Bip01 R Foot"
	*NODE_TM {
		*NODE_NAME "Bip01 R Toe0"
		*TM_ROW0 -0.955594	-0.294629	-0.00577658
		*TM_ROW1 0.0482778	-0.175861	0.983231
		*TM_ROW2 -0.290705	0.93929	0.182275
		*TM_ROW3 -34.9509	35.966	-1.76639
		*TM_POS -34.9509	35.966	-1.76639
		*TM_ROTAXIS 0.0980815	-0.636006	-0.765426
		*TM_ROTANGLE 3.36751
		*TM_SCALE 1	1	1
		*TM_SCALEAXIS 0	0	0
		*TM_SCALEAXISANG 0	0	0
	}
}
