*3DSMAX_ASCIIEXPORT	110
*COMMENT "This file is part of Gothic Free Aim Copyright (C) 2016-2018  mud-freak (@szapp)"
*COMMENT "<http://github.com/szapp/GothicFreeAim>"
*COMMENT "Animations: first iteration"
*SCENE {
	*SCENE_FILENAME "magIK_hurt.max"
	*SCENE_FIRSTFRAME 1
	*SCENE_LASTFRAME 10
	*SCENE_FRAMESPEED 25
	*SCENE_TICKSPERFRAME 192
	*SCENE_BACKGROUND_STATIC 0	0	0
	*SCENE_AMBIENT_STATIC 0.2	0.2	0.2
}
*HELPEROBJECT {
	*NODE_NAME "Bip01"
	*NODE_TM {
		*NODE_NAME "Bip01"
		*TM_ROW0 0.261363	-0.941308	-0.21361
		*TM_ROW1 0.963553	0.267518	9.37553e-005
		*TM_ROW2 0.0570561	-0.205849	0.976919
		*TM_ROW3 -20.6701	11.9132	92.6719
		*TM_POS -20.6701	11.9132	92.6719
		*TM_ROTAXIS -0.106431	-0.13988	0.984432
		*TM_ROTANGLE 1.31512
		*TM_SCALE 1	1	1
		*TM_SCALEAXIS 0	0	0
		*TM_SCALEAXISANG 0	0	0
	}
}
*HELPEROBJECT {
	*NODE_NAME "Bip01 Footsteps"
	*NODE_PARENT "Bip01"
	*NODE_TM {
		*NODE_NAME "Bip01 Footsteps"
		*TM_ROW0 1	0	0
		*TM_ROW1 0	1	0
		*TM_ROW2 0	0	1
		*TM_ROW3 -20.6701	11.9132	-2.09863
		*TM_POS -20.6701	11.9132	-2.09863
		*TM_ROTAXIS 0	0	0
		*TM_ROTANGLE 0
		*TM_SCALE 1	1	1
		*TM_SCALEAXIS 0	0	0
		*TM_SCALEAXISANG 0	0	0
	}
}
*HELPEROBJECT {
	*NODE_NAME "Bip01 Pelvis"
	*NODE_PARENT "Bip01"
	*NODE_TM {
		*NODE_NAME "Bip01 Pelvis"
		*TM_ROW0 0.0530344	-0.206963	0.97691
		*TM_ROW1 0.261364	-0.941308	-0.21361
		*TM_ROW2 0.963782	0.266658	0.00417104
		*TM_ROW3 -22.3673	12.879	92.9745
		*TM_POS -22.3673	12.879	92.9745
		*TM_ROTAXIS -0.715813	-0.0195665	-0.698017
		*TM_ROTANGLE 3.4837
		*TM_SCALE 1	1	1
		*TM_SCALEAXIS 0	0	0
		*TM_SCALEAXISANG 0	0	0
	}
}
*HELPEROBJECT {
	*NODE_NAME "Bip01 Spine"
	*NODE_PARENT "Bip01 Pelvis"
	*NODE_TM {
		*NODE_NAME "Bip01 Spine"
		*TM_ROW0 0.0815145	-0.269258	0.959612
		*TM_ROW1 0.254457	-0.925286	-0.281241
		*TM_ROW2 0.963643	0.267105	-0.00690969
		*TM_ROW3 -22.2536	12.4687	95.339
		*TM_POS -22.2536	12.4687	95.339
		*TM_ROTAXIS -0.723152	0.00531509	-0.690668
		*TM_ROTANGLE 3.53046
		*TM_SCALE 1	1	1
		*TM_SCALEAXIS 0	0	0
		*TM_SCALEAXISANG 0	0	0
	}
	*TM_ANIMATION {
		*NODE_NAME "Bip01 Spine"
		*CONTROL_POS_TRACK {
			*CONTROL_POS_SAMPLE 192	-22.2536	12.4687	95.339
			*CONTROL_POS_SAMPLE 384	-22.4777	13.0571	95.3392
			*CONTROL_POS_SAMPLE 576	-22.7613	13.8124	95.3395
			*CONTROL_POS_SAMPLE 768	-23.0992	14.7289	95.3399
			*CONTROL_POS_SAMPLE 960	-23.5165	15.8878	95.3404
			*CONTROL_POS_SAMPLE 1152	-23.1763	14.9409	95.34
			*CONTROL_POS_SAMPLE 1344	-22.8887	14.1558	95.3397
			*CONTROL_POS_SAMPLE 1536	-22.6419	13.493	95.3394
			*CONTROL_POS_SAMPLE 1728	-22.4274	12.9243	95.3392
			*CONTROL_POS_SAMPLE 1920	-22.2536	12.4687	95.339
		}
		*CONTROL_ROT_TRACK {
			*CONTROL_ROT_SAMPLE 192	-0.723152	0.00531509	-0.690668	3.53046
			*CONTROL_ROT_SAMPLE 384	-0.725834	0.0181554	-0.68763	3.54992
			*CONTROL_ROT_SAMPLE 576	-0.729103	0.0347334	-0.683522	3.57483
			*CONTROL_ROT_SAMPLE 768	-0.732809	0.0550397	-0.678205	3.60502
			*CONTROL_ROT_SAMPLE 960	-0.737082	0.081095	-0.670921	3.64319
			*CONTROL_ROT_SAMPLE 1152	-0.733625	0.0597705	-0.676921	3.61199
			*CONTROL_ROT_SAMPLE 1344	-0.730525	0.042315	-0.681574	3.58615
			*CONTROL_ROT_SAMPLE 1536	-0.727744	0.0277076	-0.685289	3.56431
			*CONTROL_ROT_SAMPLE 1728	-0.725239	0.0152516	-0.688328	3.54553
			*CONTROL_ROT_SAMPLE 1920	-0.723152	0.00531509	-0.690668	3.53046
		}
	}
}
*HELPEROBJECT {
	*NODE_NAME "Bip01 Spine1"
	*NODE_PARENT "Bip01 Spine"
	*NODE_TM {
		*NODE_NAME "Bip01 Spine1"
		*TM_ROW0 0.0706642	-0.292663	0.953601
		*TM_ROW1 0.235733	-0.924012	-0.301051
		*TM_ROW2 0.969245	0.246068	0.0036957
		*TM_ROW3 -21.455	9.83207	104.772
		*TM_POS -21.455	9.83207	104.772
		*TM_ROTAXIS -0.719155	0.0205638	-0.694545
		*TM_ROTANGLE 3.53181
		*TM_SCALE 1	1	1
		*TM_SCALEAXIS 0	0	0
		*TM_SCALEAXISANG 0	0	0
	}
	*TM_ANIMATION {
		*NODE_NAME "Bip01 Spine1"
		*CONTROL_POS_TRACK {
			*CONTROL_POS_SAMPLE 192	-21.455	9.83207	104.772
			*CONTROL_POS_SAMPLE 384	-21.5703	10.1349	104.678
			*CONTROL_POS_SAMPLE 576	-21.7173	10.5269	104.542
			*CONTROL_POS_SAMPLE 768	-21.894	11.0078	104.355
			*CONTROL_POS_SAMPLE 960	-22.1147	11.6239	104.083
			*CONTROL_POS_SAMPLE 1152	-21.9346	11.1198	104.309
			*CONTROL_POS_SAMPLE 1344	-21.7838	10.7064	104.475
			*CONTROL_POS_SAMPLE 1536	-21.6553	10.3607	104.602
			*CONTROL_POS_SAMPLE 1728	-21.5444	10.0663	104.7
			*CONTROL_POS_SAMPLE 1920	-21.455	9.83207	104.772
		}
		*CONTROL_ROT_TRACK {
			*CONTROL_ROT_SAMPLE 192	-0.719155	0.0205638	-0.694545	3.53181
			*CONTROL_ROT_SAMPLE 384	-0.7218	0.0334876	-0.691291	3.55095
			*CONTROL_ROT_SAMPLE 576	-0.725017	0.0501682	-0.686901	3.57544
			*CONTROL_ROT_SAMPLE 768	-0.728656	0.0705915	-0.681232	3.60511
			*CONTROL_ROT_SAMPLE 960	-0.732837	0.0967821	-0.673486	3.64262
			*CONTROL_ROT_SAMPLE 1152	-0.729456	0.0753481	-0.679865	3.61197
			*CONTROL_ROT_SAMPLE 1344	-0.726415	0.0577945	-0.684822	3.58657
			*CONTROL_ROT_SAMPLE 1536	-0.723681	0.0430997	-0.688788	3.56509
			*CONTROL_ROT_SAMPLE 1728	-0.721213	0.0305654	-0.692038	3.54663
			*CONTROL_ROT_SAMPLE 1920	-0.719155	0.0205638	-0.694545	3.53181
		}
	}
}
*HELPEROBJECT {
	*NODE_NAME "Bip01 Spine2"
	*NODE_PARENT "Bip01 Spine1"
	*NODE_TM {
		*NODE_NAME "Bip01 Spine2"
		*TM_ROW0 0.244824	-0.139093	0.959539
		*TM_ROW1 0.0700209	-0.984536	-0.160582
		*TM_ROW2 0.967036	0.106502	-0.231299
		*TM_ROW3 -20.5529	6.11247	116.973
		*TM_POS -20.5529	6.11247	116.973
		*TM_ROTAXIS -0.787182	0.0220966	-0.616325
		*TM_ROTANGLE 3.31206
		*TM_SCALE 1	1	1
		*TM_SCALEAXIS 0	0	0
		*TM_SCALEAXISANG 0	0	0
	}
	*TM_ANIMATION {
		*NODE_NAME "Bip01 Spine2"
		*CONTROL_POS_TRACK {
			*CONTROL_POS_SAMPLE 192	-20.5529	6.11247	116.973
			*CONTROL_POS_SAMPLE 384	-20.5287	6.04643	116.749
			*CONTROL_POS_SAMPLE 576	-20.5005	5.96972	116.427
			*CONTROL_POS_SAMPLE 768	-20.4707	5.88886	115.986
			*CONTROL_POS_SAMPLE 960	-20.4401	5.80619	115.345
			*CONTROL_POS_SAMPLE 1152	-20.4645	5.87209	115.876
			*CONTROL_POS_SAMPLE 1344	-20.4888	5.93784	116.268
			*CONTROL_POS_SAMPLE 1536	-20.512	6.00105	116.568
			*CONTROL_POS_SAMPLE 1728	-20.534	6.06086	116.801
			*CONTROL_POS_SAMPLE 1920	-20.5529	6.11247	116.973
		}
		*CONTROL_ROT_TRACK {
			*CONTROL_ROT_SAMPLE 192	-0.787182	0.0220966	-0.616325	3.31206
			*CONTROL_ROT_SAMPLE 384	-0.790386	0.0332157	-0.611708	3.33351
			*CONTROL_ROT_SAMPLE 576	-0.794333	0.0475361	-0.605619	3.36103
			*CONTROL_ROT_SAMPLE 768	-0.798881	0.0650256	-0.597964	3.39448
			*CONTROL_ROT_SAMPLE 960	-0.804256	0.0873892	-0.587823	3.43699
			*CONTROL_ROT_SAMPLE 1152	-0.799895	0.0690923	-0.596149	3.40224
			*CONTROL_ROT_SAMPLE 1344	-0.796068	0.0540724	-0.602787	3.37355
			*CONTROL_ROT_SAMPLE 1536	-0.792686	0.0414719	-0.608217	3.34939
			*CONTROL_ROT_SAMPLE 1728	-0.789673	0.0307034	-0.61276	3.32867
			*CONTROL_ROT_SAMPLE 1920	-0.787182	0.0220966	-0.616325	3.31206
		}
	}
}
*HELPEROBJECT {
	*NODE_NAME "Bip01 Neck"
	*NODE_PARENT "Bip01 Spine2"
	*NODE_TM {
		*NODE_NAME "Bip01 Neck"
		*TM_ROW0 0.254392	-0.36404	0.895968
		*TM_ROW1 0.0112151	-0.925275	-0.379132
		*TM_ROW2 0.967036	0.106496	-0.2313
		*TM_ROW3 -13.2121	1.94694	145.745
		*TM_POS -13.2121	1.94694	145.745
		*TM_ROTAXIS -0.786035	0.11503	-0.607386
		*TM_ROTANGLE 3.45564
		*TM_SCALE 1	1	1
		*TM_SCALEAXIS 0	0	0
		*TM_SCALEAXISANG 0	0	0
	}
}
*HELPEROBJECT {
	*NODE_NAME "Bip01 Head"
	*NODE_PARENT "Bip01 Neck"
	*NODE_TM {
		*NODE_NAME "Bip01 Head"
		*TM_ROW0 0.0595127	-0.119331	0.991069
		*TM_ROW1 -0.0459044	-0.992106	-0.116699
		*TM_ROW2 0.997172	-0.0385493	-0.0645207
		*TM_ROW3 -11.4723	-0.542813	151.873
		*TM_POS -11.4723	-0.542813	151.873
		*TM_ROTAXIS -0.72761	0.0568142	-0.683634
		*TM_ROTANGLE 3.19532
		*TM_SCALE 1	1	1
		*TM_SCALEAXIS 0	0	0
		*TM_SCALEAXISANG 0	0	0
	}
}
*HELPEROBJECT {
	*NODE_NAME "zs_Helmet"
	*NODE_PARENT "Bip01 Head"
	*NODE_TM {
		*NODE_NAME "zs_Helmet"
		*TM_ROW0 0.997172	-0.0385485	-0.0645206
		*TM_ROW1 0.0410927	0.99841	0.0385818
		*TM_ROW2 0.0629307	-0.041124	0.99717
		*TM_ROW3 1.9806	-105.75	422.64
		*TM_POS 1.9806	-105.75	422.64
		*TM_ROTAXIS -0.468537	-0.749201	0.468157
		*TM_ROTANGLE 0.0851611
		*TM_SCALE 1	1	1
		*TM_SCALEAXIS 0	0	0
		*TM_SCALEAXISANG 0	0	0
	}
}
*HELPEROBJECT {
	*NODE_NAME "Bip01 L Clavicle"
	*NODE_PARENT "Bip01 Neck"
	*NODE_TM {
		*NODE_NAME "Bip01 L Clavicle"
		*TM_ROW0 0.973343	0.145279	-0.177472
		*TM_ROW1 -0.115005	0.978645	0.170377
		*TM_ROW2 0.198435	-0.145425	0.969265
		*TM_ROW3 -6.99767	5.97017	139.148
		*TM_POS -6.99767	5.97017	139.148
		*TM_ROTAXIS -0.568312	-0.676476	-0.468404
		*TM_ROTANGLE 0.281547
		*TM_SCALE 1	1	1
		*TM_SCALEAXIS 0	0	0
		*TM_SCALEAXISANG 0	0	0
	}
}
*HELPEROBJECT {
	*NODE_NAME "Bip01 L UpperArm"
	*NODE_PARENT "Bip01 L Clavicle"
	*NODE_TM {
		*NODE_NAME "Bip01 L UpperArm"
		*TM_ROW0 0.390015	0.315018	-0.865247
		*TM_ROW1 0.0936915	0.921207	0.377624
		*TM_ROW2 0.916029	-0.228345	0.32977
		*TM_ROW3 5.97311	7.90617	136.783
		*TM_POS 5.97311	7.90617	136.783
		*TM_ROTAXIS -0.319857	-0.940236	-0.116826
		*TM_ROTANGLE 1.24454
		*TM_SCALE 1	1	1
		*TM_SCALEAXIS 0	0	0
		*TM_SCALEAXISANG 0	0	0
	}
}
*HELPEROBJECT {
	*NODE_NAME "Bip01 L Forearm"
	*NODE_PARENT "Bip01 L UpperArm"
	*NODE_TM {
		*NODE_NAME "Bip01 L Forearm"
		*TM_ROW0 0.229671	-0.375435	-0.897942
		*TM_ROW1 0.328848	0.89828	-0.291465
		*TM_ROW2 0.916029	-0.228346	0.32977
		*TM_ROW3 16.857	16.6971	112.638
		*TM_POS 16.857	16.6971	112.638
		*TM_ROTAXIS 0.0324204	-0.931714	0.361743
		*TM_ROTANGLE 1.33989
		*TM_SCALE 1	1	1
		*TM_SCALEAXIS 0	0	0
		*TM_SCALEAXISANG 0	0	0
	}
}
*HELPEROBJECT {
	*NODE_NAME "Bip01 L Hand"
	*NODE_PARENT "Bip01 L Forearm"
	*NODE_TM {
		*NODE_NAME "Bip01 L Hand"
		*TM_ROW0 0.0704601	-0.527088	-0.846884
		*TM_ROW1 -0.952351	0.217025	-0.214308
		*TM_ROW2 0.296755	0.821631	-0.486681
		*TM_ROW3 23.2456	6.25392	87.6601
		*TM_POS 23.2456	6.25392	87.6601
		*TM_ROTAXIS 0.647218	-0.714505	-0.265689
		*TM_ROTANGLE 2.2138
		*TM_SCALE 1	1	1
		*TM_SCALEAXIS 0	0	0
		*TM_SCALEAXISANG 0	0	0
	}
}
*HELPEROBJECT {
	*NODE_NAME "Bip01 L Finger0"
	*NODE_PARENT "Bip01 L Hand"
	*NODE_TM {
		*NODE_NAME "Bip01 L Finger0"
		*TM_ROW0 0.0704592	-0.527088	-0.846885
		*TM_ROW1 -0.952577	0.216398	-0.213935
		*TM_ROW2 0.296026	0.821797	-0.486845
		*TM_ROW3 24.1524	-0.529633	76.7608
		*TM_POS 24.1524	-0.529633	76.7608
		*TM_ROTAXIS 0.647329	-0.714316	-0.265929
		*TM_ROTANGLE 2.21429
		*TM_SCALE 1	1	1
		*TM_SCALEAXIS 0	0	0
		*TM_SCALEAXISANG 0	0	0
	}
}
*HELPEROBJECT {
	*NODE_NAME "zs_LeftHand"
	*NODE_PARENT "Bip01 L Hand"
	*NODE_TM {
		*NODE_NAME "zs_LeftHand"
		*TM_ROW0 0.255061	0.880629	-0.399296
		*TM_ROW1 0.282739	-0.462832	-0.840146
		*TM_ROW2 -0.924663	0.101392	-0.367039
		*TM_ROW3 -37.143	-46.2469	-18.1898
		*TM_POS -37.143	-46.2469	-18.1898
		*TM_ROTAXIS -0.763694	-0.426133	0.484956
		*TM_ROTANGLE 3.8058
		*TM_SCALE 1	1	1
		*TM_SCALEAXIS 0	0	0
		*TM_SCALEAXISANG 0	0	0
	}
}
*HELPEROBJECT {
	*NODE_NAME "zs_LeftArm"
	*NODE_PARENT "Bip01 L Forearm"
	*NODE_TM {
		*NODE_NAME "zs_LeftArm"
		*TM_ROW0 0.218281	-0.148105	-0.964582
		*TM_ROW1 0.341018	0.93768	-0.0668033
		*TM_ROW2 0.914363	-0.314358	0.255185
		*TM_ROW3 64.6955	-250.773	-55.3156
		*TM_POS 64.6955	-250.773	-55.3156
		*TM_ROTAXIS -0.126479	-0.959976	0.249899
		*TM_ROTANGLE 1.36375
		*TM_SCALE 1	1	1
		*TM_SCALEAXIS 0	0	0
		*TM_SCALEAXISANG 0	0	0
	}
}
*HELPEROBJECT {
	*NODE_NAME "Bip01 R Clavicle"
	*NODE_PARENT "Bip01 Neck"
	*NODE_TM {
		*NODE_NAME "Bip01 R Clavicle"
		*TM_ROW0 -0.999479	-0.000745988	0.0322527
		*TM_ROW1 0.00383339	0.989904	0.141689
		*TM_ROW2 -0.0320327	0.141739	-0.989386
		*TM_ROW3 -22.4006	4.27377	142.832
		*TM_POS -22.4006	4.27377	142.832
		*TM_ROTAXIS -0.000774007	-0.997472	-0.071055
		*TM_ROTANGLE 3.17382
		*TM_SCALE 1	1	1
		*TM_SCALEAXIS 0	0	0
		*TM_SCALEAXISANG 0	0	0
	}
}
*HELPEROBJECT {
	*NODE_NAME "Bip01 R UpperArm"
	*NODE_PARENT "Bip01 R Clavicle"
	*NODE_TM {
		*NODE_NAME "Bip01 R UpperArm"
		*TM_ROW0 -0.330035	-0.0535069	-0.942451
		*TM_ROW1 0.0634931	0.994873	-0.0787176
		*TM_ROW2 0.941831	-0.0858187	-0.324945
		*TM_ROW3 -35.7197	4.26383	143.262
		*TM_POS -35.7197	4.26383	143.262
		*TM_ROTAXIS -0.00376132	-0.998071	0.0619728
		*TM_ROTANGLE 1.90716
		*TM_SCALE 1	1	1
		*TM_SCALEAXIS 0	0	0
		*TM_SCALEAXISANG 0	0	0
	}
}
*HELPEROBJECT {
	*NODE_NAME "Bip01 R Forearm"
	*NODE_PARENT "Bip01 R UpperArm"
	*NODE_TM {
		*NODE_NAME "Bip01 R Forearm"
		*TM_ROW0 -0.0853406	-0.996227	0.0157521
		*TM_ROW1 -0.325071	0.0128952	-0.945602
		*TM_ROW2 0.941831	-0.0858187	-0.324945
		*TM_ROW3 -44.9297	2.77065	116.962
		*TM_POS -44.9297	2.77065	116.962
		*TM_ROTAXIS 0.600894	-0.647228	0.469065
		*TM_ROTANGLE 2.34437
		*TM_SCALE 1	1	1
		*TM_SCALEAXIS 0	0	0
		*TM_SCALEAXISANG 0	0	0
	}
}
*HELPEROBJECT {
	*NODE_NAME "Bip01 R Hand"
	*NODE_PARENT "Bip01 R Forearm"
	*NODE_TM {
		*NODE_NAME "Bip01 R Hand"
		*TM_ROW0 -0.0866963	-0.996219	0.00569203
		*TM_ROW1 0.274349	-0.0183819	0.961455
		*TM_ROW2 -0.957714	0.0849161	0.274905
		*TM_ROW3 -47.3035	-24.9407	117.4
		*TM_POS -47.3035	-24.9407	117.4
		*TM_ROTAXIS -0.48173	0.529471	0.698281
		*TM_ROTANGLE 1.99883
		*TM_SCALE 1	1	1
		*TM_SCALEAXIS 0	0	0
		*TM_SCALEAXISANG 0	0	0
	}
}
*HELPEROBJECT {
	*NODE_NAME "Bip01 R Finger0"
	*NODE_PARENT "Bip01 R Hand"
	*NODE_TM {
		*NODE_NAME "Bip01 R Finger0"
		*TM_ROW0 -0.0866897	-0.996219	0.00569801
		*TM_ROW1 0.273623	-0.0183099	0.961663
		*TM_ROW2 -0.957923	0.0849254	0.274175
		*TM_ROW3 -48.4193	-37.7619	117.473
		*TM_POS -48.4193	-37.7619	117.473
		*TM_ROTAXIS -0.481918	0.529675	0.697996
		*TM_ROTANGLE 1.99919
		*TM_SCALE 1	1	1
		*TM_SCALEAXIS 0	0	0
		*TM_SCALEAXISANG 0	0	0
	}
}
*HELPEROBJECT {
	*NODE_NAME "zs_RightHand"
	*NODE_PARENT "Bip01 R Hand"
	*NODE_TM {
		*NODE_NAME "zs_RightHand"
		*TM_ROW0 0.851578	-0.0849048	-0.517307
		*TM_ROW1 0.135687	0.988868	0.0610636
		*TM_ROW2 0.506364	-0.122192	0.853619
		*TM_ROW3 -176.606	-116.461	250.375
		*TM_POS -176.606	-116.461	250.375
		*TM_ROTAXIS -0.172382	-0.962926	0.207502
		*TM_ROTANGLE 0.560419
		*TM_SCALE 1	1	1
		*TM_SCALEAXIS 0	0	0
		*TM_SCALEAXISANG 0	0	0
	}
}
*HELPEROBJECT {
	*NODE_NAME "zs_Crossbow"
	*NODE_PARENT "Bip01 Spine2"
	*NODE_TM {
		*NODE_NAME "zs_Crossbow"
		*TM_ROW0 -0.151426	-0.432638	0.88876
		*TM_ROW1 -0.988467	0.0681201	-0.135254
		*TM_ROW2 -0.00202662	-0.898991	-0.437963
		*TM_ROW3 -37.9406	69.3383	1496.78
		*TM_POS -37.9406	69.3383	1496.78
		*TM_ROTAXIS 0.588232	-0.686086	0.4281
		*TM_ROTANGLE 3.8481
		*TM_SCALE 1	1	1
		*TM_SCALEAXIS 0	0	0
		*TM_SCALEAXISANG 0	0	0
	}
}
*HELPEROBJECT {
	*NODE_NAME "zs_Longsword"
	*NODE_PARENT "Bip01 Spine2"
	*NODE_TM {
		*NODE_NAME "zs_Longsword"
		*TM_ROW0 -0.273737	-0.408101	0.870931
		*TM_ROW1 -0.961238	0.147151	-0.233169
		*TM_ROW2 -0.0330024	-0.901	-0.432563
		*TM_ROW3 -181.373	43.7196	1252.68
		*TM_POS -181.373	43.7196	1252.68
		*TM_ROTAXIS 0.533147	-0.721635	0.441585
		*TM_ROTANGLE 3.8184
		*TM_SCALE 1	1	1
		*TM_SCALEAXIS 0	0	0
		*TM_SCALEAXISANG 0	0	0
	}
}
*HELPEROBJECT {
	*NODE_NAME "zs_Shield"
	*NODE_PARENT "Bip01 Spine2"
	*NODE_TM {
		*NODE_NAME "zs_Shield"
		*TM_ROW0 -0.264513	0.427631	-0.864387
		*TM_ROW1 -0.871142	0.278545	0.404382
		*TM_ROW2 0.413697	0.859968	0.298848
		*TM_ROW3 216.866	396.332	424.91
		*TM_POS 216.866	396.332	424.91
		*TM_ROTAXIS 0.242557	-0.680461	-0.691476
		*TM_ROTANGLE 1.9215
		*TM_SCALE 1	1	1
		*TM_SCALEAXIS 0	0	0
		*TM_SCALEAXISANG 0	0	0
	}
}
*HELPEROBJECT {
	*NODE_NAME "zs_Bow"
	*NODE_PARENT "Bip01 Spine2"
	*NODE_TM {
		*NODE_NAME "zs_Bow"
		*TM_ROW0 -0.08804	-0.414886	0.905604
		*TM_ROW1 0.0164082	0.908407	0.417765
		*TM_ROW2 -0.995982	0.0516393	-0.0731687
		*TM_ROW3 -22.0204	510.07	293.459
		*TM_POS -22.0204	510.07	293.459
		*TM_ROTAXIS -0.184543	0.958481	0.21739
		*TM_ROTANGLE 1.69754
		*TM_SCALE 1	1	1
		*TM_SCALEAXIS 0	0	0
		*TM_SCALEAXISANG 0	0	0
	}
}
*HELPEROBJECT {
	*NODE_NAME "zs_Sword"
	*NODE_PARENT "Bip01 Spine"
	*NODE_TM {
		*NODE_NAME "zs_Sword"
		*TM_ROW0 0.169969	-0.621769	0.764535
		*TM_ROW1 -0.205497	0.736405	0.644577
		*TM_ROW2 -0.963785	-0.266668	-0.00260586
		*TM_ROW3 264.148	154.139	151.14
		*TM_POS 264.148	154.139	151.14
		*TM_ROTAXIS -0.456151	0.865162	0.208377
		*TM_ROTANGLE 1.61893
		*TM_SCALE 1	1	1
		*TM_SCALEAXIS 0	0	0
		*TM_SCALEAXISANG 0	0	0
	}
}
*HELPEROBJECT {
	*NODE_NAME "Bip01 L Thigh"
	*NODE_PARENT "Bip01 Pelvis"
	*NODE_TM {
		*NODE_NAME "Bip01 L Thigh"
		*TM_ROW0 0.226565	-0.467037	-0.854719
		*TM_ROW1 0.277877	-0.810073	0.5163
		*TM_ROW2 -0.933516	-0.354482	-0.0537552
		*TM_ROW3 -13.6834	15.2817	93.0121
		*TM_POS -13.6834	15.2817	93.0121
		*TM_ROTAXIS -0.7581	0.0686005	0.64852
		*TM_ROTANGLE 2.52982
		*TM_SCALE 1	1	1
		*TM_SCALEAXIS 0	0	0
		*TM_SCALEAXISANG 0	0	0
	}
}
*HELPEROBJECT {
	*NODE_NAME "Bip01 L Calf"
	*NODE_PARENT "Bip01 L Thigh"
	*NODE_TM {
		*NODE_NAME "Bip01 L Calf"
		*TM_ROW0 0.0204113	0.097143	-0.995061
		*TM_ROW1 0.357953	-0.930003	-0.0834491
		*TM_ROW2 -0.933516	-0.354482	-0.0537553
		*TM_ROW3 -4.76929	-3.09382	59.3833
		*TM_POS -4.76929	-3.09382	59.3833
		*TM_ROTAXIS -0.711109	-0.161475	0.684288
		*TM_ROTANGLE 2.94985
		*TM_SCALE 1	1	1
		*TM_SCALEAXIS 0	0	0
		*TM_SCALEAXISANG 0	0	0
	}
}
*HELPEROBJECT {
	*NODE_NAME "Bip01 L Foot"
	*NODE_PARENT "Bip01 L Calf"
	*NODE_TM {
		*NODE_NAME "Bip01 L Foot"
		*TM_ROW0 0.0195879	0.00534473	-0.999794
		*TM_ROW1 0.448578	-0.893735	0.00401075
		*TM_ROW2 -0.893529	-0.448564	-0.0199039
		*TM_ROW3 -3.76714	1.67567	10.5281
		*TM_POS -3.76714	1.67567	10.5281
		*TM_ROTAXIS -0.704597	-0.16544	0.690053
		*TM_ROTANGLE 2.81464
		*TM_SCALE 1	1	1
		*TM_SCALEAXIS 0	0	0
		*TM_SCALEAXISANG 0	0	0
	}
}
*HELPEROBJECT {
	*NODE_NAME "Bip01 L Toe0"
	*NODE_PARENT "Bip01 L Foot"
	*NODE_TM {
		*NODE_NAME "Bip01 L Toe0"
		*TM_ROW0 0.448584	-0.893732	0.00393956
		*TM_ROW1 -0.0195529	-0.00540697	0.999794
		*TM_ROW2 -0.893527	-0.448569	-0.0199005
		*TM_ROW3 6.63771	-18.4944	-2.00521
		*TM_POS 6.63771	-18.4944	-2.00521
		*TM_ROTAXIS -0.756308	0.46864	0.45648
		*TM_ROTANGLE 1.86331
		*TM_SCALE 1	1	1
		*TM_SCALEAXIS 0	0	0
		*TM_SCALEAXISANG 0	0	0
	}
}
*HELPEROBJECT {
	*NODE_NAME "Bip01 R Thigh"
	*NODE_PARENT "Bip01 Pelvis"
	*NODE_TM {
		*NODE_NAME "Bip01 R Thigh"
		*TM_ROW0 -0.274283	-0.240731	-0.93103
		*TM_ROW1 -0.327495	-0.886905	0.325802
		*TM_ROW2 -0.904166	0.39427	0.164425
		*TM_ROW3 -31.0512	10.4764	92.9369
		*TM_POS -31.0512	10.4764	92.9369
		*TM_ROTAXIS 0.601949	-0.236185	-0.762807
		*TM_ROTANGLE 3.08469
		*TM_SCALE 1	1	1
		*TM_SCALEAXIS 0	0	0
		*TM_SCALEAXISANG 0	0	0
	}
}
*HELPEROBJECT {
	*NODE_NAME "Bip01 R Calf"
	*NODE_PARENT "Bip01 R Thigh"
	*NODE_TM {
		*NODE_NAME "Bip01 R Calf"
		*TM_ROW0 -0.000230068	0.384457	-0.923143
		*TM_ROW1 -0.427182	-0.834712	-0.347523
		*TM_ROW2 -0.904166	0.39427	0.164425
		*TM_ROW3 -41.8429	1.00488	56.3057
		*TM_POS -41.8429	1.00488	56.3057
		*TM_ROTAXIS 0.674531	-0.0172562	-0.738045
		*TM_ROTANGLE 2.5594
		*TM_SCALE 1	1	1
		*TM_SCALEAXIS 0	0	0
		*TM_SCALEAXISANG 0	0	0
	}
}
*HELPEROBJECT {
	*NODE_NAME "Bip01 R Foot"
	*NODE_PARENT "Bip01 R Calf"
	*NODE_TM {
		*NODE_NAME "Bip01 R Foot"
		*TM_ROW0 0.0308103	-0.0302853	-0.999066
		*TM_ROW1 -0.464902	-0.885274	0.0124987
		*TM_ROW2 -0.884826	0.464083	-0.0413552
		*TM_ROW3 -41.8541	19.8808	10.9816
		*TM_POS -41.8541	19.8808	10.9816
		*TM_ROTAXIS -0.708834	0.179319	0.682201
		*TM_ROTANGLE 3.46578
		*TM_SCALE 1	1	1
		*TM_SCALEAXIS 0	0	0
		*TM_SCALEAXISANG 0	0	0
	}
}
*HELPEROBJECT {
	*NODE_NAME "Bip01 R Toe0"
	*NODE_PARENT "Bip01 R Foot"
	*NODE_TM {
		*NODE_NAME "Bip01 R Toe0"
		*TM_ROW0 -0.464905	-0.885273	0.0124187
		*TM_ROW1 -0.0308493	0.0302156	0.999067
		*TM_ROW2 -0.884823	0.464088	-0.0413575
		*TM_ROW3 -51.9923	-0.54754	-1.35037
		*TM_POS -51.9923	-0.54754	-1.35037
		*TM_ROTAXIS 0.396413	-0.664845	-0.633118
		*TM_ROTANGLE 3.88225
		*TM_SCALE 1	1	1
		*TM_SCALEAXIS 0	0	0
		*TM_SCALEAXISANG 0	0	0
	}
}
