*3DSMAX_ASCIIEXPORT	110
*COMMENT "This file is part of Gothic Free Aim Copyright (C) 2016-2018  mud-freak (@szapp)"
*COMMENT "<http://github.com/szapp/GothicFreeAim>"
*COMMENT "Animations: first iteration"
*SCENE {
	*SCENE_FILENAME "cbowIK_frontRight.max"
	*SCENE_FIRSTFRAME 1
	*SCENE_LASTFRAME 26
	*SCENE_FRAMESPEED 25
	*SCENE_TICKSPERFRAME 192
	*SCENE_BACKGROUND_STATIC 0	0	0
	*SCENE_AMBIENT_STATIC 0.2	0.2	0.2
}
*HELPEROBJECT {
	*NODE_NAME "Bip01"
	*NODE_TM {
		*NODE_NAME "Bip01"
		*TM_ROW0 -0.223483	-0.973914	-0.0393292
		*TM_ROW1 0.974662	-0.222899	-0.0187185
		*TM_ROW2 0.00946376	-0.0425159	0.999051
		*TM_ROW3 -81.4869	-93.0438	94.1207
		*TM_POS -81.4869	-93.0438	94.1207
		*TM_ROTAXIS -0.012208	-0.0250306	0.999612
		*TM_ROTANGLE 1.79637
		*TM_SCALE 1	1	1
		*TM_SCALEAXIS 0	0	0
		*TM_SCALEAXISANG 0	0	0
	}
	*TM_ANIMATION {
		*NODE_NAME "Bip01"
		*CONTROL_POS_TRACK {
			*CONTROL_POS_SAMPLE 192	-5.98919	6.59634	95.9329
			*CONTROL_POS_SAMPLE 384	-5.98919	2.29818	94.7848
			*CONTROL_POS_SAMPLE 576	-5.98919	-1.99998	94.0653
			*CONTROL_POS_SAMPLE 768	-8.60956	-7.29113	92.8681
			*CONTROL_POS_SAMPLE 960	-11.2299	-12.5823	91.5999
			*CONTROL_POS_SAMPLE 1152	-13.8503	-17.8734	90.129
			*CONTROL_POS_SAMPLE 1344	-16.4707	-23.1646	88.4956
			*CONTROL_POS_SAMPLE 1536	-19.0911	-28.4557	87.1928
			*CONTROL_POS_SAMPLE 1728	-21.7114	-33.7469	86.7136
			*CONTROL_POS_SAMPLE 1920	-25.2276	-37.2349	87.0741
			*CONTROL_POS_SAMPLE 2112	-28.7438	-40.723	87.8578
			*CONTROL_POS_SAMPLE 2304	-32.26	-44.211	88.9087
			*CONTROL_POS_SAMPLE 2496	-35.7763	-47.6991	90.0709
			*CONTROL_POS_SAMPLE 2688	-39.2925	-51.1871	91.1886
			*CONTROL_POS_SAMPLE 2880	-42.8087	-54.6752	92.1057
			*CONTROL_POS_SAMPLE 3072	-46.3249	-58.1632	92.6664
			*CONTROL_POS_SAMPLE 3264	-49.8411	-61.6513	92.753
			*CONTROL_POS_SAMPLE 3456	-53.3573	-65.1394	92.4661
			*CONTROL_POS_SAMPLE 3648	-56.8735	-68.6274	91.977
			*CONTROL_POS_SAMPLE 3840	-60.3897	-72.1155	91.4571
			*CONTROL_POS_SAMPLE 4032	-63.9059	-75.6035	91.0776
			*CONTROL_POS_SAMPLE 4224	-67.4221	-79.0916	91.01
			*CONTROL_POS_SAMPLE 4416	-70.9383	-82.5796	91.4321
			*CONTROL_POS_SAMPLE 4608	-74.4545	-86.0677	92.2492
			*CONTROL_POS_SAMPLE 4800	-77.9707	-89.5557	93.2245
			*CONTROL_POS_SAMPLE 4992	-81.4869	-93.0438	94.1207
		}
		*CONTROL_ROT_TRACK {
			*CONTROL_ROT_SAMPLE 192	-0.012208	-0.0250306	0.999612	1.79637
			*CONTROL_ROT_SAMPLE 384	-0.012208	-0.0250306	0.999612	1.79637
			*CONTROL_ROT_SAMPLE 576	-0.012208	-0.0250306	0.999612	1.79637
			*CONTROL_ROT_SAMPLE 768	-0.012208	-0.0250306	0.999612	1.79637
			*CONTROL_ROT_SAMPLE 960	-0.012208	-0.0250306	0.999612	1.79637
			*CONTROL_ROT_SAMPLE 1152	-0.012208	-0.0250306	0.999612	1.79637
			*CONTROL_ROT_SAMPLE 1344	-0.012208	-0.0250306	0.999612	1.79637
			*CONTROL_ROT_SAMPLE 1536	-0.012208	-0.0250306	0.999612	1.79637
			*CONTROL_ROT_SAMPLE 1728	-0.012208	-0.0250306	0.999612	1.79637
			*CONTROL_ROT_SAMPLE 1920	-0.012208	-0.0250306	0.999612	1.79637
			*CONTROL_ROT_SAMPLE 2112	-0.012208	-0.0250306	0.999612	1.79637
			*CONTROL_ROT_SAMPLE 2304	-0.012208	-0.0250306	0.999612	1.79637
			*CONTROL_ROT_SAMPLE 2496	-0.012208	-0.0250306	0.999612	1.79637
			*CONTROL_ROT_SAMPLE 2688	-0.012208	-0.0250306	0.999612	1.79637
			*CONTROL_ROT_SAMPLE 2880	-0.012208	-0.0250306	0.999612	1.79637
			*CONTROL_ROT_SAMPLE 3072	-0.012208	-0.0250306	0.999612	1.79637
			*CONTROL_ROT_SAMPLE 3264	-0.012208	-0.0250306	0.999612	1.79637
			*CONTROL_ROT_SAMPLE 3456	-0.012208	-0.0250306	0.999612	1.79637
			*CONTROL_ROT_SAMPLE 3648	-0.012208	-0.0250306	0.999612	1.79637
			*CONTROL_ROT_SAMPLE 3840	-0.012208	-0.0250306	0.999612	1.79637
			*CONTROL_ROT_SAMPLE 4032	-0.012208	-0.0250306	0.999612	1.79637
			*CONTROL_ROT_SAMPLE 4224	-0.012208	-0.0250306	0.999612	1.79637
			*CONTROL_ROT_SAMPLE 4416	-0.012208	-0.0250306	0.999612	1.79637
			*CONTROL_ROT_SAMPLE 4608	-0.012208	-0.0250306	0.999612	1.79637
			*CONTROL_ROT_SAMPLE 4800	-0.012208	-0.0250306	0.999612	1.79637
			*CONTROL_ROT_SAMPLE 4992	-0.012208	-0.0250306	0.999612	1.79637
		}
	}
}
*HELPEROBJECT {
	*NODE_NAME "Bip01 Footsteps"
	*NODE_PARENT "Bip01"
	*NODE_TM {
		*NODE_NAME "Bip01 Footsteps"
		*TM_ROW0 1	0	0
		*TM_ROW1 0	1	0
		*TM_ROW2 0	0	1
		*TM_ROW3 -81.4869	-93.0438	-2.12647
		*TM_POS -81.4869	-93.0438	-2.12647
		*TM_ROTAXIS 0	0	0
		*TM_ROTANGLE 0
		*TM_SCALE 1	1	1
		*TM_SCALEAXIS 0	0	0
		*TM_SCALEAXISANG 0	0	0
	}
}
*HELPEROBJECT {
	*NODE_NAME "Bip01 Pelvis"
	*NODE_PARENT "Bip01"
	*NODE_TM {
		*NODE_NAME "Bip01 Pelvis"
		*TM_ROW0 -0.0773238	-0.0225082	0.996752
		*TM_ROW1 -0.223482	-0.973914	-0.0393292
		*TM_ROW2 0.971636	-0.225797	0.0702766
		*TM_ROW3 -80.2914	-91.3065	94.1833
		*TM_POS -80.2914	-91.3065	94.1833
		*TM_ROTAXIS -0.67732	0.0912295	-0.73001
		*TM_ROTANGLE 3.0035
		*TM_SCALE 1	1	1
		*TM_SCALEAXIS 0	0	0
		*TM_SCALEAXISANG 0	0	0
	}
	*TM_ANIMATION {
		*NODE_NAME "Bip01 Pelvis"
		*CONTROL_POS_TRACK {
			*CONTROL_POS_SAMPLE 192	-4.79364	8.33362	95.9955
			*CONTROL_POS_SAMPLE 384	-4.79364	4.03547	94.8474
			*CONTROL_POS_SAMPLE 576	-4.79364	-0.262694	94.1279
			*CONTROL_POS_SAMPLE 768	-7.41401	-5.55384	92.9307
			*CONTROL_POS_SAMPLE 960	-10.0344	-10.845	91.6625
			*CONTROL_POS_SAMPLE 1152	-12.6548	-16.1361	90.1916
			*CONTROL_POS_SAMPLE 1344	-15.2751	-21.4273	88.5583
			*CONTROL_POS_SAMPLE 1536	-17.8955	-26.7184	87.2554
			*CONTROL_POS_SAMPLE 1728	-20.5159	-32.0096	86.7762
			*CONTROL_POS_SAMPLE 1920	-24.0321	-35.4976	87.1367
			*CONTROL_POS_SAMPLE 2112	-27.5483	-38.9857	87.9204
			*CONTROL_POS_SAMPLE 2304	-31.0645	-42.4737	88.9713
			*CONTROL_POS_SAMPLE 2496	-34.5807	-45.9618	90.1335
			*CONTROL_POS_SAMPLE 2688	-38.0969	-49.4498	91.2512
			*CONTROL_POS_SAMPLE 2880	-41.6131	-52.9379	92.1683
			*CONTROL_POS_SAMPLE 3072	-45.1293	-56.426	92.729
			*CONTROL_POS_SAMPLE 3264	-48.6455	-59.914	92.8156
			*CONTROL_POS_SAMPLE 3456	-52.1617	-63.4021	92.5287
			*CONTROL_POS_SAMPLE 3648	-55.6779	-66.8901	92.0396
			*CONTROL_POS_SAMPLE 3840	-59.1941	-70.3782	91.5197
			*CONTROL_POS_SAMPLE 4032	-62.7103	-73.8662	91.1402
			*CONTROL_POS_SAMPLE 4224	-66.2266	-77.3543	91.0726
			*CONTROL_POS_SAMPLE 4416	-69.7428	-80.8424	91.4947
			*CONTROL_POS_SAMPLE 4608	-73.259	-84.3304	92.3118
			*CONTROL_POS_SAMPLE 4800	-76.7752	-87.8185	93.2871
			*CONTROL_POS_SAMPLE 4992	-80.2914	-91.3065	94.1833
		}
		*CONTROL_ROT_TRACK {
			*CONTROL_ROT_SAMPLE 192	-0.67732	0.0912295	-0.73001	3.0035
			*CONTROL_ROT_SAMPLE 384	-0.676173	0.0911211	-0.731087	3.00322
			*CONTROL_ROT_SAMPLE 576	-0.675211	0.0910302	-0.731986	3.00297
			*CONTROL_ROT_SAMPLE 768	-0.674425	0.0909557	-0.73272	3.00278
			*CONTROL_ROT_SAMPLE 960	-0.673801	0.0908967	-0.733301	3.00262
			*CONTROL_ROT_SAMPLE 1152	-0.673329	0.090852	-0.733739	3.0025
			*CONTROL_ROT_SAMPLE 1344	-0.672997	0.0908206	-0.734048	3.00242
			*CONTROL_ROT_SAMPLE 1536	-0.672793	0.0908012	-0.734238	3.00237
			*CONTROL_ROT_SAMPLE 1728	-0.672705	0.0907929	-0.734319	3.00235
			*CONTROL_ROT_SAMPLE 1920	-0.672721	0.0907944	-0.734304	3.00235
			*CONTROL_ROT_SAMPLE 2112	-0.672829	0.0908047	-0.734204	3.00238
			*CONTROL_ROT_SAMPLE 2304	-0.673017	0.0908225	-0.734029	3.00243
			*CONTROL_ROT_SAMPLE 2496	-0.673273	0.0908467	-0.733792	3.00249
			*CONTROL_ROT_SAMPLE 2688	-0.673585	0.0908763	-0.733501	3.00257
			*CONTROL_ROT_SAMPLE 2880	-0.673941	0.09091	-0.73317	3.00266
			*CONTROL_ROT_SAMPLE 3072	-0.674329	0.0909467	-0.732809	3.00275
			*CONTROL_ROT_SAMPLE 3264	-0.674736	0.0909852	-0.732429	3.00286
			*CONTROL_ROT_SAMPLE 3456	-0.675151	0.0910245	-0.732042	3.00296
			*CONTROL_ROT_SAMPLE 3648	-0.675562	0.0910634	-0.731658	3.00306
			*CONTROL_ROT_SAMPLE 3840	-0.675957	0.0911007	-0.731288	3.00316
			*CONTROL_ROT_SAMPLE 4032	-0.676324	0.0911354	-0.730945	3.00325
			*CONTROL_ROT_SAMPLE 4224	-0.676651	0.0911663	-0.730638	3.00333
			*CONTROL_ROT_SAMPLE 4416	-0.676926	0.0911923	-0.730381	3.0034
			*CONTROL_ROT_SAMPLE 4608	-0.677137	0.0912122	-0.730182	3.00346
			*CONTROL_ROT_SAMPLE 4800	-0.677272	0.091225	-0.730055	3.00349
			*CONTROL_ROT_SAMPLE 4992	-0.67732	0.0912295	-0.73001	3.0035
		}
	}
}
*HELPEROBJECT {
	*NODE_NAME "Bip01 Spine"
	*NODE_PARENT "Bip01 Pelvis"
	*NODE_TM {
		*NODE_NAME "Bip01 Spine"
		*TM_ROW0 0.0614996	0.0199716	0.997907
		*TM_ROW1 -0.587698	-0.807383	0.0523775
		*TM_ROW2 0.80674	-0.589689	-0.0379165
		*TM_ROW3 -80.2459	-91.3231	96.5841
		*TM_POS -80.2459	-91.3231	96.5841
		*TM_ROTAXIS -0.709886	0.21136	-0.671855
		*TM_ROTANGLE 2.67233
		*TM_SCALE 1	1	1
		*TM_SCALEAXIS 0	0	0
		*TM_SCALEAXISANG 0	0	0
	}
}
*HELPEROBJECT {
	*NODE_NAME "Bip01 Spine1"
	*NODE_PARENT "Bip01 Spine"
	*NODE_TM {
		*NODE_NAME "Bip01 Spine1"
		*TM_ROW0 0.0399068	-0.0650475	0.997084
		*TM_ROW1 -0.769578	-0.638461	-0.0108506
		*TM_ROW2 0.637305	-0.7669	-0.0755381
		*TM_ROW3 -79.6337	-91.1203	106.391
		*TM_POS -79.6337	-91.1203	106.391
		*TM_ROTAXIS -0.690921	0.328786	-0.643839
		*TM_ROTANGLE 2.56266
		*TM_SCALE 1	1	1
		*TM_SCALEAXIS 0	0	0
		*TM_SCALEAXISANG 0	0	0
	}
}
*HELPEROBJECT {
	*NODE_NAME "Bip01 Spine2"
	*NODE_PARENT "Bip01 Spine1"
	*NODE_TM {
		*NODE_NAME "Bip01 Spine2"
		*TM_ROW0 -0.225318	-0.26445	0.937709
		*TM_ROW1 -0.897605	-0.31792	-0.30534
		*TM_ROW2 0.378864	-0.910491	-0.165738
		*TM_ROW3 -79.1019	-91.9446	119.151
		*TM_POS -79.1019	-91.9446	119.151
		*TM_ROTAXIS -0.582468	0.537898	-0.609423
		*TM_ROTANGLE 2.59536
		*TM_SCALE 1	1	1
		*TM_SCALEAXIS 0	0	0
		*TM_SCALEAXISANG 0	0	0
	}
}
*HELPEROBJECT {
	*NODE_NAME "Bip01 Neck"
	*NODE_PARENT "Bip01 Spine2"
	*NODE_TM {
		*NODE_NAME "Bip01 Neck"
		*TM_ROW0 -0.527762	-0.359674	0.769482
		*TM_ROW1 -0.76022	-0.204054	-0.616789
		*TM_ROW2 0.378858	-0.910493	-0.165739
		*TM_ROW3 -85.8536	-99.8728	147.27
		*TM_POS -85.8536	-99.8728	147.27
		*TM_ROTAXIS -0.464802	0.618182	-0.633885
		*TM_ROTANGLE 2.82014
		*TM_SCALE 1	1	1
		*TM_SCALEAXIS 0	0	0
		*TM_SCALEAXISANG 0	0	0
	}
}
*HELPEROBJECT {
	*NODE_NAME "Bip01 Head"
	*NODE_PARENT "Bip01 Neck"
	*NODE_TM {
		*NODE_NAME "Bip01 Head"
		*TM_ROW0 -0.0939628	-0.0912125	0.991389
		*TM_ROW1 -0.253519	-0.960775	-0.112424
		*TM_ROW2 0.962756	-0.2619	0.067153
		*TM_ROW3 -89.4631	-102.333	152.533
		*TM_POS -89.4631	-102.333	152.533
		*TM_ROTAXIS -0.6718	0.128686	-0.729469
		*TM_ROTANGLE 3.03011
		*TM_SCALE 1	1	1
		*TM_SCALEAXIS 0	0	0
		*TM_SCALEAXISANG 0	0	0
	}
}
*HELPEROBJECT {
	*NODE_NAME "zs_Helmet"
	*NODE_PARENT "Bip01 Head"
	*NODE_TM {
		*NODE_NAME "zs_Helmet"
		*TM_ROW0 0.962756	-0.261899	0.0671531
		*TM_ROW1 0.260109	0.96497	0.0342951
		*TM_ROW2 -0.0737826	-0.0155506	0.997153
		*TM_ROW3 -134.227	-197.358	423.699
		*TM_POS -134.227	-197.358	423.699
		*TM_ROTAXIS -0.0917983	0.259554	0.961356
		*TM_ROTANGLE 0.274947
		*TM_SCALE 1	1	1
		*TM_SCALEAXIS 0	0	0
		*TM_SCALEAXISANG 0	0	0
	}
}
*HELPEROBJECT {
	*NODE_NAME "Bip01 L Clavicle"
	*NODE_PARENT "Bip01 Neck"
	*NODE_TM {
		*NODE_NAME "Bip01 L Clavicle"
		*TM_ROW0 0.181335	-0.883752	-0.431394
		*TM_ROW1 0.964792	0.0748915	0.252125
		*TM_ROW2 -0.190508	-0.461924	0.866217
		*TM_ROW3 -79.4125	-104.92	141.669
		*TM_POS -79.4125	-104.92	141.669
		*TM_ROTAXIS -0.357696	-0.120669	0.926009
		*TM_ROTANGLE 1.50954
		*TM_SCALE 1	1	1
		*TM_SCALEAXIS 0	0	0
		*TM_SCALEAXISANG 0	0	0
	}
}
*HELPEROBJECT {
	*NODE_NAME "Bip01 L UpperArm"
	*NODE_PARENT "Bip01 L Clavicle"
	*NODE_TM {
		*NODE_NAME "Bip01 L UpperArm"
		*TM_ROW0 0.0116335	0.0272918	-0.99956
		*TM_ROW1 0.999905	0.00714061	0.0118325
		*TM_ROW2 0.00746041	-0.999602	-0.0272061
		*TM_ROW3 -76.996	-116.697	135.92
		*TM_POS -76.996	-116.697	135.92
		*TM_ROTAXIS -0.585607	-0.583051	0.56313
		*TM_ROTANGLE 2.09927
		*TM_SCALE 1	1	1
		*TM_SCALEAXIS 0	0	0
		*TM_SCALEAXISANG 0	0	0
	}
}
*HELPEROBJECT {
	*NODE_NAME "Bip01 L Forearm"
	*NODE_PARENT "Bip01 L UpperArm"
	*NODE_TM {
		*NODE_NAME "Bip01 L Forearm"
		*TM_ROW0 -0.822996	0.00931611	-0.567971
		*TM_ROW1 0.567998	0.0266279	-0.822599
		*TM_ROW2 0.00746043	-0.999602	-0.0272062
		*TM_ROW3 -76.6714	-115.935	108.026
		*TM_POS -76.6714	-115.935	108.026
		*TM_ROTAXIS -0.215509	-0.700612	0.680219
		*TM_ROTANGLE 2.71841
		*TM_SCALE 1	1	1
		*TM_SCALEAXIS 0	0	0
		*TM_SCALEAXISANG 0	0	0
	}
}
*HELPEROBJECT {
	*NODE_NAME "Bip01 L Hand"
	*NODE_PARENT "Bip01 L Forearm"
	*NODE_TM {
		*NODE_NAME "Bip01 L Hand"
		*TM_ROW0 -0.80886	0.390363	-0.43973
		*TM_ROW1 -0.502906	-0.0717693	0.861356
		*TM_ROW2 0.304683	0.917859	0.254367
		*TM_ROW3 -99.5641	-115.676	92.2274
		*TM_POS -99.5641	-115.676	92.2274
		*TM_ROTAXIS 0.0485353	-0.639441	-0.767307
		*TM_ROTANGLE 2.52031
		*TM_SCALE 1	1	1
		*TM_SCALEAXIS 0	0	0
		*TM_SCALEAXISANG 0	0	0
	}
}
*HELPEROBJECT {
	*NODE_NAME "Bip01 L Finger0"
	*NODE_PARENT "Bip01 L Hand"
	*NODE_TM {
		*NODE_NAME "Bip01 L Finger0"
		*TM_ROW0 -0.80886	0.390363	-0.439729
		*TM_ROW1 -0.503138	-0.0724715	0.861162
		*TM_ROW2 0.304298	0.917804	0.255026
		*TM_ROW3 -109.974	-110.652	86.5681
		*TM_POS -109.974	-110.652	86.5681
		*TM_ROTAXIS 0.0486573	-0.639144	-0.767547
		*TM_ROTANGLE 2.52035
		*TM_SCALE 1	1	1
		*TM_SCALEAXIS 0	0	0
		*TM_SCALEAXISANG 0	0	0
	}
}
*HELPEROBJECT {
	*NODE_NAME "zs_LeftHand"
	*NODE_PARENT "Bip01 L Hand"
	*NODE_TM {
		*NODE_NAME "zs_LeftHand"
		*TM_ROW0 0.340717	0.857979	0.384428
		*TM_ROW1 -0.660134	0.509466	-0.551968
		*TM_ROW2 -0.669429	-0.0657092	0.739964
		*TM_ROW3 -228.522	-85.2379	99.3454
		*TM_POS -228.522	-85.2379	99.3454
		*TM_ROTAXIS 0.254459	0.551484	-0.794428
		*TM_ROTANGLE 1.27126
		*TM_SCALE 1	1	1
		*TM_SCALEAXIS 0	0	0
		*TM_SCALEAXISANG 0	0	0
	}
}
*HELPEROBJECT {
	*NODE_NAME "zs_LeftArm"
	*NODE_PARENT "Bip01 L Forearm"
	*NODE_TM {
		*NODE_NAME "zs_LeftArm"
		*TM_ROW0 -0.738363	0.121475	-0.663373
		*TM_ROW1 0.663416	-0.046007	-0.746835
		*TM_ROW2 -0.121241	-0.991528	-0.0466184
		*TM_ROW3 -391.834	-167.659	102.179
		*TM_POS -391.834	-167.659	102.179
		*TM_ROTAXIS -0.304094	-0.673738	0.673501
		*TM_ROTANGLE 2.72753
		*TM_SCALE 1	1	1
		*TM_SCALEAXIS 0	0	0
		*TM_SCALEAXISANG 0	0	0
	}
}
*HELPEROBJECT {
	*NODE_NAME "Bip01 R Clavicle"
	*NODE_PARENT "Bip01 Neck"
	*NODE_TM {
		*NODE_NAME "Bip01 R Clavicle"
		*TM_ROW0 -0.698356	0.712546	-0.0676534
		*TM_ROW1 0.653407	0.673255	0.346103
		*TM_ROW2 0.292163	0.197498	-0.935754
		*TM_ROW3 -85.4471	-90.4176	144.309
		*TM_POS -85.4471	-90.4176	144.309
		*TM_ROTAXIS -0.377398	-0.91379	-0.150191
		*TM_ROTANGLE 2.94342
		*TM_SCALE 1	1	1
		*TM_SCALEAXIS 0	0	0
		*TM_SCALEAXISANG 0	0	0
	}
}
*HELPEROBJECT {
	*NODE_NAME "Bip01 R UpperArm"
	*NODE_PARENT "Bip01 R Clavicle"
	*NODE_TM {
		*NODE_NAME "Bip01 R UpperArm"
		*TM_ROW0 -0.229334	0.257118	-0.938774
		*TM_ROW1 -0.0677077	0.957929	0.278905
		*TM_ROW2 0.97099	0.127525	-0.202277
		*TM_ROW3 -94.7534	-80.9222	143.407
		*TM_POS -94.7534	-80.9222	143.407
		*TM_ROTAXIS -0.0779066	-0.982845	-0.167169
		*TM_ROTANGLE 1.80991
		*TM_SCALE 1	1	1
		*TM_SCALEAXIS 0	0	0
		*TM_SCALEAXISANG 0	0	0
	}
}
*HELPEROBJECT {
	*NODE_NAME "Bip01 R Forearm"
	*NODE_PARENT "Bip01 R UpperArm"
	*NODE_TM {
		*NODE_NAME "Bip01 R Forearm"
		*TM_ROW0 -0.104317	-0.535271	-0.838214
		*TM_ROW1 -0.215166	0.834998	-0.50644
		*TM_ROW2 0.97099	0.127525	-0.202277
		*TM_ROW3 -101.153	-73.747	117.21
		*TM_POS -101.153	-73.747	117.21
		*TM_ROTAXIS 0.32618	-0.93085	0.164697
		*TM_ROTANGLE 1.80884
		*TM_SCALE 1	1	1
		*TM_SCALEAXIS 0	0	0
		*TM_SCALEAXISANG 0	0	0
	}
}
*HELPEROBJECT {
	*NODE_NAME "Bip01 R Hand"
	*NODE_PARENT "Bip01 R Forearm"
	*NODE_TM {
		*NODE_NAME "Bip01 R Hand"
		*TM_ROW0 0.49268	-0.854688	0.163628
		*TM_ROW1 -0.477013	-0.107983	0.872238
		*TM_ROW2 -0.727822	-0.507787	-0.460898
		*TM_ROW3 -104.055	-88.6363	93.8936
		*TM_POS -104.055	-88.6363	93.8936
		*TM_ROTAXIS -0.818636	0.528812	0.224039
		*TM_ROTANGLE 2.13898
		*TM_SCALE 1	1	1
		*TM_SCALEAXIS 0	0	0
		*TM_SCALEAXISANG 0	0	0
	}
}
*HELPEROBJECT {
	*NODE_NAME "Bip01 R Finger0"
	*NODE_PARENT "Bip01 R Hand"
	*NODE_TM {
		*NODE_NAME "Bip01 R Finger0"
		*TM_ROW0 0.492681	-0.854688	0.163629
		*TM_ROW1 -0.477568	-0.108371	0.871886
		*TM_ROW2 -0.727458	-0.507705	-0.461564
		*TM_ROW3 -97.7142	-99.636	95.9995
		*TM_POS -97.7142	-99.636	95.9995
		*TM_ROTAXIS -0.818705	0.528807	0.223798
		*TM_ROTANGLE 2.1396
		*TM_SCALE 1	1	1
		*TM_SCALEAXIS 0	0	0
		*TM_SCALEAXISANG 0	0	0
	}
}
*HELPEROBJECT {
	*NODE_NAME "zs_RightHand"
	*NODE_PARENT "Bip01 R Hand"
	*NODE_TM {
		*NODE_NAME "zs_RightHand"
		*TM_ROW0 0.133622	0.849505	0.510379
		*TM_ROW1 -0.842215	0.368768	-0.3933
		*TM_ROW2 -0.522321	-0.377295	0.764741
		*TM_ROW3 -79.9928	-193.428	155.913
		*TM_POS -79.9928	-193.428	155.913
		*TM_ROTAXIS 0.00807464	0.521018	-0.853507
		*TM_ROTANGLE 1.43683
		*TM_SCALE 1	1	1
		*TM_SCALEAXIS 0	0	0
		*TM_SCALEAXISANG 0	0	0
	}
}
*HELPEROBJECT {
	*NODE_NAME "zs_Crossbow"
	*NODE_PARENT "Bip01 Spine2"
	*NODE_TM {
		*NODE_NAME "zs_Crossbow"
		*TM_ROW0 -0.454073	0.0793391	0.887425
		*TM_ROW1 -0.221217	0.954798	-0.198554
		*TM_ROW2 -0.863065	-0.286472	-0.415997
		*TM_ROW3 -116.155	-13.8138	1591.84
		*TM_POS -116.155	-13.8138	1591.84
		*TM_ROTAXIS -0.0494399	0.984373	-0.169015
		*TM_ROTANGLE 2.04613
		*TM_SCALE 1	1	1
		*TM_SCALEAXIS 0	0	0
		*TM_SCALEAXISANG 0	0	0
	}
}
*HELPEROBJECT {
	*NODE_NAME "zs_Longsword"
	*NODE_PARENT "Bip01 Spine2"
	*NODE_TM {
		*NODE_NAME "zs_Longsword"
		*TM_ROW0 -0.595728	0.159338	0.787223
		*TM_ROW1 -0.0683757	0.966506	-0.247369
		*TM_ROW2 -0.80027	-0.201192	-0.56488
		*TM_ROW3 -264.477	82.1233	1238.28
		*TM_POS -264.477	82.1233	1238.28
		*TM_ROTAXIS -0.0287817	-0.989458	0.14193
		*TM_ROTANGLE 4.07257
		*TM_SCALE 1	1	1
		*TM_SCALEAXIS 0	0	0
		*TM_SCALEAXISANG 0	0	0
	}
}
*HELPEROBJECT {
	*NODE_NAME "zs_Shield"
	*NODE_PARENT "Bip01 Spine2"
	*NODE_TM {
		*NODE_NAME "zs_Shield"
		*TM_ROW0 0.483793	0.361648	-0.796966
		*TM_ROW1 -0.0210004	0.915163	0.402536
		*TM_ROW2 0.87493	-0.178007	0.450345
		*TM_ROW3 303.509	-220.557	494.027
		*TM_POS 303.509	-220.557	494.027
		*TM_ROTAXIS -0.320616	-0.923335	-0.211325
		*TM_ROTANGLE 1.13222
		*TM_SCALE 1	1	1
		*TM_SCALEAXIS 0	0	0
		*TM_SCALEAXISANG 0	0	0
	}
}
*HELPEROBJECT {
	*NODE_NAME "zs_Bow"
	*NODE_PARENT "Bip01 Spine2"
	*NODE_TM {
		*NODE_NAME "zs_Bow"
		*TM_ROW0 -0.561203	-0.00963618	0.827622
		*TM_ROW1 0.805809	0.221977	0.548997
		*TM_ROW2 -0.189003	0.975004	-0.116809
		*TM_ROW3 373.838	38.2787	370.169
		*TM_POS 373.838	38.2787	370.169
		*TM_ROTAXIS -0.310701	-0.741458	-0.594731
		*TM_ROTANGLE 3.89696
		*TM_SCALE 1	1	1
		*TM_SCALEAXIS 0	0	0
		*TM_SCALEAXISANG 0	0	0
	}
}
*HELPEROBJECT {
	*NODE_NAME "zs_Sword"
	*NODE_PARENT "Bip01 Spine"
	*NODE_TM {
		*NODE_NAME "zs_Sword"
		*TM_ROW0 -0.155794	-0.277747	0.947937
		*TM_ROW1 0.571271	0.757553	0.315853
		*TM_ROW2 -0.80584	0.590737	0.0406472
		*TM_ROW3 218.437	-215.716	119.494
		*TM_POS 218.437	-215.716	119.494
		*TM_ROTAXIS 0.139693	0.89125	0.431462
		*TM_ROTANGLE 1.75056
		*TM_SCALE 1	1	1
		*TM_SCALEAXIS 0	0	0
		*TM_SCALEAXISANG 0	0	0
	}
}
*HELPEROBJECT {
	*NODE_NAME "Bip01 L Thigh"
	*NODE_PARENT "Bip01 Pelvis"
	*NODE_TM {
		*NODE_NAME "Bip01 L Thigh"
		*TM_ROW0 0.0828167	-0.369991	-0.925337
		*TM_ROW1 -0.175164	-0.919475	0.35197
		*TM_ROW2 -0.98105	0.132937	-0.140957
		*TM_ROW3 -71.5367	-93.341	94.8165
		*TM_POS -71.5367	-93.341	94.8165
		*TM_ROTAXIS -0.734049	0.186712	0.652925
		*TM_ROTANGLE 2.99184
		*TM_SCALE 1	1	1
		*TM_SCALEAXIS 0	0	0
		*TM_SCALEAXISANG 0	0	0
	}
	*TM_ANIMATION {
		*NODE_NAME "Bip01 L Thigh"
		*CONTROL_POS_TRACK {
			*CONTROL_POS_SAMPLE 192	3.96101	6.29913	96.6287
			*CONTROL_POS_SAMPLE 384	3.95877	2.00034	95.5089
			*CONTROL_POS_SAMPLE 576	3.95682	-2.29833	94.8132
			*CONTROL_POS_SAMPLE 768	1.33481	-7.58989	93.6354
			*CONTROL_POS_SAMPLE 960	-1.28688	-12.8813	92.3825
			*CONTROL_POS_SAMPLE 1152	-3.90828	-18.1727	90.9233
			*CONTROL_POS_SAMPLE 1344	-6.52938	-23.464	89.2981
			*CONTROL_POS_SAMPLE 1536	-9.1502	-28.7553	88.0003
			*CONTROL_POS_SAMPLE 1728	-11.7708	-34.0465	87.5233
			*CONTROL_POS_SAMPLE 1920	-15.2869	-37.5345	87.8834
			*CONTROL_POS_SAMPLE 2112	-18.8029	-41.0225	88.6644
			*CONTROL_POS_SAMPLE 2304	-22.3187	-44.5105	89.7106
			*CONTROL_POS_SAMPLE 2496	-25.8343	-47.9984	90.8666
			*CONTROL_POS_SAMPLE 2688	-29.3499	-51.4863	91.9765
			*CONTROL_POS_SAMPLE 2880	-32.8653	-54.9742	92.8849
			*CONTROL_POS_SAMPLE 3072	-36.3807	-58.462	93.436
			*CONTROL_POS_SAMPLE 3264	-39.896	-61.9499	93.5126
			*CONTROL_POS_SAMPLE 3456	-43.4114	-65.4377	93.2155
			*CONTROL_POS_SAMPLE 3648	-46.9268	-68.9256	92.7162
			*CONTROL_POS_SAMPLE 3840	-50.4422	-72.4134	92.1865
			*CONTROL_POS_SAMPLE 4032	-53.9576	-75.9013	91.798
			*CONTROL_POS_SAMPLE 4224	-57.4732	-79.3892	91.7224
			*CONTROL_POS_SAMPLE 4416	-60.9889	-82.8771	92.1376
			*CONTROL_POS_SAMPLE 4608	-64.5047	-86.365	92.9496
			*CONTROL_POS_SAMPLE 4800	-68.0206	-89.853	93.9215
			*CONTROL_POS_SAMPLE 4992	-71.5367	-93.341	94.8165
		}
		*CONTROL_ROT_TRACK {
			*CONTROL_ROT_SAMPLE 192	-0.734401	0.177667	0.655049	3.1825
			*CONTROL_ROT_SAMPLE 384	-0.730344	0.1801	0.658909	3.17936
			*CONTROL_ROT_SAMPLE 576	-0.728991	0.169323	0.663251	3.19399
			*CONTROL_ROT_SAMPLE 768	-0.738439	0.150708	0.657263	3.2261
			*CONTROL_ROT_SAMPLE 960	-0.748773	0.126627	0.650619	3.26931
			*CONTROL_ROT_SAMPLE 1152	-0.759681	0.0976706	0.642919	3.32277
			*CONTROL_ROT_SAMPLE 1344	-0.769847	0.0694405	0.63444	3.37817
			*CONTROL_ROT_SAMPLE 1536	-0.780476	0.0286223	0.62453	3.45239
			*CONTROL_ROT_SAMPLE 1728	-0.793524	-0.0734237	0.604093	3.61818
			*CONTROL_ROT_SAMPLE 1920	-0.777885	0.0650701	0.625028	3.39532
			*CONTROL_ROT_SAMPLE 2112	-0.759015	0.147209	0.634212	3.24959
			*CONTROL_ROT_SAMPLE 2304	-0.74008	0.203493	0.640993	3.14213
			*CONTROL_ROT_SAMPLE 2496	-0.722884	0.242254	0.647111	3.06182
			*CONTROL_ROT_SAMPLE 2688	-0.705263	0.27623	0.652917	2.98788
			*CONTROL_ROT_SAMPLE 2880	-0.687692	0.305772	0.65847	2.92078
			*CONTROL_ROT_SAMPLE 3072	-0.670604	0.331212	0.663769	2.86085
			*CONTROL_ROT_SAMPLE 3264	0.654405	-0.352751	-0.668821	3.47462
			*CONTROL_ROT_SAMPLE 3456	0.640097	-0.368903	-0.673934	3.51557
			*CONTROL_ROT_SAMPLE 3648	0.632828	-0.366469	-0.682077	3.51989
			*CONTROL_ROT_SAMPLE 3840	0.637063	-0.337395	-0.693048	3.47238
			*CONTROL_ROT_SAMPLE 4032	0.648791	-0.293274	-0.702183	3.39366
			*CONTROL_ROT_SAMPLE 4224	0.657261	-0.294563	-0.693715	3.40843
			*CONTROL_ROT_SAMPLE 4416	0.674181	-0.279875	-0.683484	3.40042
			*CONTROL_ROT_SAMPLE 4608	-0.694579	0.25402	0.673078	2.91024
			*CONTROL_ROT_SAMPLE 4800	-0.714706	0.222154	0.663206	2.94801
			*CONTROL_ROT_SAMPLE 4992	-0.734049	0.186712	0.652925	2.99184
		}
	}
}
*HELPEROBJECT {
	*NODE_NAME "Bip01 L Calf"
	*NODE_PARENT "Bip01 L Thigh"
	*NODE_TM {
		*NODE_NAME "Bip01 L Calf"
		*TM_ROW0 0.160532	0.150333	-0.975515
		*TM_ROW1 -0.108491	-0.979657	-0.168825
		*TM_ROW2 -0.98105	0.132937	-0.140957
		*TM_ROW3 -68.2783	-107.898	58.4093
		*TM_POS -68.2783	-107.898	58.4093
		*TM_ROTAXIS -0.75897	-0.0139214	0.650977
		*TM_ROTANGLE 3.34172
		*TM_SCALE 1	1	1
		*TM_SCALEAXIS 0	0	0
		*TM_SCALEAXISANG 0	0	0
	}
	*TM_ANIMATION {
		*NODE_NAME "Bip01 L Calf"
		*CONTROL_POS_TRACK {
			*CONTROL_POS_SAMPLE 192	7.07218	-2.90991	58.5035
			*CONTROL_POS_SAMPLE 384	6.60031	-7.36761	57.387
			*CONTROL_POS_SAMPLE 576	6.45513	-10.638	56.4437
			*CONTROL_POS_SAMPLE 768	4.96268	-14.1488	55.0111
			*CONTROL_POS_SAMPLE 960	3.62725	-17.0515	53.5692
			*CONTROL_POS_SAMPLE 1152	2.4322	-19.4057	52.1123
			*CONTROL_POS_SAMPLE 1344	1.20871	-21.7617	50.7593
			*CONTROL_POS_SAMPLE 1536	0.17495	-22.9565	50.2189
			*CONTROL_POS_SAMPLE 1728	0.0573239	-18.8137	53.2293
			*CONTROL_POS_SAMPLE 1920	-6.5188	-35.281	49.5942
			*CONTROL_POS_SAMPLE 2112	-12.7171	-47.0995	50.271
			*CONTROL_POS_SAMPLE 2304	-18.5638	-56.3478	52.3771
			*CONTROL_POS_SAMPLE 2496	-23.9993	-63.7857	54.8748
			*CONTROL_POS_SAMPLE 2688	-29.3216	-70.659	57.6193
			*CONTROL_POS_SAMPLE 2880	-34.4927	-76.9943	60.3198
			*CONTROL_POS_SAMPLE 3072	-39.4904	-82.8337	62.7055
			*CONTROL_POS_SAMPLE 3264	-44.3064	-88.2182	64.555
			*CONTROL_POS_SAMPLE 3456	-48.91	-93.0636	65.7456
			*CONTROL_POS_SAMPLE 3648	-53.0908	-96.4412	65.277
			*CONTROL_POS_SAMPLE 3840	-56.5836	-97.7249	62.6971
			*CONTROL_POS_SAMPLE 4032	-59.4597	-97.5276	59.3936
			*CONTROL_POS_SAMPLE 4224	-62.0338	-101.551	59.5345
			*CONTROL_POS_SAMPLE 4416	-63.8528	-104.36	59.3003
			*CONTROL_POS_SAMPLE 4608	-65.3439	-106.136	58.9434
			*CONTROL_POS_SAMPLE 4800	-66.8109	-107.25	58.6525
			*CONTROL_POS_SAMPLE 4992	-68.2783	-107.898	58.4093
		}
		*CONTROL_ROT_TRACK {
			*CONTROL_ROT_SAMPLE 192	-0.760286	0.0511338	0.647573	3.40453
			*CONTROL_ROT_SAMPLE 384	-0.762253	0.0146124	0.647114	3.47079
			*CONTROL_ROT_SAMPLE 576	-0.761392	-0.0131324	0.648159	3.51686
			*CONTROL_ROT_SAMPLE 768	-0.76883	-0.0458627	0.637807	3.56516
			*CONTROL_ROT_SAMPLE 960	-0.775234	-0.0736094	0.627371	3.6056
			*CONTROL_ROT_SAMPLE 1152	-0.781151	-0.096607	0.616822	3.63995
			*CONTROL_ROT_SAMPLE 1344	-0.786881	-0.114807	0.606331	3.67046
			*CONTROL_ROT_SAMPLE 1536	-0.791588	-0.120841	0.598988	3.68307
			*CONTROL_ROT_SAMPLE 1728	-0.793547	-0.0738629	0.604009	3.61883
			*CONTROL_ROT_SAMPLE 1920	-0.794015	-0.168848	0.583978	3.75139
			*CONTROL_ROT_SAMPLE 2112	-0.789144	-0.20575	0.578722	3.79772
			*CONTROL_ROT_SAMPLE 2304	-0.78377	-0.20991	0.584502	3.80209
			*CONTROL_ROT_SAMPLE 2496	-0.778539	-0.194353	0.596744	3.78086
			*CONTROL_ROT_SAMPLE 2688	-0.77269	-0.171651	0.611135	3.74992
			*CONTROL_ROT_SAMPLE 2880	-0.766043	-0.143734	0.626514	3.7111
			*CONTROL_ROT_SAMPLE 3072	-0.758521	-0.112427	0.641877	3.66618
			*CONTROL_ROT_SAMPLE 3264	-0.75016	-0.0791617	0.656501	3.6167
			*CONTROL_ROT_SAMPLE 3456	-0.740963	-0.0439365	0.670107	3.56217
			*CONTROL_ROT_SAMPLE 3648	-0.728882	0.00290269	0.684634	3.4839
			*CONTROL_ROT_SAMPLE 3840	-0.713461	0.0598219	0.698137	3.37597
			*CONTROL_ROT_SAMPLE 4032	0.698591	-0.11289	-0.70656	3.02019
			*CONTROL_ROT_SAMPLE 4224	-0.712613	0.0753124	0.697503	3.31632
			*CONTROL_ROT_SAMPLE 4416	-0.726556	0.0407985	0.685895	3.34712
			*CONTROL_ROT_SAMPLE 4608	-0.738838	0.0142842	0.673731	3.35865
			*CONTROL_ROT_SAMPLE 4800	-0.749151	-0.00268943	0.662394	3.35402
			*CONTROL_ROT_SAMPLE 4992	-0.75897	-0.0139214	0.650977	3.34172
		}
	}
}
*HELPEROBJECT {
	*NODE_NAME "Bip01 L Foot"
	*NODE_PARENT "Bip01 L Calf"
	*NODE_TM {
		*NODE_NAME "Bip01 L Foot"
		*TM_ROW0 0.000569808	-0.000255416	-1
		*TM_ROW1 0.173638	-0.98481	0.000350474
		*TM_ROW2 -0.984809	-0.173638	-0.000516803
		*TM_ROW3 -60.3965	-100.517	10.5138
		*TM_POS -60.3965	-100.517	10.5138
		*TM_ROTAXIS -0.705956	-0.0616348	0.705569
		*TM_ROTANGLE 3.01805
		*TM_SCALE 1	1	1
		*TM_SCALEAXIS 0	0	0
		*TM_SCALEAXISANG 0	0	0
	}
	*TM_ANIMATION {
		*NODE_NAME "Bip01 L Foot"
		*CONTROL_POS_TRACK {
			*CONTROL_POS_SAMPLE 192	15.4469	1.6021	10.3362
			*CONTROL_POS_SAMPLE 384	15.6616	1.8394	10.0193
			*CONTROL_POS_SAMPLE 576	15.719	1.97342	9.90642
			*CONTROL_POS_SAMPLE 768	15.6824	2.03149	9.91275
			*CONTROL_POS_SAMPLE 960	15.6152	2.04102	9.95331
			*CONTROL_POS_SAMPLE 1152	15.5809	2.02937	9.9432
			*CONTROL_POS_SAMPLE 1344	15.4663	1.52372	9.95373
			*CONTROL_POS_SAMPLE 1536	15.2301	0.922035	10.0476
			*CONTROL_POS_SAMPLE 1728	14.8263	0.241968	10.4585
			*CONTROL_POS_SAMPLE 1920	9.56192	-6.88205	12.9133
			*CONTROL_POS_SAMPLE 2112	3.18202	-15.4773	16.2441
			*CONTROL_POS_SAMPLE 2304	-3.35774	-24.2851	18.4457
			*CONTROL_POS_SAMPLE 2496	-9.75984	-32.9149	19.4515
			*CONTROL_POS_SAMPLE 2688	-16.2427	-41.6554	20.2252
			*CONTROL_POS_SAMPLE 2880	-22.7654	-50.4491	20.7167
			*CONTROL_POS_SAMPLE 3072	-29.2874	-59.2384	20.8755
			*CONTROL_POS_SAMPLE 3264	-35.7679	-67.9657	20.6516
			*CONTROL_POS_SAMPLE 3456	-42.1662	-76.5732	19.9945
			*CONTROL_POS_SAMPLE 3648	-48.6852	-85.3599	17.6495
			*CONTROL_POS_SAMPLE 3840	-55.0382	-93.8984	13.7731
			*CONTROL_POS_SAMPLE 4032	-60.4501	-101.042	10.4319
			*CONTROL_POS_SAMPLE 4224	-60.8982	-100.828	10.4553
			*CONTROL_POS_SAMPLE 4416	-60.6269	-100.368	10.4717
			*CONTROL_POS_SAMPLE 4608	-60.3154	-100.037	10.4863
			*CONTROL_POS_SAMPLE 4800	-60.3144	-100.197	10.5003
			*CONTROL_POS_SAMPLE 4992	-60.3965	-100.517	10.5138
		}
		*CONTROL_ROT_TRACK {
			*CONTROL_ROT_SAMPLE 192	-0.705955	-0.0616344	0.705569	3.01805
			*CONTROL_ROT_SAMPLE 384	-0.705983	-0.0616187	0.705543	3.01802
			*CONTROL_ROT_SAMPLE 576	-0.705994	-0.0616129	0.705533	3.01801
			*CONTROL_ROT_SAMPLE 768	-0.705994	-0.0616128	0.705533	3.01801
			*CONTROL_ROT_SAMPLE 960	-0.705991	-0.0616145	0.705536	3.01801
			*CONTROL_ROT_SAMPLE 1152	-0.705992	-0.0616137	0.705534	3.01801
			*CONTROL_ROT_SAMPLE 1344	-0.705992	-0.0616143	0.705534	3.01801
			*CONTROL_ROT_SAMPLE 1536	-0.705988	-0.0616166	0.705539	3.01802
			*CONTROL_ROT_SAMPLE 1728	-0.705984	-0.0616189	0.705542	3.01802
			*CONTROL_ROT_SAMPLE 1920	-0.705982	-0.06162	0.705544	3.01802
			*CONTROL_ROT_SAMPLE 2112	-0.70598	-0.061621	0.705546	3.01802
			*CONTROL_ROT_SAMPLE 2304	-0.705979	-0.0616219	0.705547	3.01803
			*CONTROL_ROT_SAMPLE 2496	-0.705977	-0.0616228	0.705549	3.01803
			*CONTROL_ROT_SAMPLE 2688	-0.705975	-0.0616237	0.70555	3.01803
			*CONTROL_ROT_SAMPLE 2880	-0.705974	-0.0616246	0.705552	3.01803
			*CONTROL_ROT_SAMPLE 3072	-0.705972	-0.0616255	0.705554	3.01803
			*CONTROL_ROT_SAMPLE 3264	-0.70597	-0.0616265	0.705555	3.01803
			*CONTROL_ROT_SAMPLE 3456	-0.705969	-0.0616274	0.705557	3.01804
			*CONTROL_ROT_SAMPLE 3648	-0.705967	-0.0616283	0.705558	3.01804
			*CONTROL_ROT_SAMPLE 3840	-0.705965	-0.0616292	0.70556	3.01804
			*CONTROL_ROT_SAMPLE 4032	-0.705964	-0.0616302	0.705561	3.01804
			*CONTROL_ROT_SAMPLE 4224	-0.705962	-0.0616313	0.705563	3.01804
			*CONTROL_ROT_SAMPLE 4416	-0.70596	-0.0616322	0.705564	3.01804
			*CONTROL_ROT_SAMPLE 4608	-0.705959	-0.061633	0.705566	3.01805
			*CONTROL_ROT_SAMPLE 4800	-0.705957	-0.0616339	0.705568	3.01805
			*CONTROL_ROT_SAMPLE 4992	-0.705956	-0.0616348	0.705569	3.01805
		}
	}
}
*HELPEROBJECT {
	*NODE_NAME "Bip01 L Toe0"
	*NODE_PARENT "Bip01 L Foot"
	*NODE_TM {
		*NODE_NAME "Bip01 L Toe0"
		*TM_ROW0 0.173635	-0.98481	0.000271322
		*TM_ROW1 -0.000554039	0.000177817	1
		*TM_ROW2 -0.98481	-0.173635	-0.000514766
		*TM_ROW3 -56.4575	-122.82	-2.10504
		*TM_POS -56.4575	-122.82	-2.10504
		*TM_ROTAXIS -0.64445	0.540913	0.54046
		*TM_ROTANGLE 1.99693
		*TM_SCALE 1	1	1
		*TM_SCALEAXIS 0	0	0
		*TM_SCALEAXISANG 0	0	0
	}
	*TM_ANIMATION {
		*NODE_NAME "Bip01 L Toe0"
		*CONTROL_POS_TRACK {
			*CONTROL_POS_SAMPLE 192	19.3859	-20.701	-2.28259
			*CONTROL_POS_SAMPLE 384	19.6016	-20.4641	-2.59839
			*CONTROL_POS_SAMPLE 576	19.6593	-20.3303	-2.71083
			*CONTROL_POS_SAMPLE 768	19.6227	-20.2722	-2.7045
			*CONTROL_POS_SAMPLE 960	19.5554	-20.2627	-2.66406
			*CONTROL_POS_SAMPLE 1152	19.5212	-20.2743	-2.6741
			*CONTROL_POS_SAMPLE 1344	19.4066	-20.78	-2.66361
			*CONTROL_POS_SAMPLE 1536	19.1702	-21.3816	-2.56995
			*CONTROL_POS_SAMPLE 1728	18.7663	-22.0616	-2.15914
			*CONTROL_POS_SAMPLE 1920	13.5018	-29.1856	0.295525
			*CONTROL_POS_SAMPLE 2112	7.12189	-37.7807	3.62627
			*CONTROL_POS_SAMPLE 2304	0.582075	-46.5886	5.82778
			*CONTROL_POS_SAMPLE 2496	-5.82009	-55.2183	6.83352
			*CONTROL_POS_SAMPLE 2688	-12.303	-63.9588	7.60722
			*CONTROL_POS_SAMPLE 2880	-18.8258	-72.7525	8.09861
			*CONTROL_POS_SAMPLE 3072	-25.3478	-81.5418	8.25739
			*CONTROL_POS_SAMPLE 3264	-31.8284	-90.269	8.03335
			*CONTROL_POS_SAMPLE 3456	-38.2267	-98.8765	7.37619
			*CONTROL_POS_SAMPLE 3648	-44.7458	-107.663	5.03115
			*CONTROL_POS_SAMPLE 3840	-51.0989	-116.202	1.15472
			*CONTROL_POS_SAMPLE 4032	-56.5108	-123.345	-2.18656
			*CONTROL_POS_SAMPLE 4224	-56.959	-123.131	-2.16322
			*CONTROL_POS_SAMPLE 4416	-56.6877	-122.671	-2.14691
			*CONTROL_POS_SAMPLE 4608	-56.3762	-122.34	-2.13236
			*CONTROL_POS_SAMPLE 4800	-56.3754	-122.501	-2.11847
			*CONTROL_POS_SAMPLE 4992	-56.4575	-122.82	-2.10504
		}
		*CONTROL_ROT_TRACK {
			*CONTROL_ROT_SAMPLE 192	-0.644449	0.540914	0.54046	1.99693
			*CONTROL_ROT_SAMPLE 384	-0.644454	0.540946	0.540422	1.99695
			*CONTROL_ROT_SAMPLE 576	-0.644456	0.540958	0.540407	1.99696
			*CONTROL_ROT_SAMPLE 768	-0.644456	0.540958	0.540407	1.99696
			*CONTROL_ROT_SAMPLE 960	-0.644456	0.540955	0.540411	1.99695
			*CONTROL_ROT_SAMPLE 1152	-0.644456	0.540957	0.540409	1.99696
			*CONTROL_ROT_SAMPLE 1344	-0.644456	0.540956	0.54041	1.99696
			*CONTROL_ROT_SAMPLE 1536	-0.644455	0.540951	0.540416	1.99695
			*CONTROL_ROT_SAMPLE 1728	-0.644455	0.540946	0.540421	1.99695
			*CONTROL_ROT_SAMPLE 1920	-0.644454	0.540944	0.540424	1.99695
			*CONTROL_ROT_SAMPLE 2112	-0.644454	0.540942	0.540426	1.99695
			*CONTROL_ROT_SAMPLE 2304	-0.644454	0.54094	0.540429	1.99695
			*CONTROL_ROT_SAMPLE 2496	-0.644454	0.540938	0.540431	1.99694
			*CONTROL_ROT_SAMPLE 2688	-0.644453	0.540936	0.540433	1.99694
			*CONTROL_ROT_SAMPLE 2880	-0.644453	0.540934	0.540435	1.99694
			*CONTROL_ROT_SAMPLE 3072	-0.644453	0.540933	0.540438	1.99694
			*CONTROL_ROT_SAMPLE 3264	-0.644452	0.540931	0.54044	1.99694
			*CONTROL_ROT_SAMPLE 3456	-0.644452	0.540929	0.540442	1.99694
			*CONTROL_ROT_SAMPLE 3648	-0.644452	0.540927	0.540444	1.99694
			*CONTROL_ROT_SAMPLE 3840	-0.644451	0.540925	0.540447	1.99694
			*CONTROL_ROT_SAMPLE 4032	-0.644451	0.540923	0.540449	1.99693
			*CONTROL_ROT_SAMPLE 4224	-0.644451	0.540921	0.540451	1.99693
			*CONTROL_ROT_SAMPLE 4416	-0.644451	0.540919	0.540454	1.99693
			*CONTROL_ROT_SAMPLE 4608	-0.64445	0.540917	0.540456	1.99693
			*CONTROL_ROT_SAMPLE 4800	-0.64445	0.540915	0.540458	1.99693
			*CONTROL_ROT_SAMPLE 4992	-0.64445	0.540913	0.54046	1.99693
		}
	}
}
*HELPEROBJECT {
	*NODE_NAME "Bip01 R Thigh"
	*NODE_PARENT "Bip01 Pelvis"
	*NODE_TM {
		*NODE_NAME "Bip01 R Thigh"
		*TM_ROW0 -0.317483	-0.365376	-0.875046
		*TM_ROW1 -0.299551	-0.836892	0.458127
		*TM_ROW2 -0.899708	0.407568	0.15625
		*TM_ROW3 -89.046	-89.272	93.5501
		*TM_POS -89.046	-89.272	93.5501
		*TM_ROTAXIS 0.583909	-0.284821	-0.760215
		*TM_ROTANGLE 3.1849
		*TM_SCALE 1	1	1
		*TM_SCALEAXIS 0	0	0
		*TM_SCALEAXISANG 0	0	0
	}
	*TM_ANIMATION {
		*NODE_NAME "Bip01 R Thigh"
		*CONTROL_POS_TRACK {
			*CONTROL_POS_SAMPLE 192	-13.5483	10.3681	95.3623
			*CONTROL_POS_SAMPLE 384	-13.546	6.07058	94.1858
			*CONTROL_POS_SAMPLE 576	-13.5441	1.77294	93.4426
			*CONTROL_POS_SAMPLE 768	-16.1628	-3.5178	92.226
			*CONTROL_POS_SAMPLE 960	-18.7819	-8.80863	90.9425
			*CONTROL_POS_SAMPLE 1152	-21.4012	-14.0995	89.46
			*CONTROL_POS_SAMPLE 1344	-24.0209	-19.3905	87.8184
			*CONTROL_POS_SAMPLE 1536	-26.6408	-24.6816	86.5106
			*CONTROL_POS_SAMPLE 1728	-29.261	-29.9727	86.0292
			*CONTROL_POS_SAMPLE 1920	-32.7772	-33.4607	86.3901
			*CONTROL_POS_SAMPLE 2112	-36.2937	-36.9489	87.1764
			*CONTROL_POS_SAMPLE 2304	-39.8103	-40.437	88.232
			*CONTROL_POS_SAMPLE 2496	-43.3271	-43.9252	89.4005
			*CONTROL_POS_SAMPLE 2688	-46.8439	-47.4134	90.5258
			*CONTROL_POS_SAMPLE 2880	-50.3609	-50.9016	91.4517
			*CONTROL_POS_SAMPLE 3072	-53.8779	-54.3899	92.0219
			*CONTROL_POS_SAMPLE 3264	-57.395	-57.8781	92.1186
			*CONTROL_POS_SAMPLE 3456	-60.9121	-61.3664	91.8419
			*CONTROL_POS_SAMPLE 3648	-64.4291	-64.8547	91.363
			*CONTROL_POS_SAMPLE 3840	-67.9461	-68.343	90.8528
			*CONTROL_POS_SAMPLE 4032	-71.4631	-71.8312	90.4824
			*CONTROL_POS_SAMPLE 4224	-74.9799	-75.3195	90.4229
			*CONTROL_POS_SAMPLE 4416	-78.4967	-78.8077	90.8517
			*CONTROL_POS_SAMPLE 4608	-82.0133	-82.2958	91.6741
			*CONTROL_POS_SAMPLE 4800	-85.5297	-85.784	92.6527
			*CONTROL_POS_SAMPLE 4992	-89.046	-89.272	93.5501
		}
		*CONTROL_ROT_TRACK {
			*CONTROL_ROT_SAMPLE 192	0.614758	-0.224692	-0.756033	2.91802
			*CONTROL_ROT_SAMPLE 384	0.557275	-0.281082	-0.781305	3.01919
			*CONTROL_ROT_SAMPLE 576	0.508264	-0.333295	-0.794092	3.17588
			*CONTROL_ROT_SAMPLE 768	0.470852	-0.376959	-0.797622	3.30454
			*CONTROL_ROT_SAMPLE 960	0.45318	-0.396522	-0.798373	3.35485
			*CONTROL_ROT_SAMPLE 1152	0.450726	-0.402439	-0.796799	3.37139
			*CONTROL_ROT_SAMPLE 1344	0.457685	-0.397752	-0.795184	3.35601
			*CONTROL_ROT_SAMPLE 1536	0.473436	-0.38122	-0.794059	3.30296
			*CONTROL_ROT_SAMPLE 1728	0.500144	-0.346329	-0.79367	3.19779
			*CONTROL_ROT_SAMPLE 1920	0.497393	-0.356708	-0.790797	3.26307
			*CONTROL_ROT_SAMPLE 2112	0.502056	-0.352974	-0.789525	3.25242
			*CONTROL_ROT_SAMPLE 2304	0.512407	-0.341857	-0.787765	3.21999
			*CONTROL_ROT_SAMPLE 2496	0.52882	-0.32581	-0.783707	3.18725
			*CONTROL_ROT_SAMPLE 2688	0.547554	-0.307084	-0.778385	3.15072
			*CONTROL_ROT_SAMPLE 2880	0.566648	-0.287285	-0.772255	3.11294
			*CONTROL_ROT_SAMPLE 3072	0.584368	-0.268017	-0.765951	3.07614
			*CONTROL_ROT_SAMPLE 3264	0.597719	-0.251268	-0.761312	3.04238
			*CONTROL_ROT_SAMPLE 3456	0.611732	-0.236863	-0.754771	3.00937
			*CONTROL_ROT_SAMPLE 3648	0.624429	-0.218521	-0.749891	2.97244
			*CONTROL_ROT_SAMPLE 3840	0.642207	-0.194938	-0.741329	2.92135
			*CONTROL_ROT_SAMPLE 4032	0.660845	-0.163399	-0.73252	2.85841
			*CONTROL_ROT_SAMPLE 4224	0.646201	-0.192718	-0.738433	2.93431
			*CONTROL_ROT_SAMPLE 4416	0.629084	-0.222141	-0.744921	3.01162
			*CONTROL_ROT_SAMPLE 4608	0.613096	-0.246324	-0.750625	3.07736
			*CONTROL_ROT_SAMPLE 4800	0.598229	-0.266625	-0.755667	3.13388
			*CONTROL_ROT_SAMPLE 4992	0.583909	-0.284821	-0.760215	3.1849
		}
	}
}
*HELPEROBJECT {
	*NODE_NAME "Bip01 R Calf"
	*NODE_PARENT "Bip01 R Thigh"
	*NODE_TM {
		*NODE_NAME "Bip01 R Calf"
		*TM_ROW0 0.0606971	0.471309	-0.879877
		*TM_ROW1 -0.432252	-0.782148	-0.448778
		*TM_ROW2 -0.899708	0.407568	0.15625
		*TM_ROW3 -101.537	-103.648	59.1216
		*TM_POS -101.537	-103.648	59.1216
		*TM_ROTAXIS 0.687802	0.0159275	-0.725724
		*TM_ROTANGLE 2.46963
		*TM_SCALE 1	1	1
		*TM_SCALEAXIS 0	0	0
		*TM_SCALEAXISANG 0	0	0
	}
	*TM_ANIMATION {
		*NODE_NAME "Bip01 R Calf"
		*CONTROL_POS_TRACK {
			*CONTROL_POS_SAMPLE 192	-22.545	6.22897	57.2842
			*CONTROL_POS_SAMPLE 384	-28.2505	-2.45598	58.7021
			*CONTROL_POS_SAMPLE 576	-32.5437	-12.6245	62.1418
			*CONTROL_POS_SAMPLE 768	-37.6564	-22.4832	65.275
			*CONTROL_POS_SAMPLE 960	-41.2578	-29.4368	66.0964
			*CONTROL_POS_SAMPLE 1152	-43.9358	-35.3264	65.1776
			*CONTROL_POS_SAMPLE 1344	-46.1699	-40.2085	62.8375
			*CONTROL_POS_SAMPLE 1536	-47.9515	-43.811	59.5303
			*CONTROL_POS_SAMPLE 1728	-48.8755	-45.3459	55.5833
			*CONTROL_POS_SAMPLE 1920	-52.4361	-51.141	57.2533
			*CONTROL_POS_SAMPLE 2112	-55.6235	-54.2866	57.6167
			*CONTROL_POS_SAMPLE 2304	-58.4052	-56.6274	57.5706
			*CONTROL_POS_SAMPLE 2496	-60.6367	-58.8833	57.3904
			*CONTROL_POS_SAMPLE 2688	-62.5952	-60.9241	57.0986
			*CONTROL_POS_SAMPLE 2880	-64.4283	-62.8383	56.7006
			*CONTROL_POS_SAMPLE 3072	-66.2958	-64.73	56.1486
			*CONTROL_POS_SAMPLE 3264	-68.5021	-66.7004	55.4196
			*CONTROL_POS_SAMPLE 3456	-70.595	-68.8034	54.4394
			*CONTROL_POS_SAMPLE 3648	-72.7493	-70.5483	53.3317
			*CONTROL_POS_SAMPLE 3840	-74.2786	-71.703	52.1665
			*CONTROL_POS_SAMPLE 4032	-75.5602	-72.106	51.3524
			*CONTROL_POS_SAMPLE 4224	-80.9753	-79.0348	51.7154
			*CONTROL_POS_SAMPLE 4416	-86.4998	-85.9592	52.9991
			*CONTROL_POS_SAMPLE 4608	-91.7291	-92.2717	54.876
			*CONTROL_POS_SAMPLE 4800	-96.7125	-98.1057	56.9997
			*CONTROL_POS_SAMPLE 4992	-101.537	-103.648	59.1216
		}
		*CONTROL_ROT_TRACK {
			*CONTROL_ROT_SAMPLE 192	0.673294	-0.079432	-0.735096	2.56983
			*CONTROL_ROT_SAMPLE 384	0.655969	-0.0723904	-0.751308	2.46898
			*CONTROL_ROT_SAMPLE 576	0.641546	-0.0757555	-0.763335	2.44949
			*CONTROL_ROT_SAMPLE 768	0.635387	-0.0808328	-0.767952	2.43689
			*CONTROL_ROT_SAMPLE 960	0.624073	-0.106032	-0.774138	2.48046
			*CONTROL_ROT_SAMPLE 1152	0.611683	-0.135748	-0.779369	2.56001
			*CONTROL_ROT_SAMPLE 1344	0.597179	-0.169779	-0.783934	2.65939
			*CONTROL_ROT_SAMPLE 1536	0.579148	-0.209807	-0.787761	2.7786
			*CONTROL_ROT_SAMPLE 1728	0.558669	-0.250704	-0.790592	2.90624
			*CONTROL_ROT_SAMPLE 1920	0.586848	-0.200056	-0.784593	2.79926
			*CONTROL_ROT_SAMPLE 2112	0.602995	-0.170308	-0.779353	2.72094
			*CONTROL_ROT_SAMPLE 2304	0.616521	-0.146136	-0.773658	2.66239
			*CONTROL_ROT_SAMPLE 2496	0.630699	-0.121717	-0.766423	2.62428
			*CONTROL_ROT_SAMPLE 2688	0.644397	-0.0985604	-0.758313	2.59595
			*CONTROL_ROT_SAMPLE 2880	0.657459	-0.0763729	-0.749609	2.57231
			*CONTROL_ROT_SAMPLE 3072	0.669729	-0.054432	-0.740608	2.54796
			*CONTROL_ROT_SAMPLE 3264	0.679366	-0.0339039	-0.733016	2.51967
			*CONTROL_ROT_SAMPLE 3456	0.691331	-0.0115143	-0.722446	2.48549
			*CONTROL_ROT_SAMPLE 3648	0.700059	0.0108074	-0.714003	2.45421
			*CONTROL_ROT_SAMPLE 3840	-0.711298	-0.0326995	0.702129	3.85622
			*CONTROL_ROT_SAMPLE 4032	-0.719444	-0.0488251	0.692832	3.86896
			*CONTROL_ROT_SAMPLE 4224	-0.717405	-0.0586654	0.694182	3.88451
			*CONTROL_ROT_SAMPLE 4416	-0.711893	-0.0569791	0.699972	3.88233
