*3DSMAX_ASCIIEXPORT	110
*COMMENT "This file is part of Gothic Free Aim Copyright (C) 2016-2018  mud-freak (@szapp)"
*COMMENT "<http://github.com/szapp/GothicFreeAim>"
*COMMENT "Animations: first iteration"
*SCENE {
	*SCENE_FILENAME "magIK_WND_frontRight.max"
	*SCENE_FIRSTFRAME 1
	*SCENE_LASTFRAME 27
	*SCENE_FRAMESPEED 25
	*SCENE_TICKSPERFRAME 192
	*SCENE_BACKGROUND_STATIC 0	0	0
	*SCENE_AMBIENT_STATIC 0.2	0.2	0.2
}
*HELPEROBJECT {
	*NODE_NAME "Bip01"
	*NODE_TM {
		*NODE_NAME "Bip01"
		*TM_ROW0 -0.0764955	-0.997068	0.00199327
		*TM_ROW1 0.997054	-0.0764828	0.0058255
		*TM_ROW2 -0.00565597	0.00243303	0.999981
		*TM_ROW3 -96.1844	-89.5283	86.0606
		*TM_POS -96.1844	-89.5283	86.0606
		*TM_ROTAXIS -0.00170122	0.00383586	0.999991
		*TM_ROTANGLE 1.64737
		*TM_SCALE 1	1	1
		*TM_SCALEAXIS 0	0	0
		*TM_SCALEAXISANG 0	0	0
	}
	*TM_ANIMATION {
		*NODE_NAME "Bip01"
		*CONTROL_POS_TRACK {
			*CONTROL_POS_SAMPLE 192	-20.6701	11.9132	86.0606
			*CONTROL_POS_SAMPLE 384	-24.0786	10.5761	85.6649
			*CONTROL_POS_SAMPLE 576	-26.1918	7.71044	85.2169
			*CONTROL_POS_SAMPLE 768	-28.1893	4.91172	84.7558
			*CONTROL_POS_SAMPLE 960	-30.1102	2.13776	84.3209
			*CONTROL_POS_SAMPLE 1152	-31.9935	-0.653671	83.9512
			*CONTROL_POS_SAMPLE 1344	-33.8785	-3.50475	83.686
			*CONTROL_POS_SAMPLE 1536	-35.8041	-6.45769	83.5644
			*CONTROL_POS_SAMPLE 1728	-37.8095	-9.5547	83.7293
			*CONTROL_POS_SAMPLE 1920	-39.9339	-12.838	84.1855
			*CONTROL_POS_SAMPLE 2112	-42.2162	-16.3497	84.7647
			*CONTROL_POS_SAMPLE 2304	-44.6956	-20.1321	85.2989
			*CONTROL_POS_SAMPLE 2496	-47.6592	-24.7362	85.62
			*CONTROL_POS_SAMPLE 2688	-51.2071	-30.357	85.6449
			*CONTROL_POS_SAMPLE 2880	-55.098	-36.5027	85.4756
			*CONTROL_POS_SAMPLE 3072	-59.0906	-42.6813	85.2211
			*CONTROL_POS_SAMPLE 3264	-62.9439	-48.401	84.9906
			*CONTROL_POS_SAMPLE 3456	-66.8293	-53.4088	84.7607
			*CONTROL_POS_SAMPLE 3648	-70.6171	-57.4163	84.5274
			*CONTROL_POS_SAMPLE 3840	-74.0235	-59.9761	84.4238
			*CONTROL_POS_SAMPLE 4032	-77.2837	-62.0106	84.5154
			*CONTROL_POS_SAMPLE 4224	-80.4822	-65.0293	84.6129
			*CONTROL_POS_SAMPLE 4416	-83.6581	-69.3621	84.7311
			*CONTROL_POS_SAMPLE 4608	-86.803	-74.1911	84.8847
			*CONTROL_POS_SAMPLE 4800	-89.9301	-79.3035	85.0885
			*CONTROL_POS_SAMPLE 4992	-93.0528	-84.4868	85.5115
			*CONTROL_POS_SAMPLE 5184	-96.1844	-89.5283	86.0606
		}
		*CONTROL_ROT_TRACK {
			*CONTROL_ROT_SAMPLE 192	-0.00170122	0.00383586	0.999991	1.64737
			*CONTROL_ROT_SAMPLE 384	-0.00170122	0.00383586	0.999991	1.64737
			*CONTROL_ROT_SAMPLE 576	-0.00170122	0.00383586	0.999991	1.64737
			*CONTROL_ROT_SAMPLE 768	-0.00170122	0.00383586	0.999991	1.64737
			*CONTROL_ROT_SAMPLE 960	-0.00170122	0.00383586	0.999991	1.64737
			*CONTROL_ROT_SAMPLE 1152	-0.00170122	0.00383586	0.999991	1.64737
			*CONTROL_ROT_SAMPLE 1344	-0.00170122	0.00383586	0.999991	1.64737
			*CONTROL_ROT_SAMPLE 1536	-0.00170122	0.00383586	0.999991	1.64737
			*CONTROL_ROT_SAMPLE 1728	-0.00170122	0.00383586	0.999991	1.64737
			*CONTROL_ROT_SAMPLE 1920	-0.00170122	0.00383586	0.999991	1.64737
			*CONTROL_ROT_SAMPLE 2112	-0.00170122	0.00383586	0.999991	1.64737
			*CONTROL_ROT_SAMPLE 2304	-0.00170122	0.00383586	0.999991	1.64737
			*CONTROL_ROT_SAMPLE 2496	-0.00170122	0.00383586	0.999991	1.64737
			*CONTROL_ROT_SAMPLE 2688	-0.00170122	0.00383586	0.999991	1.64737
			*CONTROL_ROT_SAMPLE 2880	-0.00170122	0.00383586	0.999991	1.64737
			*CONTROL_ROT_SAMPLE 3072	-0.00170122	0.00383586	0.999991	1.64737
			*CONTROL_ROT_SAMPLE 3264	-0.00170122	0.00383586	0.999991	1.64737
			*CONTROL_ROT_SAMPLE 3456	-0.00170122	0.00383586	0.999991	1.64737
			*CONTROL_ROT_SAMPLE 3648	-0.00170122	0.00383586	0.999991	1.64737
			*CONTROL_ROT_SAMPLE 3840	-0.00170122	0.00383586	0.999991	1.64737
			*CONTROL_ROT_SAMPLE 4032	-0.00170122	0.00383586	0.999991	1.64737
			*CONTROL_ROT_SAMPLE 4224	-0.00170122	0.00383586	0.999991	1.64737
			*CONTROL_ROT_SAMPLE 4416	-0.00170122	0.00383586	0.999991	1.64737
			*CONTROL_ROT_SAMPLE 4608	-0.00170122	0.00383586	0.999991	1.64737
			*CONTROL_ROT_SAMPLE 4800	-0.00170122	0.00383586	0.999991	1.64737
			*CONTROL_ROT_SAMPLE 4992	-0.00170122	0.00383586	0.999991	1.64737
			*CONTROL_ROT_SAMPLE 5184	-0.00170122	0.00383586	0.999991	1.64737
		}
	}
}
*HELPEROBJECT {
	*NODE_NAME "Bip01 Footsteps"
	*NODE_PARENT "Bip01"
	*NODE_TM {
		*NODE_NAME "Bip01 Footsteps"
		*TM_ROW0 1	0	0
		*TM_ROW1 0	1	0
		*TM_ROW2 0	0	1
		*TM_ROW3 -96.1844	-89.5283	-0.0437555
		*TM_POS -96.1844	-89.5283	-0.0437555
		*TM_ROTAXIS 0	0	0
		*TM_ROTANGLE 0
		*TM_SCALE 1	1	1
		*TM_SCALEAXIS 0	0	0
		*TM_SCALEAXISANG 0	0	0
	}
}
*HELPEROBJECT {
	*NODE_NAME "Bip01 Pelvis"
	*NODE_PARENT "Bip01"
	*NODE_TM {
		*NODE_NAME "Bip01 Pelvis"
		*TM_ROW0 -0.00981687	0.00275218	0.999948
		*TM_ROW1 -0.0764941	-0.997068	0.00199328
		*TM_ROW2 0.997022	-0.0764706	0.00999861
		*TM_ROW3 -97.4489	-88.0097	86.0498
		*TM_POS -97.4489	-88.0097	86.0498
		*TM_ROTAXIS -0.703348	0.0262315	-0.710362
		*TM_ROTANGLE 3.08578
		*TM_SCALE 1	1	1
		*TM_SCALEAXIS 0	0	0
		*TM_SCALEAXISANG 0	0	0
	}
	*TM_ANIMATION {
		*NODE_NAME "Bip01 Pelvis"
		*CONTROL_POS_TRACK {
			*CONTROL_POS_SAMPLE 192	-21.9346	13.4317	86.0498
			*CONTROL_POS_SAMPLE 384	-25.343	12.0946	85.654
			*CONTROL_POS_SAMPLE 576	-27.4563	9.22898	85.206
			*CONTROL_POS_SAMPLE 768	-29.4538	6.43026	84.7449
			*CONTROL_POS_SAMPLE 960	-31.3747	3.6563	84.31
			*CONTROL_POS_SAMPLE 1152	-33.258	0.864869	83.9403
			*CONTROL_POS_SAMPLE 1344	-35.143	-1.98621	83.6751
			*CONTROL_POS_SAMPLE 1536	-37.0686	-4.93915	83.5535
			*CONTROL_POS_SAMPLE 1728	-39.074	-8.03615	83.7185
			*CONTROL_POS_SAMPLE 1920	-41.1984	-11.3194	84.1746
			*CONTROL_POS_SAMPLE 2112	-43.4807	-14.8312	84.7538
			*CONTROL_POS_SAMPLE 2304	-45.9601	-18.6136	85.288
			*CONTROL_POS_SAMPLE 2496	-48.9237	-23.2177	85.6091
			*CONTROL_POS_SAMPLE 2688	-52.4715	-28.8385	85.6341
			*CONTROL_POS_SAMPLE 2880	-56.3624	-34.9841	85.4647
			*CONTROL_POS_SAMPLE 3072	-60.3551	-41.1628	85.2103
			*CONTROL_POS_SAMPLE 3264	-64.2083	-46.8825	84.9798
			*CONTROL_POS_SAMPLE 3456	-68.0938	-51.8903	84.7498
			*CONTROL_POS_SAMPLE 3648	-71.8816	-55.8977	84.5165
			*CONTROL_POS_SAMPLE 3840	-75.288	-58.4575	84.413
			*CONTROL_POS_SAMPLE 4032	-78.5482	-60.492	84.5046
			*CONTROL_POS_SAMPLE 4224	-81.7467	-63.5107	84.6021
			*CONTROL_POS_SAMPLE 4416	-84.9226	-67.8436	84.7202
			*CONTROL_POS_SAMPLE 4608	-88.0675	-72.6725	84.8739
			*CONTROL_POS_SAMPLE 4800	-91.1946	-77.7849	85.0777
			*CONTROL_POS_SAMPLE 4992	-94.3173	-82.9682	85.5007
			*CONTROL_POS_SAMPLE 5184	-97.4489	-88.0097	86.0498
		}
		*CONTROL_ROT_TRACK {
			*CONTROL_ROT_SAMPLE 192	-0.703348	0.0262315	-0.710362	3.08578
			*CONTROL_ROT_SAMPLE 384	-0.703348	0.0262315	-0.710362	3.08578
			*CONTROL_ROT_SAMPLE 576	-0.703348	0.0262315	-0.710362	3.08578
			*CONTROL_ROT_SAMPLE 768	-0.703348	0.0262315	-0.710362	3.08578
			*CONTROL_ROT_SAMPLE 960	-0.703348	0.0262315	-0.710362	3.08578
			*CONTROL_ROT_SAMPLE 1152	-0.703348	0.0262315	-0.710362	3.08578
			*CONTROL_ROT_SAMPLE 1344	-0.703348	0.0262315	-0.710362	3.08578
			*CONTROL_ROT_SAMPLE 1536	-0.703348	0.0262315	-0.710362	3.08578
			*CONTROL_ROT_SAMPLE 1728	-0.703348	0.0262315	-0.710362	3.08578
			*CONTROL_ROT_SAMPLE 1920	-0.703348	0.0262315	-0.710362	3.08578
			*CONTROL_ROT_SAMPLE 2112	-0.703348	0.0262315	-0.710362	3.08578
			*CONTROL_ROT_SAMPLE 2304	-0.703348	0.0262315	-0.710362	3.08578
			*CONTROL_ROT_SAMPLE 2496	-0.703348	0.0262315	-0.710362	3.08578
			*CONTROL_ROT_SAMPLE 2688	-0.703348	0.0262315	-0.710362	3.08578
			*CONTROL_ROT_SAMPLE 2880	-0.703348	0.0262315	-0.710362	3.08578
			*CONTROL_ROT_SAMPLE 3072	-0.703348	0.0262315	-0.710362	3.08578
			*CONTROL_ROT_SAMPLE 3264	-0.703348	0.0262315	-0.710362	3.08578
			*CONTROL_ROT_SAMPLE 3456	-0.703348	0.0262315	-0.710362	3.08578
			*CONTROL_ROT_SAMPLE 3648	-0.703348	0.0262315	-0.710362	3.08578
			*CONTROL_ROT_SAMPLE 3840	-0.703348	0.0262315	-0.710362	3.08578
			*CONTROL_ROT_SAMPLE 4032	-0.703348	0.0262315	-0.710362	3.08578
			*CONTROL_ROT_SAMPLE 4224	-0.703348	0.0262315	-0.710362	3.08578
			*CONTROL_ROT_SAMPLE 4416	-0.703348	0.0262315	-0.710362	3.08578
			*CONTROL_ROT_SAMPLE 4608	-0.703348	0.0262315	-0.710362	3.08578
			*CONTROL_ROT_SAMPLE 4800	-0.703348	0.0262315	-0.710362	3.08578
			*CONTROL_ROT_SAMPLE 4992	-0.703348	0.0262315	-0.710362	3.08578
			*CONTROL_ROT_SAMPLE 5184	-0.703348	0.0262315	-0.710362	3.08578
		}
	}
}
*HELPEROBJECT {
	*NODE_NAME "Bip01 Spine"
	*NODE_PARENT "Bip01 Pelvis"
	*NODE_TM {
		*NODE_NAME "Bip01 Spine"
		*TM_ROW0 -0.00439684	-0.0676502	0.997699
		*TM_ROW1 -0.0782813	-0.994624	-0.0677867
		*TM_ROW2 0.996922	-0.0783992	-0.000922548
		*TM_ROW3 -97.4556	-87.915	88.4504
		*TM_POS -97.4556	-87.915	88.4504
		*TM_ROTAXIS -0.705546	0.0517095	-0.706776
		*TM_ROTANGLE 3.13407
		*TM_SCALE 1	1	1
		*TM_SCALEAXIS 0	0	0
		*TM_SCALEAXISANG 0	0	0
	}
}
*HELPEROBJECT {
	*NODE_NAME "Bip01 Spine1"
	*NODE_PARENT "Bip01 Spine"
	*NODE_TM {
		*NODE_NAME "Bip01 Spine1"
		*TM_ROW0 -0.0226216	-0.0867959	0.995969
		*TM_ROW1 -0.095673	-0.991464	-0.0885764
		*TM_ROW2 0.995156	-0.0972911	0.0141244
		*TM_ROW3 -97.4978	-88.5698	98.2559
		*TM_POS -97.4978	-88.5698	98.2559
		*TM_ROTAXIS -0.69906	0.0652558	-0.71208
		*TM_ROTANGLE 3.13536
		*TM_SCALE 1	1	1
		*TM_SCALEAXIS 0	0	0
		*TM_SCALEAXISANG 0	0	0
	}
}
*HELPEROBJECT {
	*NODE_NAME "Bip01 Spine2"
	*NODE_PARENT "Bip01 Spine1"
	*NODE_TM {
		*NODE_NAME "Bip01 Spine2"
		*TM_ROW0 0.193421	-0.00279896	0.981112
		*TM_ROW1 -0.270548	-0.961376	0.0505945
		*TM_ROW2 0.943076	-0.275223	-0.186708
		*TM_ROW3 -97.7807	-89.6569	110.993
		*TM_POS -97.7807	-89.6569	110.993
		*TM_ROTAXIS -0.769472	0.0898279	-0.632332
		*TM_ROTANGLE 2.92826
		*TM_SCALE 1	1	1
		*TM_SCALEAXIS 0	0	0
		*TM_SCALEAXISANG 0	0	0
	}
}
*HELPEROBJECT {
	*NODE_NAME "Bip01 Neck"
	*NODE_PARENT "Bip01 Spine2"
	*NODE_TM {
		*NODE_NAME "Bip01 Neck"
		*TM_ROW0 0.125266	-0.226095	0.966017
		*TM_ROW1 -0.30809	-0.934414	-0.178747
		*TM_ROW2 0.943074	-0.275229	-0.186708
		*TM_ROW3 -91.9795	-89.7357	140.412
		*TM_POS -91.9795	-89.7357	140.412
		*TM_ROTAXIS -0.749786	0.178297	-0.637205
		*TM_ROTANGLE 3.07721
		*TM_SCALE 1	1	1
		*TM_SCALEAXIS 0	0	0
		*TM_SCALEAXISANG 0	0	0
	}
}
*HELPEROBJECT {
	*NODE_NAME "Bip01 Head"
	*NODE_PARENT "Bip01 Neck"
	*NODE_TM {
		*NODE_NAME "Bip01 Head"
		*TM_ROW0 0.026216	0.0840472	0.996117
		*TM_ROW1 -0.381658	-0.920135	0.0876808
		*TM_ROW2 0.923932	-0.382475	0.00795497
		*TM_ROW3 -91.1227	-91.2821	147.018
		*TM_POS -91.1227	-91.2821	147.018
		*TM_ROTAXIS -0.706272	0.108437	-0.699587
		*TM_ROTANGLE 2.80228
		*TM_SCALE 1	1	1
		*TM_SCALEAXIS 0	0	0
		*TM_SCALEAXISANG 0	0	0
	}
}
*HELPEROBJECT {
	*NODE_NAME "zs_Helmet"
	*NODE_PARENT "Bip01 Head"
	*NODE_TM {
		*NODE_NAME "zs_Helmet"
		*TM_ROW0 0.923932	-0.382474	0.00795503
		*TM_ROW1 0.378424	0.910705	-0.165564
		*TM_ROW2 0.0560792	0.15598	0.986167
		*TM_ROW3 -111.278	-134.003	433.956
		*TM_POS -111.278	-134.003	433.956
		*TM_ROTAXIS 0.388597	-0.0581597	0.91957
		*TM_ROTANGLE 0.426541
		*TM_SCALE 1	1	1
		*TM_SCALEAXIS 0	0	0
		*TM_SCALEAXISANG 0	0	0
	}
}
*HELPEROBJECT {
	*NODE_NAME "Bip01 L Clavicle"
	*NODE_PARENT "Bip01 Neck"
	*NODE_TM {
		*NODE_NAME "Bip01 L Clavicle"
		*TM_ROW0 0.962775	-0.230158	-0.141744
		*TM_ROW1 0.226349	0.973112	-0.0426582
		*TM_ROW2 0.147751	0.00898671	0.988984
		*TM_ROW3 -84.8399	-89.5414	133.533
		*TM_POS -84.8399	-89.5414	133.533
		*TM_ROTAXIS 0.0951065	-0.533118	0.840678
		*TM_ROTANGLE 0.274963
		*TM_SCALE 1	1	1
		*TM_SCALEAXIS 0	0	0
		*TM_SCALEAXISANG 0	0	0
	}
}
*HELPEROBJECT {
	*NODE_NAME "Bip01 L UpperArm"
	*NODE_PARENT "Bip01 L Clavicle"
	*NODE_TM {
		*NODE_NAME "Bip01 L UpperArm"
		*TM_ROW0 0.464406	-0.0276014	-0.885192
		*TM_ROW1 0.405344	0.895302	0.184743
		*TM_ROW2 0.787415	-0.444603	0.426972
		*TM_ROW3 -72.0099	-92.6085	131.644
		*TM_POS -72.0099	-92.6085	131.644
		*TM_ROTAXIS -0.342262	-0.909626	0.235452
		*TM_ROTANGLE 1.16653
		*TM_SCALE 1	1	1
		*TM_SCALEAXIS 0	0	0
		*TM_SCALEAXISANG 0	0	0
	}
}
*HELPEROBJECT {
	*NODE_NAME "Bip01 L Forearm"
	*NODE_PARENT "Bip01 L UpperArm"
	*NODE_TM {
		*NODE_NAME "Bip01 L Forearm"
		*TM_ROW0 0.078577	-0.614614	-0.784905
		*TM_ROW1 0.611394	0.651596	-0.449021
		*TM_ROW2 0.787415	-0.444603	0.426972
		*TM_ROW3 -59.0501	-93.3787	106.942
		*TM_POS -59.0501	-93.3787	106.942
		*TM_ROTAXIS 0.00221553	-0.788598	0.614905
		*TM_ROTANGLE 1.49214
		*TM_SCALE 1	1	1
		*TM_SCALEAXIS 0	0	0
		*TM_SCALEAXISANG 0	0	0
	}
}
*HELPEROBJECT {
	*NODE_NAME "Bip01 L Hand"
	*NODE_PARENT "Bip01 L Forearm"
	*NODE_TM {
		*NODE_NAME "Bip01 L Hand"
		*TM_ROW0 -0.122135	-0.689573	-0.713844
		*TM_ROW1 -0.82416	0.471218	-0.314187
		*TM_ROW2 0.553031	0.549948	-0.62587
		*TM_ROW3 -56.8644	-110.475	85.1085
		*TM_POS -56.8644	-110.475	85.1085
		*TM_ROTAXIS 0.561338	-0.822956	-0.0874273
		*TM_ROTANGLE 2.26321
		*TM_SCALE 1	1	1
		*TM_SCALEAXIS 0	0	0
		*TM_SCALEAXISANG 0	0	0
	}
}
*HELPEROBJECT {
	*NODE_NAME "Bip01 L Finger0"
	*NODE_PARENT "Bip01 L Hand"
	*NODE_TM {
		*NODE_NAME "Bip01 L Finger0"
		*TM_ROW0 -0.122135	-0.689572	-0.713844
		*TM_ROW1 -0.824583	0.470798	-0.313708
		*TM_ROW2 0.552401	0.550308	-0.62611
		*TM_ROW3 -58.4363	-119.35	75.9214
		*TM_POS -58.4363	-119.35	75.9214
		*TM_ROTAXIS 0.561461	-0.822839	-0.0877333
		*TM_ROTANGLE 2.26363
		*TM_SCALE 1	1	1
		*TM_SCALEAXIS 0	0	0
		*TM_SCALEAXISANG 0	0	0
	}
}
*HELPEROBJECT {
	*NODE_NAME "zs_LeftHand"
	*NODE_PARENT "Bip01 L Hand"
	*NODE_TM {
		*NODE_NAME "zs_LeftHand"
		*TM_ROW0 0.644239	0.56892	-0.511161
		*TM_ROW1 0.110749	-0.730687	-0.67367
		*TM_ROW2 -0.756763	0.377394	-0.533745
		*TM_ROW3 -132.653	-161.265	-11.2436
		*TM_POS -132.653	-161.265	-11.2436
		*TM_ROTAXIS -0.896358	-0.209452	0.390733
		*TM_ROTANGLE 3.76807
		*TM_SCALE 1	1	1
		*TM_SCALEAXIS 0	0	0
		*TM_SCALEAXISANG 0	0	0
	}
}
*HELPEROBJECT {
	*NODE_NAME "zs_LeftArm"
	*NODE_PARENT "Bip01 L Forearm"
	*NODE_TM {
		*NODE_NAME "zs_LeftArm"
		*TM_ROW0 0.130767	-0.437978	-0.889424
		*TM_ROW1 0.639055	0.723117	-0.262127
		*TM_ROW2 0.757964	-0.534113	0.374452
		*TM_ROW3 -106.808	-390.96	1.10461
		*TM_POS -106.808	-390.96	1.10461
		*TM_ROTAXIS -0.136888	-0.829115	0.542061
		*TM_ROTANGLE 1.45638
		*TM_SCALE 1	1	1
		*TM_SCALEAXIS 0	0	0
		*TM_SCALEAXISANG 0	0	0
	}
}
*HELPEROBJECT {
	*NODE_NAME "Bip01 R Clavicle"
	*NODE_PARENT "Bip01 Neck"
	*NODE_TM {
		*NODE_NAME "Bip01 R Clavicle"
		*TM_ROW0 -0.939811	0.34024	-0.0315086
		*TM_ROW1 0.341619	0.937555	-0.065483
		*TM_ROW2 0.00726106	-0.0723056	-0.997356
		*TM_ROW3 -99.8612	-85.1577	136.507
		*TM_POS -99.8612	-85.1577	136.507
		*TM_ROTAXIS -0.173207	-0.984263	0.0350013
		*TM_ROTANGLE 3.1219
		*TM_SCALE 1	1	1
		*TM_SCALEAXIS 0	0	0
		*TM_SCALEAXISANG 0	0	0
	}
}
*HELPEROBJECT {
	*NODE_NAME "Bip01 R UpperArm"
	*NODE_PARENT "Bip01 R Clavicle"
	*NODE_TM {
		*NODE_NAME "Bip01 R UpperArm"
		*TM_ROW0 -0.338832	-0.141775	-0.930104
		*TM_ROW1 0.397007	0.874714	-0.277959
		*TM_ROW2 0.852982	-0.463439	-0.240095
		*TM_ROW3 -112.385	-80.6236	136.087
		*TM_POS -112.385	-80.6236	136.087
		*TM_ROTAXIS -0.0990855	-0.952544	0.287823
		*TM_ROTANGLE 1.93062
		*TM_SCALE 1	1	1
		*TM_SCALEAXIS 0	0	0
		*TM_SCALEAXISANG 0	0	0
	}
}
*HELPEROBJECT {
	*NODE_NAME "Bip01 R Forearm"
	*NODE_PARENT "Bip01 R UpperArm"
	*NODE_TM {
		*NODE_NAME "Bip01 R Forearm"
		*TM_ROW0 -0.4187	-0.882216	0.215374
		*TM_ROW1 -0.311628	-0.0831821	-0.946556
		*TM_ROW2 0.852982	-0.463439	-0.240095
		*TM_ROW3 -121.841	-84.58	110.131
		*TM_POS -121.841	-84.58	110.131
		*TM_ROTAXIS 0.491668	-0.648895	0.580687
		*TM_ROTANGLE 2.62801
		*TM_SCALE 1	1	1
		*TM_SCALEAXIS 0	0	0
		*TM_SCALEAXISANG 0	0	0
	}
}
*HELPEROBJECT {
	*NODE_NAME "Bip01 R Hand"
	*NODE_PARENT "Bip01 R Forearm"
	*NODE_TM {
		*NODE_NAME "Bip01 R Hand"
		*TM_ROW0 -0.420081	-0.883921	0.205463
		*TM_ROW1 0.262237	0.0985106	0.959962
		*TM_ROW2 -0.868771	0.457142	0.190415
		*TM_ROW3 -133.487	-109.12	116.122
		*TM_POS -133.487	-109.12	116.122
		*TM_ROTAXIS 0.304852	-0.651292	-0.694899
		*TM_ROTANGLE 4.11126
		*TM_SCALE 1	1	1
		*TM_SCALEAXIS 0	0	0
		*TM_SCALEAXISANG 0	0	0
	}
}
*HELPEROBJECT {
	*NODE_NAME "Bip01 R Finger0"
	*NODE_PARENT "Bip01 R Hand"
	*NODE_TM {
		*NODE_NAME "Bip01 R Finger0"
		*TM_ROW0 -0.420075	-0.883923	0.205469
		*TM_ROW1 0.261581	0.0988644	0.960105
		*TM_ROW2 -0.868972	0.457063	0.189687
		*TM_ROW3 -138.894	-120.496	118.766
		*TM_POS -138.894	-120.496	118.766
		*TM_ROTAXIS 0.305033	-0.651517	-0.694608
		*TM_ROTANGLE 4.11103
		*TM_SCALE 1	1	1
		*TM_SCALEAXIS 0	0	0
		*TM_SCALEAXISANG 0	0	0
	}
}
*HELPEROBJECT {
	*NODE_NAME "zs_RightHand"
	*NODE_PARENT "Bip01 R Hand"
	*NODE_TM {
		*NODE_NAME "zs_RightHand"
		*TM_ROW0 0.734295	-0.425853	-0.52864
		*TM_ROW1 0.387912	0.902309	-0.188048
		*TM_ROW2 0.557078	-0.0669827	0.827754
		*TM_ROW3 -284.74	-121.255	256.666
		*TM_POS -284.74	-121.255	256.666
		*TM_ROTAXIS 0.0888736	-0.797019	0.59738
		*TM_ROTANGLE 0.74928
		*TM_SCALE 1	1	1
		*TM_SCALEAXIS 0	0	0
		*TM_SCALEAXISANG 0	0	0
	}
}
*HELPEROBJECT {
	*NODE_NAME "zs_Crossbow"
	*NODE_PARENT "Bip01 Spine2"
	*NODE_TM {
		*NODE_NAME "zs_Crossbow"
		*TM_ROW0 -0.287772	-0.15245	0.945487
		*TM_ROW1 -0.904736	0.367037	-0.216188
		*TM_ROW2 -0.31407	-0.917629	-0.24355
		*TM_ROW3 -77.5903	271.315	1444.21
		*TM_POS -77.5903	271.315	1444.21
		*TM_ROTAXIS 0.431345	-0.774553	0.462611
		*TM_ROTANGLE 4.09103
		*TM_SCALE 1	1	1
		*TM_SCALEAXIS 0	0	0
		*TM_SCALEAXISANG 0	0	0
	}
}
*HELPEROBJECT {
	*NODE_NAME "zs_Longsword"
	*NODE_PARENT "Bip01 Spine2"
	*NODE_TM {
		*NODE_NAME "zs_Longsword"
		*TM_ROW0 -0.384551	-0.0971404	0.917978
		*TM_ROW1 -0.857421	0.405996	-0.316221
		*TM_ROW2 -0.341978	-0.908697	-0.239417
		*TM_ROW3 -223.844	243.167	1202.07
		*TM_POS -223.844	243.167	1202.07
		*TM_ROTAXIS 0.373481	-0.794242	0.479261
		*TM_ROTANGLE 4.05761
		*TM_SCALE 1	1	1
		*TM_SCALEAXIS 0	0	0
		*TM_SCALEAXISANG 0	0	0
	}
}
*HELPEROBJECT {
	*NODE_NAME "zs_Shield"
	*NODE_PARENT "Bip01 Spine2"
	*NODE_TM {
		*NODE_NAME "zs_Shield"
		*TM_ROW0 -0.1171	0.294472	-0.948459
		*TM_ROW1 -0.719239	0.633411	0.285458
		*TM_ROW2 0.684823	0.715596	0.137623
		*TM_ROW3 261.482	255.384	346.24
		*TM_POS 261.482	255.384	346.24
		*TM_ROTAXIS 0.218363	-0.829148	-0.514618
		*TM_ROTANGLE 1.7447
		*TM_SCALE 1	1	1
		*TM_SCALEAXIS 0	0	0
		*TM_SCALEAXISANG 0	0	0
	}
}
*HELPEROBJECT {
	*NODE_NAME "zs_Bow"
	*NODE_PARENT "Bip01 Spine2"
	*NODE_TM {
		*NODE_NAME "zs_Bow"
		*TM_ROW0 -0.221933	-0.155509	0.962581
		*TM_ROW1 0.326624	0.918309	0.223663
		*TM_ROW2 -0.918729	0.36404	-0.153011
		*TM_ROW3 74.0595	411.265	179.337
		*TM_POS 74.0595	411.265	179.337
		*TM_ROTAXIS 0.0720929	0.966175	0.247606
		*TM_ROTANGLE 1.80115
		*TM_SCALE 1	1	1
		*TM_SCALEAXIS 0	0	0
		*TM_SCALEAXISANG 0	0	0
	}
}
*HELPEROBJECT {
	*NODE_NAME "zs_Sword"
	*NODE_PARENT "Bip01 Spine"
	*NODE_TM {
		*NODE_NAME "zs_Sword"
		*TM_ROW0 -0.0435999	-0.521996	0.851833
		*TM_ROW1 0.0673357	0.849169	0.523811
		*TM_ROW2 -0.996777	0.0801969	-0.0018747
		*TM_ROW3 220.638	-41.605	131.829
		*TM_POS 220.638	-41.605	131.829
		*TM_ROTAXIS -0.222883	0.92879	0.296096
		*TM_ROTANGLE 1.66911
		*TM_SCALE 1	1	1
		*TM_SCALEAXIS 0	0	0
		*TM_SCALEAXISANG 0	0	0
	}
}
*HELPEROBJECT {
	*NODE_NAME "Bip01 L Thigh"
	*NODE_PARENT "Bip01 Pelvis"
	*NODE_TM {
		*NODE_NAME "Bip01 L Thigh"
		*TM_ROW0 0.115448	-0.693123	-0.711514
		*TM_ROW1 -0.145601	-0.720375	0.67813
		*TM_ROW2 -0.982584	0.0253084	-0.184085
		*TM_ROW3 -88.4655	-88.6988	86.1399
		*TM_POS -88.4655	-88.6988	86.1399
		*TM_ROTAXIS -0.730134	0.303173	0.612364
		*TM_ROTANGLE 2.67812
		*TM_SCALE 1	1	1
		*TM_SCALEAXIS 0	0	0
		*TM_SCALEAXISANG 0	0	0
	}
	*TM_ANIMATION {
		*NODE_NAME "Bip01 L Thigh"
		*CONTROL_POS_TRACK {
			*CONTROL_POS_SAMPLE 192	-12.9512	12.7427	86.1399
			*CONTROL_POS_SAMPLE 384	-16.3597	11.4056	85.7441
			*CONTROL_POS_SAMPLE 576	-18.4729	8.53995	85.2961
			*CONTROL_POS_SAMPLE 768	-20.4704	5.74123	84.835
			*CONTROL_POS_SAMPLE 960	-22.3913	2.96726	84.4001
			*CONTROL_POS_SAMPLE 1152	-24.2747	0.175837	84.0304
			*CONTROL_POS_SAMPLE 1344	-26.1596	-2.67524	83.7652
			*CONTROL_POS_SAMPLE 1536	-28.0852	-5.62818	83.6436
			*CONTROL_POS_SAMPLE 1728	-30.0907	-8.72519	83.8085
			*CONTROL_POS_SAMPLE 1920	-32.215	-12.0085	84.2647
			*CONTROL_POS_SAMPLE 2112	-34.4973	-15.5202	84.8439
			*CONTROL_POS_SAMPLE 2304	-36.9767	-19.3026	85.3781
			*CONTROL_POS_SAMPLE 2496	-39.9403	-23.9067	85.6992
			*CONTROL_POS_SAMPLE 2688	-43.4882	-29.5275	85.7242
			*CONTROL_POS_SAMPLE 2880	-47.3791	-35.6732	85.5548
			*CONTROL_POS_SAMPLE 3072	-51.3717	-41.8518	85.3003
			*CONTROL_POS_SAMPLE 3264	-55.225	-47.5715	85.0698
			*CONTROL_POS_SAMPLE 3456	-59.1105	-52.5793	84.8399
			*CONTROL_POS_SAMPLE 3648	-62.8982	-56.5868	84.6066
			*CONTROL_POS_SAMPLE 3840	-66.3046	-59.1466	84.5031
			*CONTROL_POS_SAMPLE 4032	-69.5648	-61.181	84.5946
			*CONTROL_POS_SAMPLE 4224	-72.7633	-64.1997	84.6921
			*CONTROL_POS_SAMPLE 4416	-75.9392	-68.5326	84.8103
			*CONTROL_POS_SAMPLE 4608	-79.0841	-73.3616	84.9639
			*CONTROL_POS_SAMPLE 4800	-82.2112	-78.474	85.1678
			*CONTROL_POS_SAMPLE 4992	-85.3339	-83.6572	85.5908
			*CONTROL_POS_SAMPLE 5184	-88.4655	-88.6988	86.1399
		}
		*CONTROL_ROT_TRACK {
			*CONTROL_ROT_SAMPLE 192	-0.725194	0.261767	0.636845	2.63832
			*CONTROL_ROT_SAMPLE 384	-0.735999	0.247281	0.630204	2.63446
			*CONTROL_ROT_SAMPLE 576	-0.749713	0.233243	0.619297	2.65153
			*CONTROL_ROT_SAMPLE 768	-0.765061	0.22085	0.604902	2.6797
			*CONTROL_ROT_SAMPLE 960	-0.778129	0.205985	0.593368	2.70787
			*CONTROL_ROT_SAMPLE 1152	-0.788016	0.187633	0.586365	2.73279
			*CONTROL_ROT_SAMPLE 1344	-0.797054	0.167765	0.580137	2.76197
			*CONTROL_ROT_SAMPLE 1536	-0.806887	0.147061	0.572107	2.79591
			*CONTROL_ROT_SAMPLE 1728	-0.82388	0.111636	0.555661	2.8566
			*CONTROL_ROT_SAMPLE 1920	-0.831638	0.103836	0.545523	2.88524
			*CONTROL_ROT_SAMPLE 2112	-0.818386	0.165916	0.550196	2.82504
			*CONTROL_ROT_SAMPLE 2304	-0.790561	0.246231	0.560699	2.74229
			*CONTROL_ROT_SAMPLE 2496	-0.757366	0.307052	0.576295	2.67907
			*CONTROL_ROT_SAMPLE 2688	-0.725759	0.345	0.595188	2.64237
			*CONTROL_ROT_SAMPLE 2880	-0.692206	0.377803	0.614911	2.61573
			*CONTROL_ROT_SAMPLE 3072	-0.660169	0.403607	0.633466	2.60162
			*CONTROL_ROT_SAMPLE 3264	0.633201	-0.420761	-0.649628	3.6814
			*CONTROL_ROT_SAMPLE 3456	0.61558	-0.428872	-0.661158	3.66698
			*CONTROL_ROT_SAMPLE 3648	0.607959	-0.428915	-0.668145	3.6429
			*CONTROL_ROT_SAMPLE 3840	0.60941	-0.421619	-0.671459	3.61269
			*CONTROL_ROT_SAMPLE 4032	0.618714	-0.412131	-0.668835	3.59045
			*CONTROL_ROT_SAMPLE 4224	0.62919	-0.410372	-0.660087	3.5957
			*CONTROL_ROT_SAMPLE 4416	0.642154	-0.408966	-0.648371	3.61048
			*CONTROL_ROT_SAMPLE 4608	-0.660402	0.398482	0.63646	2.66793
			*CONTROL_ROT_SAMPLE 4800	-0.680248	0.379465	0.627112	2.67372
			*CONTROL_ROT_SAMPLE 4992	-0.703019	0.34702	0.620759	2.6745
			*CONTROL_ROT_SAMPLE 5184	-0.730134	0.303173	0.612364	2.67812
		}
	}
}
*HELPEROBJECT {
	*NODE_NAME "Bip01 L Calf"
	*NODE_PARENT "Bip01 L Thigh"
	*NODE_TM {
		*NODE_NAME "Bip01 L Calf"
		*TM_ROW0 0.181614	0.340313	-0.922607
		*TM_ROW1 0.0392969	-0.939971	-0.338983
		*TM_ROW2 -0.982584	0.0253085	-0.184085
		*TM_ROW3 -83.9232	-115.97	58.1455
		*TM_POS -83.9232	-115.97	58.1455
		*TM_ROTAXIS -0.764744	-0.125909	0.631913
		*TM_ROTANGLE 3.38208
		*TM_SCALE 1	1	1
		*TM_SCALEAXIS 0	0	0
		*TM_SCALEAXISANG 0	0	0
	}
	*TM_ANIMATION {
		*NODE_NAME "Bip01 L Calf"
		*CONTROL_POS_TRACK {
			*CONTROL_POS_SAMPLE 192	-8.59983	-13.3537	57.0184
			*CONTROL_POS_SAMPLE 384	-10.8093	-14.0569	56.2675
			*CONTROL_POS_SAMPLE 576	-11.5607	-15.879	55.2303
			*CONTROL_POS_SAMPLE 768	-12.047	-17.4641	54.1988
			*CONTROL_POS_SAMPLE 960	-12.6535	-18.8725	53.1556
			*CONTROL_POS_SAMPLE 1152	-13.5267	-20.1504	52.1033
			*CONTROL_POS_SAMPLE 1344	-14.4916	-21.2813	51.1203
			*CONTROL_POS_SAMPLE 1536	-15.3857	-22.3165	50.3534
			*CONTROL_POS_SAMPLE 1728	-15.5129	-21.9633	49.746
			*CONTROL_POS_SAMPLE 1920	-16.7398	-24.1347	50.1841
			*CONTROL_POS_SAMPLE 2112	-20.4936	-32.6781	52.3244
			*CONTROL_POS_SAMPLE 2304	-25.9809	-42.5945	55.636
			*CONTROL_POS_SAMPLE 2496	-32.3858	-51.3621	58.5487
			*CONTROL_POS_SAMPLE 2688	-39.1125	-59.2391	60.3058
			*CONTROL_POS_SAMPLE 2880	-46.251	-67.006	61.7851
			*CONTROL_POS_SAMPLE 3072	-53.2637	-74.1405	62.8977
			*CONTROL_POS_SAMPLE 3264	-59.6683	-80.1828	63.5111
			*CONTROL_POS_SAMPLE 3456	-65.3411	-84.9997	63.4363
			*CONTROL_POS_SAMPLE 3648	-70.1064	-88.4771	62.719
			*CONTROL_POS_SAMPLE 3840	-73.7315	-90.2542	61.5864
			*CONTROL_POS_SAMPLE 4032	-76.3813	-91.6715	60.6805
			*CONTROL_POS_SAMPLE 4224	-78.5476	-94.8804	60.7494
			*CONTROL_POS_SAMPLE 4416	-80.3401	-99.6107	61.0869
			*CONTROL_POS_SAMPLE 4608	-81.6674	-104.352	60.8615
			*CONTROL_POS_SAMPLE 4800	-82.8717	-108.822	60.1364
			*CONTROL_POS_SAMPLE 4992	-83.656	-112.824	59.2374
			*CONTROL_POS_SAMPLE 5184	-83.9232	-115.97	58.1455
		}
		*CONTROL_ROT_TRACK {
			*CONTROL_ROT_SAMPLE 192	-0.738634	-0.128428	0.66176	3.32072
			*CONTROL_ROT_SAMPLE 384	-0.739618	-0.14906	0.656313	3.3166
			*CONTROL_ROT_SAMPLE 576	-0.745	-0.17473	0.643773	3.33328
			*CONTROL_ROT_SAMPLE 768	-0.75424	-0.196267	0.626579	3.34932
			*CONTROL_ROT_SAMPLE 960	-0.760801	-0.21629	0.611882	3.36366
			*CONTROL_ROT_SAMPLE 1152	-0.762947	-0.236398	0.601688	3.37743
			*CONTROL_ROT_SAMPLE 1344	-0.764991	-0.254252	0.591731	3.39072
			*CONTROL_ROT_SAMPLE 1536	-0.769247	-0.268335	0.579875	3.39917
			*CONTROL_ROT_SAMPLE 1728	-0.782526	-0.27476	0.558713	3.38981
			*CONTROL_ROT_SAMPLE 1920	-0.791435	-0.27474	0.54603	3.39176
			*CONTROL_ROT_SAMPLE 2112	-0.78445	-0.282196	0.552271	3.43682
			*CONTROL_ROT_SAMPLE 2304	-0.775919	-0.276765	0.566878	3.48664
			*CONTROL_ROT_SAMPLE 2496	-0.770161	-0.249102	0.587197	3.51356
			*CONTROL_ROT_SAMPLE 2688	-0.765211	-0.207045	0.609578	3.51863
			*CONTROL_ROT_SAMPLE 2880	-0.75911	-0.155034	0.632232	3.5125
			*CONTROL_ROT_SAMPLE 3072	-0.75116	-0.0959904	0.653103	3.49101
			*CONTROL_ROT_SAMPLE 3264	-0.740862	-0.0331893	0.670836	3.45135
			*CONTROL_ROT_SAMPLE 3456	-0.72986	0.0274817	0.683044	3.39528
			*CONTROL_ROT_SAMPLE 3648	-0.719229	0.0822585	0.689886	3.32787
			*CONTROL_ROT_SAMPLE 3840	-0.709764	0.130634	0.692221	3.25238
			*CONTROL_ROT_SAMPLE 4032	-0.708724	0.153352	0.688617	3.20445
			*CONTROL_ROT_SAMPLE 4224	-0.719878	0.135062	0.680834	3.21761
			*CONTROL_ROT_SAMPLE 4416	-0.736777	0.088011	0.670383	3.26952
			*CONTROL_ROT_SAMPLE 4608	-0.752074	0.0334178	0.658231	3.32131
			*CONTROL_ROT_SAMPLE 4800	-0.761998	-0.0154231	0.647396	3.35759
			*CONTROL_ROT_SAMPLE 4992	-0.764925	-0.0688671	0.640428	3.3767
			*CONTROL_ROT_SAMPLE 5184	-0.764744	-0.125909	0.631913	3.38208
		}
	}
}
*HELPEROBJECT {
	*NODE_NAME "Bip01 L Foot"
	*NODE_PARENT "Bip01 L Calf"
	*NODE_TM {
		*NODE_NAME "Bip01 L Foot"
		*TM_ROW0 0.0195879	0.00534482	-0.999794
		*TM_ROW1 0.448578	-0.893735	0.00401065
		*TM_ROW2 -0.893529	-0.448564	-0.0199039
		*TM_ROW3 -75.0064	-99.261	12.8476
		*TM_POS -75.0064	-99.261	12.8476
		*TM_ROTAXIS -0.704597	-0.16544	0.690053
		*TM_ROTANGLE 2.81464
		*TM_SCALE 1	1	1
		*TM_SCALEAXIS 0	0	0
		*TM_SCALEAXISANG 0	0	0
	}
	*TM_ANIMATION {
		*NODE_NAME "Bip01 L Foot"
		*CONTROL_POS_TRACK {
			*CONTROL_POS_SAMPLE 192	-3.76714	1.67567	10.5281
			*CONTROL_POS_SAMPLE 384	-5.85098	2.29668	10.2397
			*CONTROL_POS_SAMPLE 576	-5.75739	2.80802	10.2003
			*CONTROL_POS_SAMPLE 768	-4.82842	3.26034	10.2787
			*CONTROL_POS_SAMPLE 960	-4.40611	3.70414	10.3438
			*CONTROL_POS_SAMPLE 1152	-4.89812	4.21759	10.3621
			*CONTROL_POS_SAMPLE 1344	-5.49559	4.686	10.4343
			*CONTROL_POS_SAMPLE 1536	-5.71584	4.8708	10.6303
			*CONTROL_POS_SAMPLE 1728	-3.89764	5.56498	10.7863
			*CONTROL_POS_SAMPLE 1920	-3.75981	3.52143	11.7492
			*CONTROL_POS_SAMPLE 2112	-8.34868	-3.52164	14.7347
			*CONTROL_POS_SAMPLE 2304	-14.8084	-12.7147	18.3137
			*CONTROL_POS_SAMPLE 2496	-21.8732	-22.6894	20.1047
			*CONTROL_POS_SAMPLE 2688	-29.2829	-33.2094	19.8532
			*CONTROL_POS_SAMPLE 2880	-37.349	-44.5912	19.0193
			*CONTROL_POS_SAMPLE 3072	-45.6626	-56.2963	17.7935
			*CONTROL_POS_SAMPLE 3264	-53.8147	-67.7858	16.3663
			*CONTROL_POS_SAMPLE 3456	-61.3963	-78.5209	14.9281
			*CONTROL_POS_SAMPLE 3648	-67.9985	-87.9631	13.6693
			*CONTROL_POS_SAMPLE 3840	-73.2124	-95.5735	12.7805
			*CONTROL_POS_SAMPLE 4032	-76.1081	-100.209	12.3317
			*CONTROL_POS_SAMPLE 4224	-76.6898	-101.875	12.1881
			*CONTROL_POS_SAMPLE 4416	-75.95	-101.753	12.2328
			*CONTROL_POS_SAMPLE 4608	-74.8808	-101.024	12.3492
			*CONTROL_POS_SAMPLE 4800	-74.4747	-100.869	12.4203
			*CONTROL_POS_SAMPLE 4992	-74.7382	-100.398	12.583
			*CONTROL_POS_SAMPLE 5184	-75.0064	-99.261	12.8476
		}
		*CONTROL_ROT_TRACK {
			*CONTROL_ROT_SAMPLE 192	-0.704597	-0.16544	0.690053	2.81464
			*CONTROL_ROT_SAMPLE 384	-0.703692	-0.181853	0.686838	2.78292
			*CONTROL_ROT_SAMPLE 576	-0.703426	-0.186104	0.685972	2.77473
			*CONTROL_ROT_SAMPLE 768	-0.703511	-0.184769	0.686246	2.7773
			*CONTROL_ROT_SAMPLE 960	-0.703531	-0.184455	0.68631	2.77791
			*CONTROL_ROT_SAMPLE 1152	-0.703484	-0.185182	0.686161	2.77651
			*CONTROL_ROT_SAMPLE 1344	-0.703571	-0.183809	0.686442	2.77915
			*CONTROL_ROT_SAMPLE 1536	-0.703671	-0.182197	0.686769	2.78226
			*CONTROL_ROT_SAMPLE 1728	-0.70377	-0.180571	0.687097	2.78539
			*CONTROL_ROT_SAMPLE 1920	-0.70387	-0.178899	0.687432	2.78862
			*CONTROL_ROT_SAMPLE 2112	-0.703931	-0.177863	0.687638	2.79061
			*CONTROL_ROT_SAMPLE 2304	-0.703979	-0.177025	0.687805	2.79223
			*CONTROL_ROT_SAMPLE 2496	-0.704027	-0.176187	0.687971	2.79385
			*CONTROL_ROT_SAMPLE 2688	-0.70408	-0.175259	0.688154	2.79564
			*CONTROL_ROT_SAMPLE 2880	-0.704133	-0.1743	0.688343	2.7975
			*CONTROL_ROT_SAMPLE 3072	-0.704187	-0.173332	0.688532	2.79937
			*CONTROL_ROT_SAMPLE 3264	-0.704239	-0.17238	0.688718	2.80121
			*CONTROL_ROT_SAMPLE 3456	-0.704288	-0.171468	0.688896	2.80297
			*CONTROL_ROT_SAMPLE 3648	-0.704333	-0.17062	0.68906	2.80461
			*CONTROL_ROT_SAMPLE 3840	-0.704373	-0.169858	0.689208	2.80608
			*CONTROL_ROT_SAMPLE 4032	-0.704403	-0.169276	0.68932	2.80721
			*CONTROL_ROT_SAMPLE 4224	-0.704424	-0.168876	0.689397	2.80798
			*CONTROL_ROT_SAMPLE 4416	-0.704441	-0.168548	0.68946	2.80862
			*CONTROL_ROT_SAMPLE 4608	-0.704459	-0.16818	0.68953	2.80933
			*CONTROL_ROT_SAMPLE 4800	-0.704486	-0.167661	0.68963	2.81034
			*CONTROL_ROT_SAMPLE 4992	-0.704536	-0.166671	0.689819	2.81226
			*CONTROL_ROT_SAMPLE 5184	-0.704597	-0.16544	0.690053	2.81464
		}
	}
}
*HELPEROBJECT {
	*NODE_NAME "Bip01 L Toe0"
	*NODE_PARENT "Bip01 L Foot"
	*NODE_TM {
		*NODE_NAME "Bip01 L Toe0"
		*TM_ROW0 0.448584	-0.893732	0.0039395
		*TM_ROW1 -0.0195529	-0.00540699	0.999794
		*TM_ROW2 -0.893527	-0.448569	-0.0199005
		*TM_ROW3 -64.6015	-119.431	0.314322
		*TM_POS -64.6015	-119.431	0.314322
		*TM_ROTAXIS -0.756308	0.46864	0.45648
		*TM_ROTANGLE 1.86331
		*TM_SCALE 1	1	1
		*TM_SCALEAXIS 0	0	0
		*TM_SCALEAXISANG 0	0	0
	}
	*TM_ANIMATION {
		*NODE_NAME "Bip01 L Toe0"
		*CONTROL_POS_TRACK {
			*CONTROL_POS_SAMPLE 192	6.63771	-18.4944	-2.0052
			*CONTROL_POS_SAMPLE 384	5.50347	-17.3716	-2.2667
			*CONTROL_POS_SAMPLE 576	5.83875	-16.7236	-2.29862
			*CONTROL_POS_SAMPLE 768	6.69202	-16.3145	-2.22259
			*CONTROL_POS_SAMPLE 960	7.09648	-15.8808	-2.15812
			*CONTROL_POS_SAMPLE 1152	6.64577	-15.3439	-2.13855
			*CONTROL_POS_SAMPLE 1344	5.97029	-14.9197	-2.06873
			*CONTROL_POS_SAMPLE 1536	5.65823	-14.7866	-1.87556
			*CONTROL_POS_SAMPLE 1728	7.38354	-14.144	-1.72235
			*CONTROL_POS_SAMPLE 1920	7.42563	-16.2403	-0.762272
			*CONTROL_POS_SAMPLE 2112	2.77727	-23.3158	2.22147
			*CONTROL_POS_SAMPLE 2304	-3.73063	-32.5349	5.79907
			*CONTROL_POS_SAMPLE 2496	-10.8436	-42.5357	7.58867
			*CONTROL_POS_SAMPLE 2688	-18.3069	-53.0843	7.33558
			*CONTROL_POS_SAMPLE 2880	-26.4284	-64.4957	6.5001
			*CONTROL_POS_SAMPLE 3072	-34.798	-76.2304	5.27275
			*CONTROL_POS_SAMPLE 3264	-43.0052	-87.7488	3.84397
			*CONTROL_POS_SAMPLE 3456	-50.6397	-98.5116	2.40429
			*CONTROL_POS_SAMPLE 3648	-57.2912	-107.979	1.14416
			*CONTROL_POS_SAMPLE 3840	-62.5495	-115.613	0.254143
			*CONTROL_POS_SAMPLE 4032	-65.4791	-120.266	-0.195617
			*CONTROL_POS_SAMPLE 4224	-66.0841	-121.944	-0.339868
			*CONTROL_POS_SAMPLE 4416	-65.3633	-121.831	-0.295634
			*CONTROL_POS_SAMPLE 4608	-64.3156	-121.113	-0.179858
			*CONTROL_POS_SAMPLE 4800	-63.9399	-120.974	-0.109536
			*CONTROL_POS_SAMPLE 4992	-64.2613	-120.532	0.0515619
			*CONTROL_POS_SAMPLE 5184	-64.6015	-119.431	0.314322
		}
		*CONTROL_ROT_TRACK {
			*CONTROL_ROT_SAMPLE 192	-0.756308	0.46864	0.45648	1.86331
			*CONTROL_ROT_SAMPLE 384	-0.773096	0.455534	0.441374	1.84457
			*CONTROL_ROT_SAMPLE 576	-0.777389	0.452065	0.437384	1.83984
			*CONTROL_ROT_SAMPLE 768	-0.776043	0.453158	0.43864	1.84132
			*CONTROL_ROT_SAMPLE 960	-0.775726	0.453414	0.438935	1.84167
			*CONTROL_ROT_SAMPLE 1152	-0.77646	0.452819	0.438252	1.84086
			*CONTROL_ROT_SAMPLE 1344	-0.775074	0.453942	0.439542	1.84239
			*CONTROL_ROT_SAMPLE 1536	-0.773444	0.455255	0.441052	1.84419
			*CONTROL_ROT_SAMPLE 1728	-0.771797	0.456575	0.442571	1.84601
			*CONTROL_ROT_SAMPLE 1920	-0.770099	0.457927	0.444128	1.84789
			*CONTROL_ROT_SAMPLE 2112	-0.769045	0.458763	0.44509	1.84906
			*CONTROL_ROT_SAMPLE 2304	-0.768193	0.459438	0.445867	1.85001
			*CONTROL_ROT_SAMPLE 2496	-0.767338	0.460111	0.446642	1.85096
			*CONTROL_ROT_SAMPLE 2688	-0.766391	0.460856	0.4475	1.85202
			*CONTROL_ROT_SAMPLE 2880	-0.765411	0.461624	0.448385	1.85311
			*CONTROL_ROT_SAMPLE 3072	-0.764421	0.462397	0.449276	1.85421
			*CONTROL_ROT_SAMPLE 3264	-0.763447	0.463155	0.450151	1.8553
			*CONTROL_ROT_SAMPLE 3456	-0.762512	0.463881	0.450987	1.85635
			*CONTROL_ROT_SAMPLE 3648	-0.761641	0.464555	0.451765	1.85732
			*CONTROL_ROT_SAMPLE 3840	-0.760859	0.465158	0.452461	1.8582
			*CONTROL_ROT_SAMPLE 4032	-0.760261	0.465619	0.452993	1.85887
			*CONTROL_ROT_SAMPLE 4224	-0.75985	0.465935	0.453357	1.85933
			*CONTROL_ROT_SAMPLE 4416	-0.759513	0.466194	0.453656	1.85971
			*CONTROL_ROT_SAMPLE 4608	-0.759134	0.466484	0.453991	1.86013
			*CONTROL_ROT_SAMPLE 4800	-0.7586	0.466893	0.454463	1.86073
			*CONTROL_ROT_SAMPLE 4992	-0.757578	0.467673	0.455364	1.86188
			*CONTROL_ROT_SAMPLE 5184	-0.756308	0.46864	0.45648	1.86331
		}
	}
}
*HELPEROBJECT {
	*NODE_NAME "Bip01 R Thigh"
	*NODE_PARENT "Bip01 Pelvis"
	*NODE_TM {
		*NODE_NAME "Bip01 R Thigh"
		*TM_ROW0 -0.715151	0.0233773	-0.698579
		*TM_ROW1 -0.698842	-0.0429995	0.713982
		*TM_ROW2 -0.0133475	0.998802	0.0470882
		*TM_ROW3 -106.432	-87.3207	85.9597
		*TM_POS -106.432	-87.3207	85.9597
		*TM_ROTAXIS 0.275054	-0.661738	-0.697458
		*TM_ROTANGLE 2.59737
		*TM_SCALE 1	1	1
		*TM_SCALEAXIS 0	0	0
		*TM_SCALEAXISANG 0	0	0
	}
	*TM_ANIMATION {
		*NODE_NAME "Bip01 R Thigh"
		*CONTROL_POS_TRACK {
			*CONTROL_POS_SAMPLE 192	-30.918	14.1208	85.9597
			*CONTROL_POS_SAMPLE 384	-34.3264	12.7837	85.5639
			*CONTROL_POS_SAMPLE 576	-36.4397	9.91801	85.1159
			*CONTROL_POS_SAMPLE 768	-38.4372	7.11929	84.6549
			*CONTROL_POS_SAMPLE 960	-40.3581	4.34532	84.2199
			*CONTROL_POS_SAMPLE 1152	-42.2414	1.55389	83.8503
			*CONTROL_POS_SAMPLE 1344	-44.1264	-1.29718	83.5851
			*CONTROL_POS_SAMPLE 1536	-46.052	-4.25012	83.4635
			*CONTROL_POS_SAMPLE 1728	-48.0574	-7.34713	83.6284
			*CONTROL_POS_SAMPLE 1920	-50.1817	-10.6304	84.0845
			*CONTROL_POS_SAMPLE 2112	-52.4641	-14.1421	84.6638
			*CONTROL_POS_SAMPLE 2304	-54.9435	-17.9245	85.198
			*CONTROL_POS_SAMPLE 2496	-57.9071	-22.5287	85.519
			*CONTROL_POS_SAMPLE 2688	-61.4549	-28.1495	85.544
			*CONTROL_POS_SAMPLE 2880	-65.3458	-34.2951	85.3747
			*CONTROL_POS_SAMPLE 3072	-69.3385	-40.4737	85.1202
			*CONTROL_POS_SAMPLE 3264	-73.1917	-46.1935	84.8897
			*CONTROL_POS_SAMPLE 3456	-77.0772	-51.2013	84.6598
			*CONTROL_POS_SAMPLE 3648	-80.865	-55.2087	84.4264
			*CONTROL_POS_SAMPLE 3840	-84.2714	-57.7685	84.3229
			*CONTROL_POS_SAMPLE 4032	-87.5315	-59.803	84.4145
			*CONTROL_POS_SAMPLE 4224	-90.7301	-62.8217	84.512
			*CONTROL_POS_SAMPLE 4416	-93.906	-67.1546	84.6302
			*CONTROL_POS_SAMPLE 4608	-97.0509	-71.9835	84.7838
			*CONTROL_POS_SAMPLE 4800	-100.178	-77.0959	84.9876
			*CONTROL_POS_SAMPLE 4992	-103.301	-82.2792	85.4106
			*CONTROL_POS_SAMPLE 5184	-106.432	-87.3207	85.9597
		}
		*CONTROL_ROT_TRACK {
			*CONTROL_ROT_SAMPLE 192	0.493222	-0.423483	-0.759864	3.05443
			*CONTROL_ROT_SAMPLE 384	0.437254	-0.474789	-0.763796	3.01217
			*CONTROL_ROT_SAMPLE 576	0.400796	-0.510707	-0.760619	3.03334
			*CONTROL_ROT_SAMPLE 768	0.381756	-0.543608	-0.747498	3.08224
			*CONTROL_ROT_SAMPLE 960	0.370179	-0.575844	-0.728952	3.11943
			*CONTROL_ROT_SAMPLE 1152	0.366662	-0.606824	-0.705212	3.13468
			*CONTROL_ROT_SAMPLE 1344	0.378409	-0.632863	-0.675493	3.13454
			*CONTROL_ROT_SAMPLE 1536	0.40358	-0.650049	-0.643863	3.10963
			*CONTROL_ROT_SAMPLE 1728	0.44077	-0.65559	-0.613126	3.05545
			*CONTROL_ROT_SAMPLE 1920	0.486894	-0.649136	-0.584429	2.97586
			*CONTROL_ROT_SAMPLE 2112	0.49158	-0.652002	-0.577271	2.93183
			*CONTROL_ROT_SAMPLE 2304	0.478563	-0.656759	-0.58279	2.91257
			*CONTROL_ROT_SAMPLE 2496	0.464094	-0.659096	-0.591784	2.88935
			*CONTROL_ROT_SAMPLE 2688	0.44948	-0.657043	-0.605196	2.85738
			*CONTROL_ROT_SAMPLE 2880	0.43883	-0.648763	-0.621719	2.8116
			*CONTROL_ROT_SAMPLE 3072	0.43365	-0.634719	-0.639593	2.75175
			*CONTROL_ROT_SAMPLE 3264	0.433424	-0.617299	-0.656571	2.68127
			*CONTROL_ROT_SAMPLE 3456	0.437409	-0.599105	-0.670632	2.60295
			*CONTROL_ROT_SAMPLE 3648	0.443339	-0.583344	-0.680558	2.52222
			*CONTROL_ROT_SAMPLE 3840	0.448975	-0.571285	-0.687062	2.41208
			*CONTROL_ROT_SAMPLE 4032	0.437704	-0.566308	-0.698362	2.35053
			*CONTROL_ROT_SAMPLE 4224	0.400786	-0.559673	-0.725352	2.38997
			*CONTROL_ROT_SAMPLE 4416	0.358033	-0.541181	-0.760878	2.4471
			*CONTROL_ROT_SAMPLE 4608	0.317165	-0.524515	-0.79012	2.50528
			*CONTROL_ROT_SAMPLE 4800	0.282851	-0.523924	-0.803429	2.55429
			*CONTROL_ROT_SAMPLE 4992	0.264346	-0.582715	-0.768482	2.60045
			*CONTROL_ROT_SAMPLE 5184	0.275054	-0.661738	-0.697458	2.59737
		}
	}
}
*HELPEROBJECT {
	*NODE_NAME "Bip01 R Calf"
	*NODE_PARENT "Bip01 R Thigh"
	*NODE_TM {
		*NODE_NAME "Bip01 R Calf"
		*TM_ROW0 0.320449	0.0488814	-0.946004
		*TM_ROW1 -0.947172	0.0024625	-0.320717
		*TM_ROW2 -0.0133476	0.998802	0.0470882
		*TM_ROW3 -134.57	-86.4009	58.4742
		*TM_POS -134.57	-86.4009	58.4742
		*TM_ROTAXIS 0.695148	-0.491342	-0.52474
		*TM_ROTANGLE 1.89125
		*TM_SCALE 1	1	1
		*TM_SCALEAXIS 0	0	0
		*TM_SCALEAXISANG 0	0	0
	}
	*TM_ANIMATION {
		*NODE_NAME "Bip01 R Calf"
		*CONTROL_POS_TRACK {
			*CONTROL_POS_SAMPLE 192	-51.0071	0.318545	55.0737
			*CONTROL_POS_SAMPLE 384	-58.3603	0.394359	56.9826
			*CONTROL_POS_SAMPLE 576	-62.9507	-2.9086	59.0265
			*CONTROL_POS_SAMPLE 768	-66.2548	-7.45196	60.951
			*CONTROL_POS_SAMPLE 960	-68.9115	-11.7908	62.4865
			*CONTROL_POS_SAMPLE 1152	-71.0063	-15.7624	63.3383
			*CONTROL_POS_SAMPLE 1344	-72.2025	-19.9543	63.2957
			*CONTROL_POS_SAMPLE 1536	-72.5633	-24.0792	62.2038
			*CONTROL_POS_SAMPLE 1728	-71.997	-27.9681	60.183
			*CONTROL_POS_SAMPLE 1920	-70.4607	-31.5373	57.633
			*CONTROL_POS_SAMPLE 2112	-72.1395	-34.3574	57.2368
			*CONTROL_POS_SAMPLE 2304	-75.4745	-37.1282	57.6714
			*CONTROL_POS_SAMPLE 2496	-79.3265	-40.4065	57.7773
			*CONTROL_POS_SAMPLE 2688	-83.6424	-44.2458	57.3192
			*CONTROL_POS_SAMPLE 2880	-87.8232	-48.1669	56.2138
			*CONTROL_POS_SAMPLE 3072	-91.4886	-51.7565	54.6228
			*CONTROL_POS_SAMPLE 3264	-94.4281	-54.6754	52.8727
			*CONTROL_POS_SAMPLE 3456	-96.8615	-56.827	51.1195
			*CONTROL_POS_SAMPLE 3648	-98.8714	-58.1249	49.5655
			*CONTROL_POS_SAMPLE 3840	-99.7593	-57.3663	48.1569
			*CONTROL_POS_SAMPLE 4032	-102.357	-56.8736	48.0875
			*CONTROL_POS_SAMPLE 4224	-108.537	-58.6077	49.6816
			*CONTROL_POS_SAMPLE 4416	-115.219	-61.4764	52.0489
			*CONTROL_POS_SAMPLE 4608	-121.554	-65.32	54.7307
			*CONTROL_POS_SAMPLE 4800	-127.162	-70.2641	57.1811
			*CONTROL_POS_SAMPLE 4992	-131.918	-77.9595	58.7572
			*CONTROL_POS_SAMPLE 5184	-134.57	-86.4009	58.4742
		}
		*CONTROL_ROT_TRACK {
			*CONTROL_ROT_SAMPLE 192	-0.708456	0.120682	0.69536	4.02645
			*CONTROL_ROT_SAMPLE 384	-0.707348	0.179873	0.683597	4.12085
			*CONTROL_ROT_SAMPLE 576	-0.717563	0.200466	0.667021	4.17243
			*CONTROL_ROT_SAMPLE 768	-0.736038	0.206591	0.644646	4.17874
			*CONTROL_ROT_SAMPLE 960	-0.748422	0.224703	0.623997	4.14821
			*CONTROL_ROT_SAMPLE 1152	-0.751511	0.260692	0.606029	4.0827
			*CONTROL_ROT_SAMPLE 1344	-0.749842	0.302795	0.588262	3.98779
			*CONTROL_ROT_SAMPLE 1536	-0.741903	0.35127	0.571131	3.88339
			*CONTROL_ROT_SAMPLE 1728	-0.726214	0.405516	0.55513	3.78378
