*3DSMAX_ASCIIEXPORT	110
*COMMENT "This file is part of Gothic Free Aim Copyright (C) 2016-2018  mud-freak (@szapp)"
*COMMENT "<http://github.com/szapp/GothicFreeAim>"
*COMMENT "Animations: first iteration"
*SCENE {
	*SCENE_FILENAME "magIK_frontRight_02_notSoFarRight.max"
	*SCENE_FIRSTFRAME 1
	*SCENE_LASTFRAME 27
	*SCENE_FRAMESPEED 25
	*SCENE_TICKSPERFRAME 192
	*SCENE_BACKGROUND_STATIC 0	0	0
	*SCENE_AMBIENT_STATIC 0.2	0.2	0.2
}
*HELPEROBJECT {
	*NODE_NAME "Bip01"
	*NODE_TM {
		*NODE_NAME "Bip01"
		*TM_ROW0 0.261363	-0.941308	-0.21361
		*TM_ROW1 0.963553	0.267518	9.37553e-005
		*TM_ROW2 0.0570561	-0.205849	0.976919
		*TM_ROW3 -96.1844	-89.5283	92.6719
		*TM_POS -96.1844	-89.5283	92.6719
		*TM_ROTAXIS -0.106431	-0.13988	0.984432
		*TM_ROTANGLE 1.31512
		*TM_SCALE 1	1	1
		*TM_SCALEAXIS 0	0	0
		*TM_SCALEAXISANG 0	0	0
	}
	*TM_ANIMATION {
		*NODE_NAME "Bip01"
		*CONTROL_POS_TRACK {
			*CONTROL_POS_SAMPLE 192	-20.6701	11.9132	92.6719
			*CONTROL_POS_SAMPLE 384	-24.0786	10.5761	91.2861
			*CONTROL_POS_SAMPLE 576	-26.1918	7.71044	90.1701
			*CONTROL_POS_SAMPLE 768	-28.1893	4.91172	89.2881
			*CONTROL_POS_SAMPLE 960	-30.1102	2.13776	88.6044
			*CONTROL_POS_SAMPLE 1152	-31.9935	-0.653671	88.0834
			*CONTROL_POS_SAMPLE 1344	-33.8785	-3.50475	87.6894
			*CONTROL_POS_SAMPLE 1536	-35.8041	-6.45769	87.3865
			*CONTROL_POS_SAMPLE 1728	-37.8095	-9.5547	87.4027
			*CONTROL_POS_SAMPLE 1920	-39.9339	-12.838	87.8402
			*CONTROL_POS_SAMPLE 2112	-42.2162	-16.3497	88.4752
			*CONTROL_POS_SAMPLE 2304	-44.6956	-20.1321	89.0838
			*CONTROL_POS_SAMPLE 2496	-47.6592	-24.7362	89.4421
			*CONTROL_POS_SAMPLE 2688	-51.2071	-30.357	89.467
			*CONTROL_POS_SAMPLE 2880	-55.098	-36.5027	89.2977
			*CONTROL_POS_SAMPLE 3072	-59.0906	-42.6813	89.0432
			*CONTROL_POS_SAMPLE 3264	-62.9439	-48.401	88.8127
			*CONTROL_POS_SAMPLE 3456	-66.8293	-53.4088	88.5828
			*CONTROL_POS_SAMPLE 3648	-70.6171	-57.4163	88.3495
			*CONTROL_POS_SAMPLE 3840	-74.0235	-59.9761	88.2459
			*CONTROL_POS_SAMPLE 4032	-77.2837	-62.0106	88.2738
			*CONTROL_POS_SAMPLE 4224	-80.4822	-65.0293	88.2438
			*CONTROL_POS_SAMPLE 4416	-83.6581	-69.3621	88.2663
			*CONTROL_POS_SAMPLE 4608	-86.803	-74.1911	88.4518
			*CONTROL_POS_SAMPLE 4800	-89.9301	-79.3035	88.9106
			*CONTROL_POS_SAMPLE 4992	-93.0528	-84.4868	90.4792
			*CONTROL_POS_SAMPLE 5184	-96.1844	-89.5283	92.6719
		}
		*CONTROL_ROT_TRACK {
			*CONTROL_ROT_SAMPLE 192	-0.106431	-0.13988	0.984432	1.31512
			*CONTROL_ROT_SAMPLE 384	-0.106431	-0.13988	0.984432	1.31512
			*CONTROL_ROT_SAMPLE 576	-0.106431	-0.13988	0.984432	1.31512
			*CONTROL_ROT_SAMPLE 768	-0.106431	-0.13988	0.984432	1.31512
			*CONTROL_ROT_SAMPLE 960	-0.106431	-0.13988	0.984432	1.31512
			*CONTROL_ROT_SAMPLE 1152	-0.106431	-0.13988	0.984432	1.31512
			*CONTROL_ROT_SAMPLE 1344	-0.106431	-0.13988	0.984432	1.31512
			*CONTROL_ROT_SAMPLE 1536	-0.106431	-0.13988	0.984432	1.31512
			*CONTROL_ROT_SAMPLE 1728	-0.106431	-0.13988	0.984432	1.31512
			*CONTROL_ROT_SAMPLE 1920	-0.106431	-0.13988	0.984432	1.31512
			*CONTROL_ROT_SAMPLE 2112	-0.106431	-0.13988	0.984432	1.31512
			*CONTROL_ROT_SAMPLE 2304	-0.106431	-0.13988	0.984432	1.31512
			*CONTROL_ROT_SAMPLE 2496	-0.106431	-0.13988	0.984432	1.31512
			*CONTROL_ROT_SAMPLE 2688	-0.106431	-0.13988	0.984432	1.31512
			*CONTROL_ROT_SAMPLE 2880	-0.106431	-0.13988	0.984432	1.31512
			*CONTROL_ROT_SAMPLE 3072	-0.106431	-0.13988	0.984432	1.31512
			*CONTROL_ROT_SAMPLE 3264	-0.106431	-0.13988	0.984432	1.31512
			*CONTROL_ROT_SAMPLE 3456	-0.106431	-0.13988	0.984432	1.31512
			*CONTROL_ROT_SAMPLE 3648	-0.106431	-0.13988	0.984432	1.31512
			*CONTROL_ROT_SAMPLE 3840	-0.106431	-0.13988	0.984432	1.31512
			*CONTROL_ROT_SAMPLE 4032	-0.106431	-0.13988	0.984432	1.31512
			*CONTROL_ROT_SAMPLE 4224	-0.106431	-0.13988	0.984432	1.31512
			*CONTROL_ROT_SAMPLE 4416	-0.106431	-0.13988	0.984432	1.31512
			*CONTROL_ROT_SAMPLE 4608	-0.106431	-0.13988	0.984432	1.31512
			*CONTROL_ROT_SAMPLE 4800	-0.106431	-0.13988	0.984432	1.31512
			*CONTROL_ROT_SAMPLE 4992	-0.106431	-0.13988	0.984432	1.31512
			*CONTROL_ROT_SAMPLE 5184	-0.106431	-0.13988	0.984432	1.31512
		}
	}
}
*HELPEROBJECT {
	*NODE_NAME "Bip01 Footsteps"
	*NODE_PARENT "Bip01"
	*NODE_TM {
		*NODE_NAME "Bip01 Footsteps"
		*TM_ROW0 1	0	0
		*TM_ROW1 0	1	0
		*TM_ROW2 0	0	1
		*TM_ROW3 -96.1844	-89.5283	-0.0437527
		*TM_POS -96.1844	-89.5283	-0.0437527
		*TM_ROTAXIS 0	0	0
		*TM_ROTANGLE 0
		*TM_SCALE 1	1	1
		*TM_SCALEAXIS 0	0	0
		*TM_SCALEAXISANG 0	0	0
	}
}
*HELPEROBJECT {
	*NODE_NAME "Bip01 Pelvis"
	*NODE_PARENT "Bip01"
	*NODE_TM {
		*NODE_NAME "Bip01 Pelvis"
		*TM_ROW0 0.0530344	-0.206963	0.97691
		*TM_ROW1 0.261364	-0.941308	-0.21361
		*TM_ROW2 0.963782	0.266658	0.00417104
		*TM_ROW3 -97.8816	-88.5625	92.9745
		*TM_POS -97.8816	-88.5625	92.9745
		*TM_ROTAXIS -0.715813	-0.0195665	-0.698017
		*TM_ROTANGLE 3.4837
		*TM_SCALE 1	1	1
		*TM_SCALEAXIS 0	0	0
		*TM_SCALEAXISANG 0	0	0
	}
	*TM_ANIMATION {
		*NODE_NAME "Bip01 Pelvis"
		*CONTROL_POS_TRACK {
			*CONTROL_POS_SAMPLE 192	-22.3673	12.879	92.9745
			*CONTROL_POS_SAMPLE 384	-25.7758	11.5419	91.5887
			*CONTROL_POS_SAMPLE 576	-27.889	8.67627	90.4727
			*CONTROL_POS_SAMPLE 768	-29.8865	5.87755	89.5907
			*CONTROL_POS_SAMPLE 960	-31.8074	3.10359	88.9071
			*CONTROL_POS_SAMPLE 1152	-33.6908	0.312159	88.3861
			*CONTROL_POS_SAMPLE 1344	-35.5757	-2.53892	87.992
			*CONTROL_POS_SAMPLE 1536	-37.5014	-5.49186	87.6891
			*CONTROL_POS_SAMPLE 1728	-39.5068	-8.58887	87.7053
			*CONTROL_POS_SAMPLE 1920	-41.6311	-11.8721	88.1428
			*CONTROL_POS_SAMPLE 2112	-43.9134	-15.3839	88.7779
			*CONTROL_POS_SAMPLE 2304	-46.3929	-19.1663	89.3865
			*CONTROL_POS_SAMPLE 2496	-49.3564	-23.7704	89.7447
			*CONTROL_POS_SAMPLE 2688	-52.9043	-29.3912	89.7697
			*CONTROL_POS_SAMPLE 2880	-56.7952	-35.5369	89.6003
			*CONTROL_POS_SAMPLE 3072	-60.7879	-41.7155	89.3458
			*CONTROL_POS_SAMPLE 3264	-64.6411	-47.4352	89.1154
			*CONTROL_POS_SAMPLE 3456	-68.5266	-52.443	88.8854
			*CONTROL_POS_SAMPLE 3648	-72.3144	-56.4505	88.6521
			*CONTROL_POS_SAMPLE 3840	-75.7207	-59.0102	88.5486
			*CONTROL_POS_SAMPLE 4032	-78.9809	-61.0447	88.5764
			*CONTROL_POS_SAMPLE 4224	-82.1794	-64.0634	88.5464
			*CONTROL_POS_SAMPLE 4416	-85.3554	-68.3963	88.569
			*CONTROL_POS_SAMPLE 4608	-88.5002	-73.2253	88.7544
			*CONTROL_POS_SAMPLE 4800	-91.6274	-78.3377	89.2133
			*CONTROL_POS_SAMPLE 4992	-94.75	-83.5209	90.7818
			*CONTROL_POS_SAMPLE 5184	-97.8816	-88.5625	92.9745
		}
		*CONTROL_ROT_TRACK {
			*CONTROL_ROT_SAMPLE 192	-0.715813	-0.0195665	-0.698017	3.4837
			*CONTROL_ROT_SAMPLE 384	-0.715813	-0.0195665	-0.698017	3.4837
			*CONTROL_ROT_SAMPLE 576	-0.715813	-0.0195665	-0.698017	3.4837
			*CONTROL_ROT_SAMPLE 768	-0.715813	-0.0195665	-0.698017	3.4837
			*CONTROL_ROT_SAMPLE 960	-0.715813	-0.0195665	-0.698017	3.4837
			*CONTROL_ROT_SAMPLE 1152	-0.715813	-0.0195665	-0.698017	3.4837
			*CONTROL_ROT_SAMPLE 1344	-0.715813	-0.0195665	-0.698017	3.4837
			*CONTROL_ROT_SAMPLE 1536	-0.715813	-0.0195665	-0.698017	3.4837
			*CONTROL_ROT_SAMPLE 1728	-0.715813	-0.0195665	-0.698017	3.4837
			*CONTROL_ROT_SAMPLE 1920	-0.715813	-0.0195665	-0.698017	3.4837
			*CONTROL_ROT_SAMPLE 2112	-0.715813	-0.0195665	-0.698017	3.4837
			*CONTROL_ROT_SAMPLE 2304	-0.715813	-0.0195665	-0.698017	3.4837
			*CONTROL_ROT_SAMPLE 2496	-0.715813	-0.0195665	-0.698017	3.4837
			*CONTROL_ROT_SAMPLE 2688	-0.715813	-0.0195665	-0.698017	3.4837
			*CONTROL_ROT_SAMPLE 2880	-0.715813	-0.0195665	-0.698017	3.4837
			*CONTROL_ROT_SAMPLE 3072	-0.715813	-0.0195665	-0.698017	3.4837
			*CONTROL_ROT_SAMPLE 3264	-0.715813	-0.0195665	-0.698017	3.4837
			*CONTROL_ROT_SAMPLE 3456	-0.715813	-0.0195665	-0.698017	3.4837
			*CONTROL_ROT_SAMPLE 3648	-0.715813	-0.0195665	-0.698017	3.4837
			*CONTROL_ROT_SAMPLE 3840	-0.715813	-0.0195665	-0.698017	3.4837
			*CONTROL_ROT_SAMPLE 4032	-0.715813	-0.0195665	-0.698017	3.4837
			*CONTROL_ROT_SAMPLE 4224	-0.715813	-0.0195665	-0.698017	3.4837
			*CONTROL_ROT_SAMPLE 4416	-0.715813	-0.0195665	-0.698017	3.4837
			*CONTROL_ROT_SAMPLE 4608	-0.715813	-0.0195665	-0.698017	3.4837
			*CONTROL_ROT_SAMPLE 4800	-0.715813	-0.0195665	-0.698017	3.4837
			*CONTROL_ROT_SAMPLE 4992	-0.715813	-0.0195665	-0.698017	3.4837
			*CONTROL_ROT_SAMPLE 5184	-0.715813	-0.0195665	-0.698017	3.4837
		}
	}
}
*HELPEROBJECT {
	*NODE_NAME "Bip01 Spine"
	*NODE_PARENT "Bip01 Pelvis"
	*NODE_TM {
		*NODE_NAME "Bip01 Spine"
		*TM_ROW0 0.0815145	-0.269258	0.959612
		*TM_ROW1 0.254457	-0.925286	-0.281241
		*TM_ROW2 0.963643	0.267105	-0.0069097
		*TM_ROW3 -97.7679	-88.9728	95.339
		*TM_POS -97.7679	-88.9728	95.339
		*TM_ROTAXIS -0.723152	0.00531509	-0.690668
		*TM_ROTANGLE 3.53046
		*TM_SCALE 1	1	1
		*TM_SCALEAXIS 0	0	0
		*TM_SCALEAXISANG 0	0	0
	}
}
*HELPEROBJECT {
	*NODE_NAME "Bip01 Spine1"
	*NODE_PARENT "Bip01 Spine"
	*NODE_TM {
		*NODE_NAME "Bip01 Spine1"
		*TM_ROW0 0.0706642	-0.292663	0.953601
		*TM_ROW1 0.235733	-0.924012	-0.301051
		*TM_ROW2 0.969245	0.246068	0.00369569
		*TM_ROW3 -96.9692	-91.6094	104.772
		*TM_POS -96.9692	-91.6094	104.772
		*TM_ROTAXIS -0.719155	0.0205638	-0.694545
		*TM_ROTANGLE 3.53181
		*TM_SCALE 1	1	1
		*TM_SCALEAXIS 0	0	0
		*TM_SCALEAXISANG 0	0	0
	}
}
*HELPEROBJECT {
	*NODE_NAME "Bip01 Spine2"
	*NODE_PARENT "Bip01 Spine1"
	*NODE_TM {
		*NODE_NAME "Bip01 Spine2"
		*TM_ROW0 0.244824	-0.139093	0.959539
		*TM_ROW1 0.0700209	-0.984536	-0.160582
		*TM_ROW2 0.967036	0.106502	-0.231299
		*TM_ROW3 -96.0671	-95.329	116.973
		*TM_POS -96.0671	-95.329	116.973
		*TM_ROTAXIS -0.787182	0.0220966	-0.616325
		*TM_ROTANGLE 3.31206
		*TM_SCALE 1	1	1
		*TM_SCALEAXIS 0	0	0
		*TM_SCALEAXISANG 0	0	0
	}
}
*HELPEROBJECT {
	*NODE_NAME "Bip01 Neck"
	*NODE_PARENT "Bip01 Spine2"
	*NODE_TM {
		*NODE_NAME "Bip01 Neck"
		*TM_ROW0 0.254392	-0.36404	0.895968
		*TM_ROW1 0.0112151	-0.925275	-0.379132
		*TM_ROW2 0.967036	0.106497	-0.2313
		*TM_ROW3 -88.7264	-99.4945	145.745
		*TM_POS -88.7264	-99.4945	145.745
		*TM_ROTAXIS -0.786035	0.11503	-0.607386
		*TM_ROTANGLE 3.45564
		*TM_SCALE 1	1	1
		*TM_SCALEAXIS 0	0	0
		*TM_SCALEAXISANG 0	0	0
	}
}
*HELPEROBJECT {
	*NODE_NAME "Bip01 Head"
	*NODE_PARENT "Bip01 Neck"
	*NODE_TM {
		*NODE_NAME "Bip01 Head"
		*TM_ROW0 0.0595127	-0.119331	0.991069
		*TM_ROW1 -0.0459044	-0.992106	-0.116699
		*TM_ROW2 0.997172	-0.0385493	-0.0645207
		*TM_ROW3 -86.9865	-101.984	151.873
		*TM_POS -86.9865	-101.984	151.873
		*TM_ROTAXIS -0.72761	0.0568142	-0.683634
		*TM_ROTANGLE 3.19532
		*TM_SCALE 1	1	1
		*TM_SCALEAXIS 0	0	0
		*TM_SCALEAXISANG 0	0	0
	}
}
*HELPEROBJECT {
	*NODE_NAME "zs_Helmet"
	*NODE_PARENT "Bip01 Head"
	*NODE_TM {
		*NODE_NAME "zs_Helmet"
		*TM_ROW0 0.997172	-0.0385485	-0.0645205
		*TM_ROW1 0.0410927	0.99841	0.0385818
		*TM_ROW2 0.0629306	-0.041124	0.99717
		*TM_ROW3 -73.5337	-207.191	422.64
		*TM_POS -73.5337	-207.191	422.64
		*TM_ROTAXIS -0.468537	-0.7492	0.468157
		*TM_ROTANGLE 0.085161
		*TM_SCALE 1	1	1
		*TM_SCALEAXIS 0	0	0
		*TM_SCALEAXISANG 0	0	0
	}
}
*HELPEROBJECT {
	*NODE_NAME "Bip01 L Clavicle"
	*NODE_PARENT "Bip01 Neck"
	*NODE_TM {
		*NODE_NAME "Bip01 L Clavicle"
		*TM_ROW0 0.973343	0.145279	-0.177472
		*TM_ROW1 -0.115005	0.978645	0.170377
		*TM_ROW2 0.198435	-0.145425	0.969265
		*TM_ROW3 -82.5119	-95.4713	139.148
		*TM_POS -82.5119	-95.4713	139.148
		*TM_ROTAXIS -0.568311	-0.676476	-0.468404
		*TM_ROTANGLE 0.281547
		*TM_SCALE 1	1	1
		*TM_SCALEAXIS 0	0	0
		*TM_SCALEAXISANG 0	0	0
	}
}
*HELPEROBJECT {
	*NODE_NAME "Bip01 L UpperArm"
	*NODE_PARENT "Bip01 L Clavicle"
	*NODE_TM {
		*NODE_NAME "Bip01 L UpperArm"
		*TM_ROW0 0.390015	0.315018	-0.865247
		*TM_ROW1 0.0936915	0.921207	0.377624
		*TM_ROW2 0.916029	-0.228345	0.32977
		*TM_ROW3 -69.5412	-93.5353	136.783
		*TM_POS -69.5412	-93.5353	136.783
		*TM_ROTAXIS -0.319857	-0.940236	-0.116826
		*TM_ROTANGLE 1.24454
		*TM_SCALE 1	1	1
		*TM_SCALEAXIS 0	0	0
		*TM_SCALEAXISANG 0	0	0
	}
}
*HELPEROBJECT {
	*NODE_NAME "Bip01 L Forearm"
	*NODE_PARENT "Bip01 L UpperArm"
	*NODE_TM {
		*NODE_NAME "Bip01 L Forearm"
		*TM_ROW0 0.229671	-0.375435	-0.897942
		*TM_ROW1 0.328848	0.89828	-0.291465
		*TM_ROW2 0.916029	-0.228346	0.32977
		*TM_ROW3 -58.6573	-84.7443	112.638
		*TM_POS -58.6573	-84.7443	112.638
		*TM_ROTAXIS 0.0324204	-0.931714	0.361743
		*TM_ROTANGLE 1.33989
		*TM_SCALE 1	1	1
		*TM_SCALEAXIS 0	0	0
		*TM_SCALEAXISANG 0	0	0
	}
}
*HELPEROBJECT {
	*NODE_NAME "Bip01 L Hand"
	*NODE_PARENT "Bip01 L Forearm"
	*NODE_TM {
		*NODE_NAME "Bip01 L Hand"
		*TM_ROW0 0.0704601	-0.527088	-0.846884
		*TM_ROW1 -0.952351	0.217025	-0.214308
		*TM_ROW2 0.296755	0.821631	-0.486681
		*TM_ROW3 -52.2687	-95.1876	87.6601
		*TM_POS -52.2687	-95.1876	87.6601
		*TM_ROTAXIS 0.647218	-0.714505	-0.265689
		*TM_ROTANGLE 2.2138
		*TM_SCALE 1	1	1
		*TM_SCALEAXIS 0	0	0
		*TM_SCALEAXISANG 0	0	0
	}
}
*HELPEROBJECT {
	*NODE_NAME "Bip01 L Finger0"
	*NODE_PARENT "Bip01 L Hand"
	*NODE_TM {
		*NODE_NAME "Bip01 L Finger0"
		*TM_ROW0 0.0704592	-0.527088	-0.846885
		*TM_ROW1 -0.952577	0.216398	-0.213935
		*TM_ROW2 0.296026	0.821797	-0.486845
		*TM_ROW3 -51.3619	-101.971	76.7608
		*TM_POS -51.3619	-101.971	76.7608
		*TM_ROTAXIS 0.647329	-0.714316	-0.265929
		*TM_ROTANGLE 2.21429
		*TM_SCALE 1	1	1
		*TM_SCALEAXIS 0	0	0
		*TM_SCALEAXISANG 0	0	0
	}
}
*HELPEROBJECT {
	*NODE_NAME "zs_LeftHand"
	*NODE_PARENT "Bip01 L Hand"
	*NODE_TM {
		*NODE_NAME "zs_LeftHand"
		*TM_ROW0 0.383436	0.846393	-0.36959
		*TM_ROW1 0.305741	-0.493939	-0.81397
		*TM_ROW2 -0.871493	0.199106	-0.448171
		*TM_ROW3 -112.657	-147.688	-18.1898
		*TM_POS -112.657	-147.688	-18.1898
		*TM_ROTAXIS -0.808385	-0.400494	0.431414
		*TM_ROTANGLE 3.81878
		*TM_SCALE 1	1	1
		*TM_SCALEAXIS 0	0	0
		*TM_SCALEAXISANG 0	0	0
	}
}
*HELPEROBJECT {
	*NODE_NAME "zs_LeftArm"
	*NODE_PARENT "Bip01 L Forearm"
	*NODE_TM {
		*NODE_NAME "zs_LeftArm"
		*TM_ROW0 0.213122	-0.174069	-0.961394
		*TM_ROW1 0.342771	0.934778	-0.0932647
		*TM_ROW2 0.914924	-0.309661	0.258888
		*TM_ROW3 -10.8188	-352.214	-55.3156
		*TM_POS -10.8188	-352.214	-55.3156
		*TM_ROTAXIS -0.110508	-0.958188	0.263937
		*TM_ROTANGLE 1.36597
		*TM_SCALE 1	1	1
		*TM_SCALEAXIS 0	0	0
		*TM_SCALEAXISANG 0	0	0
	}
}
*HELPEROBJECT {
	*NODE_NAME "Bip01 R Clavicle"
	*NODE_PARENT "Bip01 Neck"
	*NODE_TM {
		*NODE_NAME "Bip01 R Clavicle"
		*TM_ROW0 -0.999479	-0.000746014	0.0322526
		*TM_ROW1 0.00383336	0.989904	0.141689
		*TM_ROW2 -0.0320327	0.141739	-0.989386
		*TM_ROW3 -97.9149	-97.1677	142.832
		*TM_POS -97.9149	-97.1677	142.832
		*TM_ROTAXIS -0.000773994	-0.997472	-0.071055
		*TM_ROTANGLE 3.17382
		*TM_SCALE 1	1	1
		*TM_SCALEAXIS 0	0	0
		*TM_SCALEAXISANG 0	0	0
	}
}
*HELPEROBJECT {
	*NODE_NAME "Bip01 R UpperArm"
	*NODE_PARENT "Bip01 R Clavicle"
	*NODE_TM {
		*NODE_NAME "Bip01 R UpperArm"
		*TM_ROW0 -0.330035	-0.0535069	-0.942451
		*TM_ROW1 0.0634931	0.994873	-0.0787176
		*TM_ROW2 0.941831	-0.0858187	-0.324945
		*TM_ROW3 -111.234	-97.1777	143.262
		*TM_POS -111.234	-97.1777	143.262
		*TM_ROTAXIS -0.00376132	-0.998071	0.0619728
		*TM_ROTANGLE 1.90716
		*TM_SCALE 1	1	1
		*TM_SCALEAXIS 0	0	0
		*TM_SCALEAXISANG 0	0	0
	}
}
*HELPEROBJECT {
	*NODE_NAME "Bip01 R Forearm"
	*NODE_PARENT "Bip01 R UpperArm"
	*NODE_TM {
		*NODE_NAME "Bip01 R Forearm"
		*TM_ROW0 -0.0853406	-0.996227	0.0157521
		*TM_ROW1 -0.325071	0.0128952	-0.945602
		*TM_ROW2 0.941831	-0.0858187	-0.324945
		*TM_ROW3 -120.444	-98.6708	116.962
		*TM_POS -120.444	-98.6708	116.962
		*TM_ROTAXIS 0.600894	-0.647228	0.469065
		*TM_ROTANGLE 2.34437
		*TM_SCALE 1	1	1
		*TM_SCALEAXIS 0	0	0
		*TM_SCALEAXISANG 0	0	0
	}
}
*HELPEROBJECT {
	*NODE_NAME "Bip01 R Hand"
	*NODE_PARENT "Bip01 R Forearm"
	*NODE_TM {
		*NODE_NAME "Bip01 R Hand"
		*TM_ROW0 -0.0866963	-0.996219	0.00569203
		*TM_ROW1 0.274349	-0.0183819	0.961455
		*TM_ROW2 -0.957714	0.0849161	0.274905
		*TM_ROW3 -122.818	-126.382	117.4
		*TM_POS -122.818	-126.382	117.4
		*TM_ROTAXIS -0.48173	0.529471	0.698281
		*TM_ROTANGLE 1.99883
		*TM_SCALE 1	1	1
		*TM_SCALEAXIS 0	0	0
		*TM_SCALEAXISANG 0	0	0
	}
}
*HELPEROBJECT {
	*NODE_NAME "Bip01 R Finger0"
	*NODE_PARENT "Bip01 R Hand"
	*NODE_TM {
		*NODE_NAME "Bip01 R Finger0"
		*TM_ROW0 -0.0866897	-0.996219	0.00569801
		*TM_ROW1 0.273623	-0.0183099	0.961663
		*TM_ROW2 -0.957923	0.0849254	0.274175
		*TM_ROW3 -123.934	-139.203	117.473
		*TM_POS -123.934	-139.203	117.473
		*TM_ROTAXIS -0.481918	0.529675	0.697996
		*TM_ROTANGLE 1.99919
		*TM_SCALE 1	1	1
		*TM_SCALEAXIS 0	0	0
		*TM_SCALEAXISANG 0	0	0
	}
}
*HELPEROBJECT {
	*NODE_NAME "zs_RightHand"
	*NODE_PARENT "Bip01 R Hand"
	*NODE_TM {
		*NODE_NAME "zs_RightHand"
		*TM_ROW0 0.799425	-0.0321848	-0.599903
		*TM_ROW1 0.0513998	0.998567	0.0149217
		*TM_ROW2 0.598563	-0.0427637	0.799934
		*TM_ROW3 -252.12	-217.903	250.375
		*TM_POS -252.12	-217.903	250.375
		*TM_ROTAXIS -0.0479608	-0.996429	0.069494
		*TM_ROTANGLE 0.645228
		*TM_SCALE 1	1	1
		*TM_SCALEAXIS 0	0	0
		*TM_SCALEAXISANG 0	0	0
	}
}
*HELPEROBJECT {
	*NODE_NAME "zs_Crossbow"
	*NODE_PARENT "Bip01 Spine2"
	*NODE_TM {
		*NODE_NAME "zs_Crossbow"
		*TM_ROW0 -0.159934	-0.432624	0.887275
		*TM_ROW1 -0.987119	0.0738381	-0.141929
		*TM_ROW2 -0.00411285	-0.898546	-0.438861
		*TM_ROW3 -113.455	-32.1031	1496.78
		*TM_POS -113.455	-32.1031	1496.78
		*TM_ROTAXIS 0.584699	-0.688848	0.428503
		*TM_ROTANGLE 3.84525
		*TM_SCALE 1	1	1
		*TM_SCALEAXIS 0	0	0
		*TM_SCALEAXISANG 0	0	0
	}
}
*HELPEROBJECT {
	*NODE_NAME "zs_Longsword"
	*NODE_PARENT "Bip01 Spine2"
	*NODE_TM {
		*NODE_NAME "zs_Longsword"
		*TM_ROW0 -0.271166	-0.409096	0.871269
		*TM_ROW1 -0.961964	0.146292	-0.230702
		*TM_ROW2 -0.0330805	-0.900688	-0.433206
		*TM_ROW3 -256.887	-57.7219	1252.68
		*TM_POS -256.887	-57.7219	1252.68
		*TM_ROTAXIS 0.5343	-0.7212	0.440901
		*TM_ROTANGLE 3.81926
		*TM_SCALE 1	1	1
		*TM_SCALEAXIS 0	0	0
		*TM_SCALEAXISANG 0	0	0
	}
}
*HELPEROBJECT {
	*NODE_NAME "zs_Shield"
	*NODE_PARENT "Bip01 Spine2"
	*NODE_TM {
		*NODE_NAME "zs_Shield"
		*TM_ROW0 -0.268452	0.425938	-0.864008
		*TM_ROW1 -0.869989	0.277889	0.407304
		*TM_ROW2 0.413585	0.861019	0.295962
		*TM_ROW3 141.352	294.89	424.91
		*TM_POS 141.352	294.89	424.91
		*TM_ROTAXIS 0.241916	-0.681198	-0.690974
		*TM_ROTANGLE 1.92549
		*TM_SCALE 1	1	1
		*TM_SCALEAXIS 0	0	0
		*TM_SCALEAXISANG 0	0	0
	}
}
*HELPEROBJECT {
	*NODE_NAME "zs_Bow"
	*NODE_PARENT "Bip01 Spine2"
	*NODE_TM {
		*NODE_NAME "zs_Bow"
		*TM_ROW0 -0.0959174	-0.416576	0.904027
		*TM_ROW1 0.0144341	0.907537	0.419725
		*TM_ROW2 -0.995285	0.0533078	-0.0810357
		*TM_ROW3 -97.5347	408.629	293.459
		*TM_POS -97.5347	408.629	293.459
		*TM_ROTAXIS -0.184894	0.958391	0.217487
		*TM_ROTANGLE 1.70592
		*TM_SCALE 1	1	1
		*TM_SCALEAXIS 0	0	0
		*TM_SCALEAXISANG 0	0	0
	}
}
*HELPEROBJECT {
	*NODE_NAME "zs_Sword"
	*NODE_PARENT "Bip01 Spine"
	*NODE_TM {
		*NODE_NAME "zs_Sword"
		*TM_ROW0 0.187252	-0.669412	0.718905
		*TM_ROW1 -0.187331	0.694083	0.695094
		*TM_ROW2 -0.964284	-0.26483	0.0045669
		*TM_ROW3 188.633	52.6976	151.14
		*TM_POS 188.633	52.6976	151.14
		*TM_ROTAXIS -0.480745	0.842967	0.241434
		*TM_ROTANGLE 1.62788
		*TM_SCALE 1	1	1
		*TM_SCALEAXIS 0	0	0
		*TM_SCALEAXISANG 0	0	0
	}
}
*HELPEROBJECT {
	*NODE_NAME "Bip01 L Thigh"
	*NODE_PARENT "Bip01 Pelvis"
	*NODE_TM {
		*NODE_NAME "Bip01 L Thigh"
		*TM_ROW0 0.259023	-0.527561	-0.809065
		*TM_ROW1 0.160801	-0.802409	0.574702
		*TM_ROW2 -0.952392	-0.278959	-0.12301
		*TM_ROW3 -89.1977	-86.1598	93.0121
		*TM_POS -89.1977	-86.1598	93.0121
		*TM_ROTAXIS -0.771881	0.129596	0.622418
		*TM_ROTANGLE 2.55566
		*TM_SCALE 1	1	1
		*TM_SCALEAXIS 0	0	0
		*TM_SCALEAXISANG 0	0	0
	}
	*TM_ANIMATION {
		*NODE_NAME "Bip01 L Thigh"
		*CONTROL_POS_TRACK {
			*CONTROL_POS_SAMPLE 192	-13.6834	15.2817	93.0121
			*CONTROL_POS_SAMPLE 384	-17.0919	13.9446	91.6263
			*CONTROL_POS_SAMPLE 576	-19.2051	11.0789	90.5103
			*CONTROL_POS_SAMPLE 768	-21.2026	8.28018	89.6283
			*CONTROL_POS_SAMPLE 960	-23.1235	5.50622	88.9446
			*CONTROL_POS_SAMPLE 1152	-25.0069	2.71479	88.4236
			*CONTROL_POS_SAMPLE 1344	-26.8918	-0.136288	88.0296
			*CONTROL_POS_SAMPLE 1536	-28.8175	-3.08923	87.7267
			*CONTROL_POS_SAMPLE 1728	-30.8229	-6.18623	87.7429
			*CONTROL_POS_SAMPLE 1920	-32.9472	-9.4695	88.1804
			*CONTROL_POS_SAMPLE 2112	-35.2295	-12.9812	88.8154
			*CONTROL_POS_SAMPLE 2304	-37.709	-16.7636	89.424
			*CONTROL_POS_SAMPLE 2496	-40.6725	-21.3678	89.7823
			*CONTROL_POS_SAMPLE 2688	-44.2204	-26.9886	89.8072
			*CONTROL_POS_SAMPLE 2880	-48.1113	-33.1342	89.6379
			*CONTROL_POS_SAMPLE 3072	-52.104	-39.3129	89.3834
			*CONTROL_POS_SAMPLE 3264	-55.9572	-45.0326	89.1529
			*CONTROL_POS_SAMPLE 3456	-59.8427	-50.0404	88.923
			*CONTROL_POS_SAMPLE 3648	-63.6305	-54.0478	88.6897
			*CONTROL_POS_SAMPLE 3840	-67.0368	-56.6076	88.5861
			*CONTROL_POS_SAMPLE 4032	-70.297	-58.6421	88.614
			*CONTROL_POS_SAMPLE 4224	-73.4955	-61.6608	88.584
			*CONTROL_POS_SAMPLE 4416	-76.6715	-65.9937	88.6065
			*CONTROL_POS_SAMPLE 4608	-79.8164	-70.8226	88.792
			*CONTROL_POS_SAMPLE 4800	-82.9435	-75.935	89.2508
			*CONTROL_POS_SAMPLE 4992	-86.0662	-81.1183	90.8194
			*CONTROL_POS_SAMPLE 5184	-89.1977	-86.1598	93.0121
		}
		*CONTROL_ROT_TRACK {
			*CONTROL_ROT_SAMPLE 192	-0.7581	0.0686005	0.64852	2.52982
			*CONTROL_ROT_SAMPLE 384	-0.76833	0.0759593	0.635531	2.50313
			*CONTROL_ROT_SAMPLE 576	-0.782407	0.0795607	0.617665	2.50237
			*CONTROL_ROT_SAMPLE 768	-0.797446	0.0800061	0.598063	2.51879
			*CONTROL_ROT_SAMPLE 960	-0.809504	0.074773	0.582333	2.54146
			*CONTROL_ROT_SAMPLE 1152	-0.817964	0.0642285	0.571673	2.56561
			*CONTROL_ROT_SAMPLE 1344	-0.825206	0.0516976	0.56246	2.59606
			*CONTROL_ROT_SAMPLE 1536	-0.832731	0.0388468	0.552313	2.63197
			*CONTROL_ROT_SAMPLE 1728	-0.843743	0.0112417	0.536629	2.70244
			*CONTROL_ROT_SAMPLE 1920	-0.849443	0.00777184	0.527623	2.73752
			*CONTROL_ROT_SAMPLE 2112	-0.845512	0.0720839	0.529068	2.66223
			*CONTROL_ROT_SAMPLE 2304	-0.830058	0.149722	0.537204	2.56453
			*CONTROL_ROT_SAMPLE 2496	-0.806184	0.205498	0.554831	2.49628
			*CONTROL_ROT_SAMPLE 2688	-0.779875	0.237599	0.579087	2.46155
			*CONTROL_ROT_SAMPLE 2880	-0.750659	0.263037	0.606072	2.43739
			*CONTROL_ROT_SAMPLE 3072	-0.721341	0.279631	0.63362	2.42564
			*CONTROL_ROT_SAMPLE 3264	-0.694632	0.285462	0.660301	2.42891
			*CONTROL_ROT_SAMPLE 3456	0.674335	-0.280495	-0.683077	3.83436
			*CONTROL_ROT_SAMPLE 3648	0.661447	-0.26578	-0.70132	3.79875
			*CONTROL_ROT_SAMPLE 3840	0.65571	-0.240121	-0.715811	3.74278
			*CONTROL_ROT_SAMPLE 4032	0.659964	-0.215765	-0.719648	3.69205
			*CONTROL_ROT_SAMPLE 4224	0.670628	-0.225411	-0.706716	3.71751
			*CONTROL_ROT_SAMPLE 4416	-0.687189	0.24319	0.684566	2.51899
			*CONTROL_ROT_SAMPLE 4608	-0.708406	0.245164	0.661857	2.49742
			*CONTROL_ROT_SAMPLE 4800	-0.72924	0.230937	0.64411	2.49926
			*CONTROL_ROT_SAMPLE 4992	-0.750642	0.189587	0.632925	2.51936
			*CONTROL_ROT_SAMPLE 5184	-0.771881	0.129596	0.622418	2.55566
		}
	}
}
*HELPEROBJECT {
	*NODE_NAME "Bip01 L Calf"
	*NODE_PARENT "Bip01 L Thigh"
	*NODE_TM {
		*NODE_NAME "Bip01 L Calf"
		*TM_ROW0 0.0814728	0.155927	-0.984403
		*TM_ROW1 0.293789	-0.947559	-0.125776
		*TM_ROW2 -0.952392	-0.278959	-0.12301
		*TM_ROW3 -79.0065	-106.917	61.1795
		*TM_POS -79.0065	-106.917	61.1795
		*TM_ROTAXIS -0.734494	-0.153488	0.66103
		*TM_ROTANGLE 3.03712
		*TM_SCALE 1	1	1
		*TM_SCALEAXIS 0	0	0
		*TM_SCALEAXISANG 0	0	0
	}
	*TM_ANIMATION {
		*NODE_NAME "Bip01 L Calf"
		*CONTROL_POS_TRACK {
			*CONTROL_POS_SAMPLE 192	-4.76929	-3.09382	59.3833
			*CONTROL_POS_SAMPLE 384	-6.80869	-5.09755	58.768
			*CONTROL_POS_SAMPLE 576	-7.36646	-7.83366	58.1038
			*CONTROL_POS_SAMPLE 768	-7.81765	-9.99479	57.4587
			*CONTROL_POS_SAMPLE 960	-8.5334	-11.7801	56.7526
			*CONTROL_POS_SAMPLE 1152	-9.60251	-13.3364	55.9724
			*CONTROL_POS_SAMPLE 1344	-10.8297	-14.7323	55.2122
			*CONTROL_POS_SAMPLE 1536	-12.0629	-16.0743	54.5802
			*CONTROL_POS_SAMPLE 1728	-13.0728	-15.8741	53.9924
			*CONTROL_POS_SAMPLE 1920	-14.631	-18.1298	54.4531
			*CONTROL_POS_SAMPLE 2112	-17.0555	-27.1076	56.9067
			*CONTROL_POS_SAMPLE 2304	-20.8555	-37.2824	60.3903
			*CONTROL_POS_SAMPLE 2496	-26.1047	-46.223	62.9865
			*CONTROL_POS_SAMPLE 2688	-32.2767	-54.275	64.1009
			*CONTROL_POS_SAMPLE 2880	-39.0301	-62.262	64.7959
			*CONTROL_POS_SAMPLE 3072	-45.8702	-69.599	65.0543
			*CONTROL_POS_SAMPLE 3264	-52.3777	-75.7242	64.7966
			*CONTROL_POS_SAMPLE 3456	-58.4596	-80.3734	63.9028
			*CONTROL_POS_SAMPLE 3648	-63.9384	-83.2968	62.3759
			*CONTROL_POS_SAMPLE 3840	-68.616	-83.8411	60.2337
			*CONTROL_POS_SAMPLE 4032	-72.0879	-83.8304	58.4418
			*CONTROL_POS_SAMPLE 4224	-73.9581	-87.7398	59.1274
			*CONTROL_POS_SAMPLE 4416	-74.9605	-93.6171	60.6416
			*CONTROL_POS_SAMPLE 4608	-75.7437	-98.7581	61.387
			*CONTROL_POS_SAMPLE 4800	-76.7705	-103.048	61.4159
			*CONTROL_POS_SAMPLE 4992	-77.8532	-105.782	61.285
			*CONTROL_POS_SAMPLE 5184	-79.0065	-106.917	61.1795
		}
		*CONTROL_ROT_TRACK {
			*CONTROL_ROT_SAMPLE 192	-0.711109	-0.161475	0.684288	2.94985
			*CONTROL_ROT_SAMPLE 384	-0.711516	-0.186991	0.677332	2.97307
			*CONTROL_ROT_SAMPLE 576	-0.717086	-0.213841	0.66337	3.00768
			*CONTROL_ROT_SAMPLE 768	-0.727387	-0.233671	0.645218	3.03446
			*CONTROL_ROT_SAMPLE 960	-0.735666	-0.251057	0.629099	3.05669
			*CONTROL_ROT_SAMPLE 1152	-0.739898	-0.268449	0.616836	3.07782
			*CONTROL_ROT_SAMPLE 1344	-0.74439	-0.283192	0.604719	3.09873
			*CONTROL_ROT_SAMPLE 1536	-0.751378	-0.293821	0.590847	3.11642
			*CONTROL_ROT_SAMPLE 1728	-0.770318	-0.291441	0.567162	3.11992
			*CONTROL_ROT_SAMPLE 1920	-0.781471	-0.28615	0.554455	3.13034
			*CONTROL_ROT_SAMPLE 2112	-0.767184	-0.301819	0.56598	3.17233
			*CONTROL_ROT_SAMPLE 2304	-0.749004	-0.306045	0.587648	3.21403
			*CONTROL_ROT_SAMPLE 2496	-0.736234	-0.286292	0.613185	3.23753
			*CONTROL_ROT_SAMPLE 2688	-0.727511	-0.250974	0.638545	3.24329
			*CONTROL_ROT_SAMPLE 2880	-0.718335	-0.206666	0.664292	3.23761
			*CONTROL_ROT_SAMPLE 3072	-0.708128	-0.155908	0.688656	3.21489
			*CONTROL_ROT_SAMPLE 3264	0.696603	0.101085	-0.7103	3.11219
			*CONTROL_ROT_SAMPLE 3456	0.685512	0.0463404	-0.726585	3.17709
			*CONTROL_ROT_SAMPLE 3648	0.675851	-0.00631136	-0.737011	3.25928
			*CONTROL_ROT_SAMPLE 3840	0.668316	-0.0595336	-0.741491	3.35954
			*CONTROL_ROT_SAMPLE 4032	0.668904	-0.0930821	-0.737498	3.43274
			*CONTROL_ROT_SAMPLE 4224	0.680371	-0.0732247	-0.7292	3.40518
			*CONTROL_ROT_SAMPLE 4416	0.696664	-0.0224318	-0.717047	3.33061
			*CONTROL_ROT_SAMPLE 4608	-0.711882	-0.0305347	0.701635	3.01378
			*CONTROL_ROT_SAMPLE 4800	-0.722747	-0.0746743	0.687067	3.04929
			*CONTROL_ROT_SAMPLE 4992	-0.728576	-0.115991	0.675072	3.05403
			*CONTROL_ROT_SAMPLE 5184	-0.734494	-0.153488	0.66103	3.03712
		}
	}
}
*HELPEROBJECT {
	*NODE_NAME "Bip01 L Foot"
	*NODE_PARENT "Bip01 L Calf"
	*NODE_TM {
		*NODE_NAME "Bip01 L Foot"
		*TM_ROW0 0.0195879	0.00534473	-0.999794
		*TM_ROW1 0.448578	-0.893735	0.00401075
		*TM_ROW2 -0.893529	-0.448564	-0.0199039
		*TM_ROW3 -75.0064	-99.261	12.8477
		*TM_POS -75.0064	-99.261	12.8477
		*TM_ROTAXIS -0.704597	-0.16544	0.690053
		*TM_ROTANGLE 2.81464
		*TM_SCALE 1	1	1
		*TM_SCALEAXIS 0	0	0
		*TM_SCALEAXISANG 0	0	0
	}
	*TM_ANIMATION {
		*NODE_NAME "Bip01 L Foot"
		*CONTROL_POS_TRACK {
			*CONTROL_POS_SAMPLE 192	-3.76714	1.67567	10.5281
			*CONTROL_POS_SAMPLE 384	-5.85098	2.29667	10.2397
			*CONTROL_POS_SAMPLE 576	-5.7574	2.80804	10.2003
			*CONTROL_POS_SAMPLE 768	-4.82842	3.26034	10.2787
			*CONTROL_POS_SAMPLE 960	-4.40612	3.70416	10.3438
			*CONTROL_POS_SAMPLE 1152	-4.89812	4.2176	10.3621
			*CONTROL_POS_SAMPLE 1344	-5.49559	4.686	10.4343
			*CONTROL_POS_SAMPLE 1536	-5.71583	4.8708	10.6302
			*CONTROL_POS_SAMPLE 1728	-3.89764	5.56499	10.7863
			*CONTROL_POS_SAMPLE 1920	-3.75981	3.52143	11.7492
			*CONTROL_POS_SAMPLE 2112	-8.34868	-3.52166	14.7347
			*CONTROL_POS_SAMPLE 2304	-14.8084	-12.7147	18.3137
			*CONTROL_POS_SAMPLE 2496	-21.8732	-22.6894	20.1047
			*CONTROL_POS_SAMPLE 2688	-29.2829	-33.2094	19.8532
			*CONTROL_POS_SAMPLE 2880	-37.349	-44.5913	19.0193
			*CONTROL_POS_SAMPLE 3072	-45.6626	-56.2963	17.7935
			*CONTROL_POS_SAMPLE 3264	-53.8147	-67.7858	16.3663
			*CONTROL_POS_SAMPLE 3456	-61.3963	-78.5209	14.9281
			*CONTROL_POS_SAMPLE 3648	-67.9985	-87.9631	13.6694
			*CONTROL_POS_SAMPLE 3840	-73.2124	-95.5735	12.7805
			*CONTROL_POS_SAMPLE 4032	-76.1081	-100.209	12.3317
			*CONTROL_POS_SAMPLE 4224	-76.6898	-101.875	12.1881
			*CONTROL_POS_SAMPLE 4416	-75.95	-101.753	12.2328
			*CONTROL_POS_SAMPLE 4608	-74.8808	-101.023	12.3492
			*CONTROL_POS_SAMPLE 4800	-74.4747	-100.869	12.4203
			*CONTROL_POS_SAMPLE 4992	-74.7382	-100.398	12.583
			*CONTROL_POS_SAMPLE 5184	-75.0064	-99.261	12.8477
		}
		*CONTROL_ROT_TRACK {
			*CONTROL_ROT_SAMPLE 192	-0.704597	-0.16544	0.690053	2.81464
			*CONTROL_ROT_SAMPLE 384	-0.703692	-0.181853	0.686838	2.78292
			*CONTROL_ROT_SAMPLE 576	-0.703426	-0.186104	0.685972	2.77473
			*CONTROL_ROT_SAMPLE 768	-0.703511	-0.184769	0.686246	2.7773
			*CONTROL_ROT_SAMPLE 960	-0.703531	-0.184455	0.68631	2.77791
			*CONTROL_ROT_SAMPLE 1152	-0.703484	-0.185182	0.686161	2.77651
			*CONTROL_ROT_SAMPLE 1344	-0.703571	-0.183809	0.686442	2.77915
			*CONTROL_ROT_SAMPLE 1536	-0.703671	-0.182197	0.686769	2.78226
			*CONTROL_ROT_SAMPLE 1728	-0.70377	-0.180571	0.687097	2.78539
			*CONTROL_ROT_SAMPLE 1920	-0.70387	-0.178899	0.687432	2.78862
			*CONTROL_ROT_SAMPLE 2112	-0.703931	-0.177863	0.687638	2.79062
			*CONTROL_ROT_SAMPLE 2304	-0.703979	-0.177025	0.687805	2.79223
			*CONTROL_ROT_SAMPLE 2496	-0.704027	-0.176187	0.687971	2.79385
			*CONTROL_ROT_SAMPLE 2688	-0.70408	-0.175259	0.688154	2.79564
			*CONTROL_ROT_SAMPLE 2880	-0.704133	-0.1743	0.688343	2.7975
			*CONTROL_ROT_SAMPLE 3072	-0.704187	-0.173332	0.688532	2.79937
			*CONTROL_ROT_SAMPLE 3264	-0.704239	-0.17238	0.688718	2.80121
			*CONTROL_ROT_SAMPLE 3456	-0.704288	-0.171468	0.688896	2.80297
			*CONTROL_ROT_SAMPLE 3648	-0.704333	-0.170619	0.68906	2.80461
			*CONTROL_ROT_SAMPLE 3840	-0.704373	-0.169858	0.689208	2.80608
			*CONTROL_ROT_SAMPLE 4032	-0.704403	-0.169276	0.68932	2.80721
			*CONTROL_ROT_SAMPLE 4224	-0.704424	-0.168876	0.689397	2.80798
			*CONTROL_ROT_SAMPLE 4416	-0.704441	-0.168548	0.68946	2.80862
			*CONTROL_ROT_SAMPLE 4608	-0.704459	-0.16818	0.68953	2.80933
			*CONTROL_ROT_SAMPLE 4800	-0.704486	-0.167662	0.68963	2.81034
			*CONTROL_ROT_SAMPLE 4992	-0.704536	-0.16667	0.689819	2.81226
			*CONTROL_ROT_SAMPLE 5184	-0.704597	-0.16544	0.690053	2.81464
		}
	}
}
*HELPEROBJECT {
	*NODE_NAME "Bip01 L Toe0"
	*NODE_PARENT "Bip01 L Foot"
	*NODE_TM {
		*NODE_NAME "Bip01 L Toe0"
		*TM_ROW0 0.448584	-0.893732	0.00393956
		*TM_ROW1 -0.0195529	-0.00540697	0.999794
		*TM_ROW2 -0.893527	-0.448569	-0.0199005
		*TM_ROW3 -64.6015	-119.431	0.314338
		*TM_POS -64.6015	-119.431	0.314338
		*TM_ROTAXIS -0.756308	0.46864	0.45648
		*TM_ROTANGLE 1.86331
		*TM_SCALE 1	1	1
		*TM_SCALEAXIS 0	0	0
		*TM_SCALEAXISANG 0	0	0
	}
	*TM_ANIMATION {
		*NODE_NAME "Bip01 L Toe0"
		*CONTROL_POS_TRACK {
			*CONTROL_POS_SAMPLE 192	6.63771	-18.4944	-2.00521
			*CONTROL_POS_SAMPLE 384	5.50347	-17.3716	-2.26669
			*CONTROL_POS_SAMPLE 576	5.83874	-16.7235	-2.29862
			*CONTROL_POS_SAMPLE 768	6.69201	-16.3145	-2.2226
			*CONTROL_POS_SAMPLE 960	7.09647	-15.8808	-2.15812
			*CONTROL_POS_SAMPLE 1152	6.64576	-15.3439	-2.13854
			*CONTROL_POS_SAMPLE 1344	5.9703	-14.9197	-2.06873
			*CONTROL_POS_SAMPLE 1536	5.65824	-14.7866	-1.87559
			*CONTROL_POS_SAMPLE 1728	7.38354	-14.144	-1.72234
			*CONTROL_POS_SAMPLE 1920	7.42563	-16.2403	-0.762275
			*CONTROL_POS_SAMPLE 2112	2.77728	-23.3158	2.22147
			*CONTROL_POS_SAMPLE 2304	-3.73063	-32.5349	5.79907
			*CONTROL_POS_SAMPLE 2496	-10.8436	-42.5357	7.58866
			*CONTROL_POS_SAMPLE 2688	-18.3069	-53.0843	7.33559
			*CONTROL_POS_SAMPLE 2880	-26.4284	-64.4957	6.50012
			*CONTROL_POS_SAMPLE 3072	-34.798	-76.2304	5.27275
			*CONTROL_POS_SAMPLE 3264	-43.0052	-87.7488	3.84396
			*CONTROL_POS_SAMPLE 3456	-50.6397	-98.5116	2.40429
			*CONTROL_POS_SAMPLE 3648	-57.2912	-107.979	1.14419
			*CONTROL_POS_SAMPLE 3840	-62.5495	-115.613	0.254145
			*CONTROL_POS_SAMPLE 4032	-65.4791	-120.266	-0.19562
			*CONTROL_POS_SAMPLE 4224	-66.0841	-121.944	-0.339876
			*CONTROL_POS_SAMPLE 4416	-65.3633	-121.831	-0.295623
			*CONTROL_POS_SAMPLE 4608	-64.3156	-121.113	-0.179864
			*CONTROL_POS_SAMPLE 4800	-63.9399	-120.974	-0.109536
			*CONTROL_POS_SAMPLE 4992	-64.2613	-120.532	0.0515671
			*CONTROL_POS_SAMPLE 5184	-64.6015	-119.431	0.314338
		}
		*CONTROL_ROT_TRACK {
			*CONTROL_ROT_SAMPLE 192	-0.756308	0.46864	0.45648	1.86331
			*CONTROL_ROT_SAMPLE 384	-0.773096	0.455534	0.441374	1.84457
			*CONTROL_ROT_SAMPLE 576	-0.777389	0.452065	0.437384	1.83984
			*CONTROL_ROT_SAMPLE 768	-0.776043	0.453158	0.43864	1.84132
			*CONTROL_ROT_SAMPLE 960	-0.775726	0.453414	0.438935	1.84167
			*CONTROL_ROT_SAMPLE 1152	-0.77646	0.452819	0.438252	1.84086
			*CONTROL_ROT_SAMPLE 1344	-0.775074	0.453942	0.439542	1.84239
			*CONTROL_ROT_SAMPLE 1536	-0.773444	0.455255	0.441052	1.84419
			*CONTROL_ROT_SAMPLE 1728	-0.771797	0.456575	0.442571	1.84601
			*CONTROL_ROT_SAMPLE 1920	-0.770099	0.457927	0.444128	1.84789
			*CONTROL_ROT_SAMPLE 2112	-0.769045	0.458763	0.44509	1.84906
			*CONTROL_ROT_SAMPLE 2304	-0.768193	0.459438	0.445867	1.85001
			*CONTROL_ROT_SAMPLE 2496	-0.767338	0.460111	0.446642	1.85096
			*CONTROL_ROT_SAMPLE 2688	-0.766391	0.460856	0.4475	1.85202
			*CONTROL_ROT_SAMPLE 2880	-0.765411	0.461624	0.448385	1.85311
			*CONTROL_ROT_SAMPLE 3072	-0.764422	0.462397	0.449276	1.85421
			*CONTROL_ROT_SAMPLE 3264	-0.763447	0.463155	0.450151	1.8553
			*CONTROL_ROT_SAMPLE 3456	-0.762512	0.463881	0.450987	1.85635
			*CONTROL_ROT_SAMPLE 3648	-0.761641	0.464555	0.451765	1.85732
			*CONTROL_ROT_SAMPLE 3840	-0.760859	0.465158	0.452461	1.8582
			*CONTROL_ROT_SAMPLE 4032	-0.760261	0.465619	0.452993	1.85887
			*CONTROL_ROT_SAMPLE 4224	-0.75985	0.465935	0.453357	1.85933
			*CONTROL_ROT_SAMPLE 4416	-0.759513	0.466194	0.453656	1.85971
			*CONTROL_ROT_SAMPLE 4608	-0.759134	0.466484	0.453991	1.86013
			*CONTROL_ROT_SAMPLE 4800	-0.7586	0.466893	0.454463	1.86073
			*CONTROL_ROT_SAMPLE 4992	-0.757578	0.467674	0.455364	1.86188
			*CONTROL_ROT_SAMPLE 5184	-0.756308	0.46864	0.45648	1.86331
		}
	}
}
*HELPEROBJECT {
	*NODE_NAME "Bip01 R Thigh"
	*NODE_PARENT "Bip01 Pelvis"
	*NODE_TM {
		*NODE_NAME "Bip01 R Thigh"
		*TM_ROW0 -0.517089	-0.0784791	-0.852326
		*TM_ROW1 -0.775949	-0.377328	0.505495
		*TM_ROW2 -0.361278	0.922748	0.134217
		*TM_ROW3 -106.565	-90.9651	92.9369
		*TM_POS -106.565	-90.9651	92.9369
		*TM_ROTAXIS 0.43941	-0.517124	-0.734508
		*TM_ROTANGLE 2.64687
		*TM_SCALE 1	1	1
		*TM_SCALEAXIS 0	0	0
		*TM_SCALEAXISANG 0	0	0
	}
	*TM_ANIMATION {
		*NODE_NAME "Bip01 R Thigh"
		*CONTROL_POS_TRACK {
			*CONTROL_POS_SAMPLE 192	-31.0512	10.4764	92.9369
			*CONTROL_POS_SAMPLE 384	-34.4597	9.1393	91.5512
			*CONTROL_POS_SAMPLE 576	-36.5729	6.27363	90.4351
			*CONTROL_POS_SAMPLE 768	-38.5704	3.47491	89.5532
			*CONTROL_POS_SAMPLE 960	-40.4913	0.700948	88.8695
			*CONTROL_POS_SAMPLE 1152	-42.3747	-2.09048	88.3485
			*CONTROL_POS_SAMPLE 1344	-44.2596	-4.94156	87.9544
			*CONTROL_POS_SAMPLE 1536	-46.1852	-7.8945	87.6516
			*CONTROL_POS_SAMPLE 1728	-48.1907	-10.9915	87.6677
			*CONTROL_POS_SAMPLE 1920	-50.315	-14.2748	88.1053
			*CONTROL_POS_SAMPLE 2112	-52.5973	-17.7865	88.7403
			*CONTROL_POS_SAMPLE 2304	-55.0767	-21.5689	89.3489
			*CONTROL_POS_SAMPLE 2496	-58.0403	-26.173	89.7071
			*CONTROL_POS_SAMPLE 2688	-61.5882	-31.7939	89.7321
			*CONTROL_POS_SAMPLE 2880	-65.4791	-37.9395	89.5628
			*CONTROL_POS_SAMPLE 3072	-69.4718	-44.1181	89.3083
			*CONTROL_POS_SAMPLE 3264	-73.325	-49.8378	89.0778
			*CONTROL_POS_SAMPLE 3456	-77.2105	-54.8456	88.8479
			*CONTROL_POS_SAMPLE 3648	-80.9983	-58.8531	88.6145
			*CONTROL_POS_SAMPLE 3840	-84.4046	-61.4129	88.511
			*CONTROL_POS_SAMPLE 4032	-87.6648	-63.4474	88.5388
			*CONTROL_POS_SAMPLE 4224	-90.8633	-66.4661	88.5088
			*CONTROL_POS_SAMPLE 4416	-94.0393	-70.799	88.5314
			*CONTROL_POS_SAMPLE 4608	-97.1841	-75.6279	88.7169
			*CONTROL_POS_SAMPLE 4800	-100.311	-80.7403	89.1757
			*CONTROL_POS_SAMPLE 4992	-103.434	-85.9236	90.7442
			*CONTROL_POS_SAMPLE 5184	-106.565	-90.9651	92.9369
		}
		*CONTROL_ROT_TRACK {
			*CONTROL_ROT_SAMPLE 192	0.601949	-0.236185	-0.762807	3.08469
			*CONTROL_ROT_SAMPLE 384	0.553679	-0.307347	-0.773936	3.07739
			*CONTROL_ROT_SAMPLE 576	0.520855	-0.356663	-0.775566	3.12725
			*CONTROL_ROT_SAMPLE 768	0.502499	-0.398674	-0.767173	3.1989
			*CONTROL_ROT_SAMPLE 960	0.48888	-0.436171	-0.755481	3.25171
			*CONTROL_ROT_SAMPLE 1152	0.479545	-0.469516	-0.741344	3.27838
			*CONTROL_ROT_SAMPLE 1344	0.481591	-0.496286	-0.722336	3.2895
			*CONTROL_ROT_SAMPLE 1536	0.494504	-0.513099	-0.701566	3.27492
			*CONTROL_ROT_SAMPLE 1728	0.519212	-0.515824	-0.681428	3.22514
			*CONTROL_ROT_SAMPLE 1920	0.556468	-0.50097	-0.662851	3.13499
			*CONTROL_ROT_SAMPLE 2112	0.564085	-0.502494	-0.655217	3.08658
			*CONTROL_ROT_SAMPLE 2304	0.555965	-0.513252	-0.653815	3.06674
			*CONTROL_ROT_SAMPLE 2496	0.546742	-0.522055	-0.654623	3.04307
			*CONTROL_ROT_SAMPLE 2688	0.537838	-0.526525	-0.658408	3.00963
			*CONTROL_ROT_SAMPLE 2880	0.532785	-0.52378	-0.664676	2.9594
			*CONTROL_ROT_SAMPLE 3072	0.532394	-0.5142	-0.672424	2.89282
			*CONTROL_ROT_SAMPLE 3264	0.535881	-0.50017	-0.680193	2.8144
			*CONTROL_ROT_SAMPLE 3456	0.542612	-0.484595	-0.686104	2.72834
			*CONTROL_ROT_SAMPLE 3648	0.550562	-0.470868	-0.689322	2.6407
			*CONTROL_ROT_SAMPLE 3840	0.557919	-0.461005	-0.690073	2.51733
			*CONTROL_ROT_SAMPLE 4032	0.548757	-0.459119	-0.698624	2.44424
			*CONTROL_ROT_SAMPLE 4224	0.514711	-0.456943	-0.725448	2.47985
			*CONTROL_ROT_SAMPLE 4416	0.476622	-0.441406	-0.760258	2.52703
			*CONTROL_ROT_SAMPLE 4608	0.441577	-0.424928	-0.790219	2.57307
			*CONTROL_ROT_SAMPLE 4800	0.414511	-0.420883	-0.806869	2.61289
			*CONTROL_ROT_SAMPLE 4992	0.409746	-0.465332	-0.784585	2.66109
			*CONTROL_ROT_SAMPLE 5184	0.43941	-0.517124	-0.734508	2.64687
		}
	}
}
*HELPEROBJECT {
	*NODE_NAME "Bip01 R Calf"
	*NODE_PARENT "Bip01 R Thigh"
	*NODE_TM {
		*NODE_NAME "Bip01 R Calf"
		*TM_ROW0 0.164443	0.204732	-0.964906
		*TM_ROW1 -0.917844	-0.326528	-0.225705
		*TM_ROW2 -0.361278	0.922748	0.134217
		*TM_ROW3 -126.91	-94.0528	59.4023
		*TM_POS -126.91	-94.0528	59.4023
		*TM_ROTAXIS -0.669395	0.351834	0.654311
		*TM_ROTANGLE 4.17262
		*TM_SCALE 1	1	1
		*TM_SCALEAXIS 0	0	0
		*TM_SCALEAXISANG 0	0	0
	}
	*TM_ANIMATION {
		*NODE_NAME "Bip01 R Calf"
		*CONTROL_POS_TRACK {
			*CONTROL_POS_SAMPLE 192	-41.8429	1.00488	56.3057
			*CONTROL_POS_SAMPLE 384	-49.6252	-2.28404	57.0906
			*CONTROL_POS_SAMPLE 576	-54.5671	-7.90624	58.4483
			*CONTROL_POS_SAMPLE 768	-57.9975	-14.0052	60.1414
			*CONTROL_POS_SAMPLE 960	-60.8477	-19.2942	61.7802
			*CONTROL_POS_SAMPLE 1152	-63.3408	-23.7024	63.0233
			*CONTROL_POS_SAMPLE 1344	-65.024	-27.8344	63.6075
			*CONTROL_POS_SAMPLE 1536	-66.0239	-31.4411	63.1567
			*CONTROL_POS_SAMPLE 1728	-66.222	-34.2668	61.5689
			*CONTROL_POS_SAMPLE 1920	-65.2924	-36.0389	58.9502
			*CONTROL_POS_SAMPLE 2112	-66.8632	-38.6567	58.5917
			*CONTROL_POS_SAMPLE 2304	-70.0227	-42.0678	59.2751
			*CONTROL_POS_SAMPLE 2496	-73.7289	-46.0453	59.5911
			*CONTROL_POS_SAMPLE 2688	-77.9273	-50.5722	59.2621
			*CONTROL_POS_SAMPLE 2880	-82.0207	-54.9788	58.1932
			*CONTROL_POS_SAMPLE 3072	-85.6446	-58.8144	56.5901
			*CONTROL_POS_SAMPLE 3264	-88.5848	-61.7688	54.8315
			*CONTROL_POS_SAMPLE 3456	-91.05	-63.8253	53.1288
			*CONTROL_POS_SAMPLE 3648	-93.1225	-64.976	51.6886
			*CONTROL_POS_SAMPLE 3840	-94.1447	-63.8739	50.4704
			*CONTROL_POS_SAMPLE 4032	-96.8941	-63.3065	50.292
			*CONTROL_POS_SAMPLE 4224	-103.256	-65.4809	51.1798
			*CONTROL_POS_SAMPLE 4416	-109.945	-68.592	52.6125
			*CONTROL_POS_SAMPLE 4608	-116.203	-72.4927	54.4171
			*CONTROL_POS_SAMPLE 4800	-121.687	-77.5181	56.3013
			*CONTROL_POS_SAMPLE 4992	-125.86	-85.809	58.4167
			*CONTROL_POS_SAMPLE 5184	-126.91	-94.0528	59.4023
		}
		*CONTROL_ROT_TRACK {
			*CONTROL_ROT_SAMPLE 192	0.674531	-0.0172562	-0.738045	2.5594
			*CONTROL_ROT_SAMPLE 384	0.674124	-0.0518469	-0.736796	2.42297
			*CONTROL_ROT_SAMPLE 576	0.682971	-0.0572216	-0.728201	2.34151
			*CONTROL_ROT_SAMPLE 768	0.698029	-0.057023	-0.713796	2.31352
			*CONTROL_ROT_SAMPLE 960	-0.708642	0.0741125	0.701665	3.95648
			*CONTROL_ROT_SAMPLE 1152	-0.712624	0.112933	0.692397	3.90525
			*CONTROL_ROT_SAMPLE 1344	-0.713271	0.160769	0.682201	3.81878
			*CONTROL_ROT_SAMPLE 1536	-0.709306	0.215457	0.671166	3.71526
			*CONTROL_ROT_SAMPLE 1728	-0.698916	0.276099	0.659762	3.60669
			*CONTROL_ROT_SAMPLE 1920	-0.679575	0.342185	0.648912	3.49899
