*3DSMAX_ASCIIEXPORT	110
*COMMENT "This file is part of Gothic Free Aim Copyright (C) 2016-2018  mud-freak (@szapp)"
*COMMENT "<http://github.com/szapp/GothicFreeAim>"
*COMMENT "Animations: second iteration"
*SCENE {
	*SCENE_FILENAME "magIK_LIN_left.max"
	*SCENE_FIRSTFRAME 1
	*SCENE_LASTFRAME 26
	*SCENE_FRAMESPEED 25
	*SCENE_TICKSPERFRAME 192
	*SCENE_BACKGROUND_STATIC 0	0	0
	*SCENE_AMBIENT_STATIC 0.2	0.2	0.2
}
*HELPEROBJECT {
	*NODE_NAME "Bip01"
	*NODE_TM {
		*NODE_NAME "Bip01"
		*TM_ROW0 0.566888	-0.708609	-0.420132
		*TM_ROW1 0.780815	0.624762	-0.000184667
		*TM_ROW2 0.262614	-0.327941	0.907463
		*TM_ROW3 -20.6701	11.9132	92.3788
		*TM_POS -20.6701	11.9132	92.3788
		*TM_ROTAXIS -0.196154	-0.408606	0.891384
		*TM_ROTANGLE 0.988963
		*TM_SCALE 1	1	1
		*TM_SCALEAXIS 0	0	0
		*TM_SCALEAXISANG 0	0	0
	}
	*TM_ANIMATION {
		*NODE_NAME "Bip01"
		*CONTROL_POS_TRACK {
			*CONTROL_POS_SAMPLE 192	-20.6701	11.9132	92.3788
			*CONTROL_POS_SAMPLE 384	-19.645	13.3472	91.5133
			*CONTROL_POS_SAMPLE 576	-17.8741	14.1872	91.5498
			*CONTROL_POS_SAMPLE 768	-15.4947	14.5376	91.8204
			*CONTROL_POS_SAMPLE 960	-12.644	14.5027	91.6572
			*CONTROL_POS_SAMPLE 1152	-9.4593	14.1868	90.935
			*CONTROL_POS_SAMPLE 1344	-6.0778	13.6944	90.0314
			*CONTROL_POS_SAMPLE 1536	-2.63681	13.1298	89.0329
			*CONTROL_POS_SAMPLE 1728	0.726436	12.5973	88.0259
			*CONTROL_POS_SAMPLE 1920	3.87467	12.2013	87.0969
			*CONTROL_POS_SAMPLE 2112	6.67063	12.0461	86.3325
			*CONTROL_POS_SAMPLE 2304	7.6447	11.9132	87.0925
			*CONTROL_POS_SAMPLE 2496	13.0317	11.9014	87.9427
			*CONTROL_POS_SAMPLE 2688	18.7386	11.8955	88.8296
			*CONTROL_POS_SAMPLE 2880	24.6524	11.8942	89.7102
			*CONTROL_POS_SAMPLE 3072	30.6603	11.8961	90.5393
			*CONTROL_POS_SAMPLE 3264	36.6495	11.8999	91.2686
			*CONTROL_POS_SAMPLE 3456	42.5071	11.9042	91.7963
			*CONTROL_POS_SAMPLE 3648	48.1202	11.9078	92.1243
			*CONTROL_POS_SAMPLE 3840	53.3759	11.9093	92.3611
			*CONTROL_POS_SAMPLE 4032	55.9635	11.9111	92.5423
			*CONTROL_POS_SAMPLE 4224	58.0397	11.9132	92.3947
			*CONTROL_POS_SAMPLE 4416	62.6549	11.9135	91.7053
			*CONTROL_POS_SAMPLE 4608	68.0189	11.9134	90.8141
			*CONTROL_POS_SAMPLE 4800	73.4604	11.9132	90.1748
			*CONTROL_POS_SAMPLE 4992	79.0652	11.9132	90.9464
		}
		*CONTROL_ROT_TRACK {
			*CONTROL_ROT_SAMPLE 192	-0.196154	-0.408606	0.891384	0.988963
			*CONTROL_ROT_SAMPLE 384	-0.198533	-0.407217	0.891493	0.98949
			*CONTROL_ROT_SAMPLE 576	-0.201218	-0.405644	0.891608	0.990093
			*CONTROL_ROT_SAMPLE 768	-0.203743	-0.40416	0.891708	0.990669
			*CONTROL_ROT_SAMPLE 960	-0.205649	-0.403037	0.891779	0.991109
			*CONTROL_ROT_SAMPLE 1152	-0.206475	-0.402549	0.891808	0.991301
			*CONTROL_ROT_SAMPLE 1344	-0.205916	-0.402732	0.891855	0.991231
			*CONTROL_ROT_SAMPLE 1536	-0.204276	-0.403403	0.891929	0.990971
			*CONTROL_ROT_SAMPLE 1728	-0.202019	-0.40451	0.891942	0.990543
			*CONTROL_ROT_SAMPLE 1920	-0.199607	-0.405998	0.891809	0.989968
			*CONTROL_ROT_SAMPLE 2112	-0.197504	-0.407818	0.891446	0.989261
			*CONTROL_ROT_SAMPLE 2304	-0.195168	-0.410995	0.890501	0.988023
			*CONTROL_ROT_SAMPLE 2496	-0.192462	-0.415362	0.889063	0.986336
			*CONTROL_ROT_SAMPLE 2688	-0.190475	-0.419077	0.887747	0.984915
			*CONTROL_ROT_SAMPLE 2880	-0.190313	-0.420294	0.887206	0.984445
			*CONTROL_ROT_SAMPLE 3072	-0.192275	-0.418561	0.887602	0.985087
			*CONTROL_ROT_SAMPLE 3264	-0.19554	-0.415138	0.888496	0.98638
			*CONTROL_ROT_SAMPLE 3456	-0.199535	-0.410748	0.889647	0.988067
			*CONTROL_ROT_SAMPLE 3648	-0.203693	-0.406116	0.890831	0.98988
			*CONTROL_ROT_SAMPLE 3840	-0.207463	-0.401966	0.891842	0.991533
			*CONTROL_ROT_SAMPLE 4032	-0.207463	-0.401966	0.891842	0.991533
			*CONTROL_ROT_SAMPLE 4224	-0.207463	-0.401966	0.891842	0.991533
			*CONTROL_ROT_SAMPLE 4416	-0.207463	-0.401966	0.891842	0.991533
			*CONTROL_ROT_SAMPLE 4608	-0.207463	-0.401966	0.891842	0.991533
			*CONTROL_ROT_SAMPLE 4800	-0.207463	-0.401966	0.891842	0.991533
			*CONTROL_ROT_SAMPLE 4992	-0.207463	-0.401966	0.891842	0.991533
		}
	}
}
*HELPEROBJECT {
	*NODE_NAME "Bip01 Footsteps"
	*NODE_PARENT "Bip01"
	*NODE_TM {
		*NODE_NAME "Bip01 Footsteps"
		*TM_ROW0 1	0	0
		*TM_ROW1 0	1	0
		*TM_ROW2 0	0	1
		*TM_ROW3 -20.6701	11.9132	-1.76368
		*TM_POS -20.6701	11.9132	-1.76368
		*TM_ROTAXIS 0	0	0
		*TM_ROTANGLE 0
		*TM_SCALE 1	1	1
		*TM_SCALEAXIS 0	0	0
		*TM_SCALEAXISANG 0	0	0
	}
}
*HELPEROBJECT {
	*NODE_NAME "Bip01 Pelvis"
	*NODE_PARENT "Bip01"
	*NODE_TM {
		*NODE_NAME "Bip01 Pelvis"
		*TM_ROW0 0.259353	-0.330545	0.907456
		*TM_ROW1 0.566889	-0.708608	-0.420132
		*TM_ROW2 0.781903	0.623389	0.00360301
		*TM_ROW3 -22.5488	12.0573	92.9745
		*TM_POS -22.5488	12.0573	92.9745
		*TM_ROTAXIS -0.755048	-0.0908445	-0.649346
		*TM_ROTANGLE 3.90451
		*TM_SCALE 1	1	1
		*TM_SCALEAXIS 0	0	0
		*TM_SCALEAXISANG 0	0	0
	}
	*TM_ANIMATION {
		*NODE_NAME "Bip01 Pelvis"
		*CONTROL_POS_TRACK {
			*CONTROL_POS_SAMPLE 192	-22.5488	12.0573	92.9745
			*CONTROL_POS_SAMPLE 384	-21.5246	13.4925	92.1057
			*CONTROL_POS_SAMPLE 576	-19.7548	14.3339	92.1385
			*CONTROL_POS_SAMPLE 768	-17.3764	14.6856	92.4055
			*CONTROL_POS_SAMPLE 960	-14.5265	14.6516	92.2396
			*CONTROL_POS_SAMPLE 1152	-11.3421	14.3362	91.5162
			*CONTROL_POS_SAMPLE 1344	-7.9604	13.8438	90.6132
			*CONTROL_POS_SAMPLE 1536	-4.51882	13.2788	89.6166
			*CONTROL_POS_SAMPLE 1728	-1.15474	12.7456	88.6126
			*CONTROL_POS_SAMPLE 1920	1.99448	12.3482	87.6871
			*CONTROL_POS_SAMPLE 2112	4.79143	12.1908	86.9264
			*CONTROL_POS_SAMPLE 2304	5.76692	12.0535	87.6918
			*CONTROL_POS_SAMPLE 2496	11.1558	12.0354	88.5493
			*CONTROL_POS_SAMPLE 2688	16.8642	12.0239	89.4422
			*CONTROL_POS_SAMPLE 2880	22.7784	12.0204	90.3244
			*CONTROL_POS_SAMPLE 3072	28.7853	12.0244	91.15
			*CONTROL_POS_SAMPLE 3264	34.7727	12.0326	91.8728
			*CONTROL_POS_SAMPLE 3456	40.6281	12.0426	92.3924
			*CONTROL_POS_SAMPLE 3648	46.239	12.0523	92.7119
			*CONTROL_POS_SAMPLE 3840	51.4928	12.0592	92.9409
			*CONTROL_POS_SAMPLE 4032	54.0803	12.061	93.1221
			*CONTROL_POS_SAMPLE 4224	56.1565	12.0631	92.9745
			*CONTROL_POS_SAMPLE 4416	60.7717	12.0635	92.2851
			*CONTROL_POS_SAMPLE 4608	66.1358	12.0633	91.3939
			*CONTROL_POS_SAMPLE 4800	71.5773	12.0631	90.7546
			*CONTROL_POS_SAMPLE 4992	77.182	12.0631	91.5262
		}
		*CONTROL_ROT_TRACK {
			*CONTROL_ROT_SAMPLE 192	-0.755048	-0.0908445	-0.649346	3.90451
			*CONTROL_ROT_SAMPLE 384	-0.754217	-0.0903132	-0.650385	3.90475
			*CONTROL_ROT_SAMPLE 576	-0.753276	-0.0897124	-0.651558	3.90502
			*CONTROL_ROT_SAMPLE 768	-0.752387	-0.089146	-0.652662	3.90527
			*CONTROL_ROT_SAMPLE 960	-0.751714	-0.0887178	-0.653495	3.90546
			*CONTROL_ROT_SAMPLE 1152	-0.751421	-0.0885318	-0.653857	3.90555
			*CONTROL_ROT_SAMPLE 1344	-0.751586	-0.0886473	-0.653651	3.90536
			*CONTROL_ROT_SAMPLE 1536	-0.752099	-0.088995	-0.653014	3.90493
			*CONTROL_ROT_SAMPLE 1728	-0.752845	-0.0894859	-0.652086	3.9045
			*CONTROL_ROT_SAMPLE 1920	-0.753709	-0.0900314	-0.651012	3.90432
			*CONTROL_ROT_SAMPLE 2112	-0.754577	-0.090543	-0.649935	3.90464
			*CONTROL_ROT_SAMPLE 2304	-0.755794	-0.0911914	-0.648428	3.90604
			*CONTROL_ROT_SAMPLE 2496	-0.757351	-0.0919884	-0.646496	3.90829
			*CONTROL_ROT_SAMPLE 2688	-0.758601	-0.0926073	-0.64494	3.91039
			*CONTROL_ROT_SAMPLE 2880	-0.758904	-0.092721	-0.644567	3.91139
			*CONTROL_ROT_SAMPLE 3072	-0.758097	-0.0922449	-0.645584	3.91105
			*CONTROL_ROT_SAMPLE 3264	-0.756631	-0.0914136	-0.64742	3.91001
			*CONTROL_ROT_SAMPLE 3456	-0.754784	-0.0903791	-0.649717	3.90856
			*CONTROL_ROT_SAMPLE 3648	-0.752836	-0.0892936	-0.652123	3.90701
			*CONTROL_ROT_SAMPLE 3840	-0.751071	-0.0883094	-0.654289	3.90565
			*CONTROL_ROT_SAMPLE 4032	-0.751071	-0.0883094	-0.654289	3.90565
			*CONTROL_ROT_SAMPLE 4224	-0.751071	-0.0883094	-0.654289	3.90565
			*CONTROL_ROT_SAMPLE 4416	-0.751071	-0.0883094	-0.654289	3.90565
			*CONTROL_ROT_SAMPLE 4608	-0.751071	-0.0883094	-0.654289	3.90565
			*CONTROL_ROT_SAMPLE 4800	-0.751071	-0.0883094	-0.654289	3.90565
			*CONTROL_ROT_SAMPLE 4992	-0.751071	-0.0883094	-0.654289	3.90565
		}
	}
}
*HELPEROBJECT {
	*NODE_NAME "Bip01 Spine"
	*NODE_PARENT "Bip01 Pelvis"
	*NODE_TM {
		*NODE_NAME "Bip01 Spine"
		*TM_ROW0 0.306678	-0.372454	0.875915
		*TM_ROW1 0.545331	-0.685486	-0.482414
		*TM_ROW2 0.780104	0.625609	-0.00711302
		*TM_ROW3 -21.9688	11.3331	95.1906
		*TM_POS -21.9688	11.3331	95.1906
		*TM_ROTAXIS -0.768419	-0.0664451	-0.636488
		*TM_ROTANGLE 3.9468
		*TM_SCALE 1	1	1
		*TM_SCALEAXIS 0	0	0
		*TM_SCALEAXISANG 0	0	0
	}
}
*HELPEROBJECT {
	*NODE_NAME "Bip01 Spine1"
	*NODE_PARENT "Bip01 Spine"
	*NODE_TM {
		*NODE_NAME "Bip01 Spine1"
		*TM_ROW0 0.304796	-0.396862	0.865795
		*TM_ROW1 0.525021	-0.688444	-0.500398
		*TM_ROW2 0.79464	0.60708	-0.00147449
		*TM_ROW3 -18.9603	7.67995	103.804
		*TM_POS -18.9603	7.67995	103.804
		*TM_ROTAXIS -0.767632	-0.04932	-0.63899
		*TM_ROTANGLE 3.94736
		*TM_SCALE 1	1	1
		*TM_SCALEAXIS 0	0	0
		*TM_SCALEAXISANG 0	0	0
	}
}
*HELPEROBJECT {
	*NODE_NAME "Bip01 Spine2"
	*NODE_PARENT "Bip01 Spine1"
	*NODE_TM {
		*NODE_NAME "Bip01 Spine2"
		*TM_ROW0 0.406874	-0.190067	0.893492
		*TM_ROW1 0.415275	-0.832713	-0.366244
		*TM_ROW2 0.813634	0.52006	-0.259879
		*TM_ROW3 -15.0719	2.62404	114.886
		*TM_POS -15.0719	2.62404	114.886
		*TM_ROTAXIS -0.823498	-0.0741992	-0.562446
		*TM_ROTANGLE 3.70981
		*TM_SCALE 1	1	1
		*TM_SCALEAXIS 0	0	0
		*TM_SCALEAXISANG 0	0	0
	}
}
*HELPEROBJECT {
	*NODE_NAME "Bip01 Neck"
	*NODE_PARENT "Bip01 Spine2"
	*NODE_TM {
		*NODE_NAME "Bip01 Neck"
		*TM_ROW0 0.492226	-0.378345	0.783945
		*TM_ROW1 0.30937	-0.765766	-0.56382
		*TM_ROW2 0.813636	0.520056	-0.259881
		*TM_ROW3 -2.87393	-3.07077	141.679
		*TM_POS -2.87393	-3.07077	141.679
		*TM_ROTAXIS -0.844149	0.0231246	-0.53561
		*TM_ROTANGLE 3.83869
		*TM_SCALE 1	1	1
		*TM_SCALEAXIS 0	0	0
		*TM_SCALEAXISANG 0	0	0
	}
}
*HELPEROBJECT {
	*NODE_NAME "Bip01 Head"
	*NODE_PARENT "Bip01 Neck"
	*NODE_TM {
		*NODE_NAME "Bip01 Head"
		*TM_ROW0 0.234008	-0.251344	0.939184
		*TM_ROW1 0.317961	-0.8931	-0.318234
		*TM_ROW2 0.918772	0.373093	-0.129075
		*TM_ROW3 0.492515	-5.65835	147.041
		*TM_POS 0.492515	-5.65835	147.041
		*TM_ROTAXIS -0.771743	-0.0227868	-0.635526
		*TM_ROTANGLE 3.60601
		*TM_SCALE 1	1	1
		*TM_SCALEAXIS 0	0	0
		*TM_SCALEAXISANG 0	0	0
	}
}
*HELPEROBJECT {
	*NODE_NAME "zs_Helmet"
	*NODE_PARENT "Bip01 Head"
	*NODE_TM {
		*NODE_NAME "zs_Helmet"
		*TM_ROW0 0.918771	0.373094	-0.129075
		*TM_ROW1 -0.335341	0.910067	0.243567
		*TM_ROW2 0.20834	-0.180498	0.961257
		*TM_ROW3 89.358	-140.909	388.649
		*TM_POS 89.358	-140.909	388.649
		*TM_ROTAXIS -0.47544	-0.378293	-0.794262
		*TM_ROTANGLE 0.462258
		*TM_SCALE 1	1	1
		*TM_SCALEAXIS 0	0	0
		*TM_SCALEAXISANG 0	0	0
	}
}
*HELPEROBJECT {
	*NODE_NAME "Bip01 L Clavicle"
	*NODE_PARENT "Bip01 Neck"
	*NODE_TM {
		*NODE_NAME "Bip01 L Clavicle"
		*TM_ROW0 0.812015	0.548441	-0.199608
		*TM_ROW1 -0.4529	0.80784	0.377196
		*TM_ROW2 0.368121	-0.215886	0.904367
		*TM_ROW3 0.3973	4.14522	135.716
		*TM_POS 0.3973	4.14522	135.716
		*TM_ROTAXIS -0.458017	-0.438437	-0.773301
		*TM_ROTANGLE 0.704229
		*TM_SCALE 1	1	1
		*TM_SCALEAXIS 0	0	0
		*TM_SCALEAXISANG 0	0	0
	}
}
*HELPEROBJECT {
	*NODE_NAME "Bip01 L UpperArm"
	*NODE_PARENT "Bip01 L Clavicle"
	*NODE_TM {
		*NODE_NAME "Bip01 L UpperArm"
		*TM_ROW0 0.120465	0.585477	-0.801689
		*TM_ROW1 -0.211991	0.804114	0.555393
		*TM_ROW2 0.969819	0.103046	0.220983
		*TM_ROW3 11.2182	11.4538	133.056
		*TM_POS 11.2182	11.4538	133.056
		*TM_ROTAXIS -0.226775	-0.888109	-0.399794
		*TM_ROTANGLE 1.49795
		*TM_SCALE 1	1	1
		*TM_SCALEAXIS 0	0	0
		*TM_SCALEAXISANG 0	0	0
	}
}
*HELPEROBJECT {
	*NODE_NAME "Bip01 L Forearm"
	*NODE_PARENT "Bip01 L UpperArm"
	*NODE_TM {
		*NODE_NAME "Bip01 L Forearm"
		*TM_ROW0 0.230777	-0.0953837	-0.96832
		*TM_ROW1 -0.0787033	0.990093	-0.116285
		*TM_ROW2 0.969819	0.103046	0.220983
		*TM_ROW3 14.5799	27.7922	110.684
		*TM_POS 14.5799	27.7922	110.684
		*TM_ROTAXIS 0.112444	-0.993621	0.00855149
		*TM_ROTANGLE 1.34803
		*TM_SCALE 1	1	1
		*TM_SCALEAXIS 0	0	0
		*TM_SCALEAXISANG 0	0	0
	}
}
*HELPEROBJECT {
	*NODE_NAME "Bip01 L Hand"
	*NODE_PARENT "Bip01 L Forearm"
	*NODE_TM {
		*NODE_NAME "Bip01 L Hand"
		*TM_ROW0 0.149383	-0.304127	-0.940846
		*TM_ROW1 -0.983134	-0.147219	-0.108509
		*TM_ROW2 -0.10551	0.941187	-0.32099
		*TM_ROW3 20.9993	25.139	83.749
		*TM_POS 20.9993	25.139	83.749
		*TM_ROTAXIS -0.69814	0.555572	0.451599
		*TM_ROTANGLE 3.99235
		*TM_SCALE 1	1	1
		*TM_SCALEAXIS 0	0	0
		*TM_SCALEAXISANG 0	0	0
	}
}
*HELPEROBJECT {
	*NODE_NAME "Bip01 L Finger0"
	*NODE_PARENT "Bip01 L Hand"
	*NODE_TM {
		*NODE_NAME "Bip01 L Finger0"
		*TM_ROW0 0.149382	-0.304128	-0.940846
		*TM_ROW1 -0.983053	-0.147938	-0.108263
		*TM_ROW2 -0.106261	0.941074	-0.321073
		*TM_ROW3 22.9218	21.2249	71.6405
		*TM_POS 22.9218	21.2249	71.6405
		*TM_ROTAXIS -0.698228	0.555332	0.451756
		*TM_ROTANGLE 3.99182
		*TM_SCALE 1	1	1
		*TM_SCALEAXIS 0	0	0
		*TM_SCALEAXISANG 0	0	0
	}
}
*HELPEROBJECT {
	*NODE_NAME "zs_LeftHand"
	*NODE_PARENT "Bip01 L Hand"
	*NODE_TM {
		*NODE_NAME "zs_LeftHand"
		*TM_ROW0 -0.154184	0.963022	-0.220944
		*TM_ROW1 0.320299	-0.162825	-0.933218
		*TM_ROW2 -0.934685	-0.214656	-0.28335
		*TM_ROW3 -28.7458	-28.3552	-27.0261
		*TM_POS -28.7458	-28.3552	-27.0261
		*TM_ROTAXIS -0.599041	-0.595022	0.535816
		*TM_ROTANGLE 3.78479
		*TM_SCALE 1	1	1
		*TM_SCALEAXIS 0	0	0
		*TM_SCALEAXISANG 0	0	0
	}
}
*HELPEROBJECT {
	*NODE_NAME "zs_LeftArm"
	*NODE_PARENT "Bip01 L Forearm"
	*NODE_TM {
		*NODE_NAME "zs_LeftArm"
		*TM_ROW0 0.125206	0.116316	-0.985289
		*TM_ROW1 -0.0520376	0.992507	0.110555
		*TM_ROW2 0.990765	0.0374299	0.130321
		*TM_ROW3 136.929	-165.956	-111.867
		*TM_POS 136.929	-165.956	-111.867
		*TM_ROTAXIS -0.0368471	-0.995714	-0.0848316
		*TM_ROTANGLE 1.44646
		*TM_SCALE 1	1	1
		*TM_SCALEAXIS 0	0	0
		*TM_SCALEAXISANG 0	0	0
	}
}
*HELPEROBJECT {
	*NODE_NAME "Bip01 R Clavicle"
	*NODE_PARENT "Bip01 Neck"
	*NODE_TM {
		*NODE_NAME "Bip01 R Clavicle"
		*TM_ROW0 -0.910373	-0.403991	0.0895095
		*TM_ROW1 -0.352256	0.870145	0.34462
		*TM_ROW2 -0.21711	0.282203	-0.934465
		*TM_ROW3 -12.5622	-4.13832	139.856
		*TM_POS -12.5622	-4.13832	139.856
		*TM_ROTAXIS 0.196804	-0.966778	-0.163123
		*TM_ROTANGLE 3.30084
		*TM_SCALE 1	1	1
		*TM_SCALEAXIS 0	0	0
		*TM_SCALEAXISANG 0	0	0
	}
}
*HELPEROBJECT {
	*NODE_NAME "Bip01 R UpperArm"
	*NODE_PARENT "Bip01 R Clavicle"
	*NODE_TM {
		*NODE_NAME "Bip01 R UpperArm"
		*TM_ROW0 -0.409613	-0.0203997	-0.912031
		*TM_ROW1 -0.329392	0.935612	0.12701
		*TM_ROW2 0.850716	0.35244	-0.389958
		*TM_ROW3 -24.6939	-9.52191	141.048
		*TM_POS -24.6939	-9.52191	141.048
		*TM_ROTAXIS 0.124978	-0.977259	-0.171304
		*TM_ROTANGLE 2.01748
		*TM_SCALE 1	1	1
		*TM_SCALEAXIS 0	0	0
		*TM_SCALEAXISANG 0	0	0
	}
}
*HELPEROBJECT {
	*NODE_NAME "Bip01 R Forearm"
	*NODE_PARENT "Bip01 R UpperArm"
	*NODE_TM {
		*NODE_NAME "Bip01 R Forearm"
		*TM_ROW0 0.301369	-0.934892	-0.187491
		*TM_ROW1 -0.430648	0.0419807	-0.901543
		*TM_ROW2 0.850716	0.35244	-0.389958
		*TM_ROW3 -36.1246	-10.0912	115.597
		*TM_POS -36.1246	-10.0912	115.597
		*TM_ROTAXIS -0.735779	0.609173	-0.295867
		*TM_ROTANGLE 4.16166
		*TM_SCALE 1	1	1
		*TM_SCALEAXIS 0	0	0
		*TM_SCALEAXISANG 0	0	0
	}
}
*HELPEROBJECT {
	*NODE_NAME "Bip01 R Hand"
	*NODE_PARENT "Bip01 R Forearm"
	*NODE_TM {
		*NODE_NAME "Bip01 R Hand"
		*TM_ROW0 0.298761	-0.933724	-0.197232
		*TM_ROW1 0.388439	-0.0697973	0.918827
		*TM_ROW2 -0.871698	-0.351123	0.341842
		*TM_ROW3 -27.7416	-36.0964	110.382
		*TM_POS -27.7416	-36.0964	110.382
		*TM_ROTAXIS -0.650121	0.345277	0.67685
		*TM_ROTANGLE 1.78708
		*TM_SCALE 1	1	1
		*TM_SCALEAXIS 0	0	0
		*TM_SCALEAXISANG 0	0	0
	}
}
*HELPEROBJECT {
	*NODE_NAME "Bip01 R Finger0"
	*NODE_PARENT "Bip01 R Hand"
	*NODE_TM {
		*NODE_NAME "Bip01 R Finger0"
		*TM_ROW0 0.298768	-0.933723	-0.197227
		*TM_ROW1 0.387775	-0.0700568	0.919088
		*TM_ROW2 -0.871991	-0.351074	0.341144
		*TM_ROW3 -23.8966	-48.1133	107.843
		*TM_POS -23.8966	-48.1133	107.843
		*TM_ROTAXIS -0.650299	0.345467	0.676582
		*TM_ROTANGLE 1.78756
		*TM_SCALE 1	1	1
		*TM_SCALEAXIS 0	0	0
		*TM_SCALEAXISANG 0	0	0
	}
}
*HELPEROBJECT {
	*NODE_NAME "zs_RightHand"
	*NODE_PARENT "Bip01 R Hand"
	*NODE_TM {
		*NODE_NAME "zs_RightHand"
		*TM_ROW0 0.741672	0.349835	-0.572309
		*TM_ROW1 -0.242078	0.935321	0.258018
		*TM_ROW2 0.625556	-0.0528211	0.778389
		*TM_ROW3 -93.4283	-192.555	228.633
		*TM_POS -93.4283	-192.555	228.633
		*TM_ROTAXIS -0.22659	-0.8732	-0.431483
		*TM_ROTANGLE 0.755847
		*TM_SCALE 1	1	1
		*TM_SCALEAXIS 0	0	0
		*TM_SCALEAXISANG 0	0	0
	}
}
*HELPEROBJECT {
	*NODE_NAME "zs_Crossbow"
	*NODE_PARENT "Bip01 Spine2"
	*NODE_TM {
		*NODE_NAME "zs_Crossbow"
		*TM_ROW0 0.145705	-0.600525	0.786219
		*TM_ROW1 -0.949079	-0.309213	-0.0602945
		*TM_ROW2 0.279318	-0.737399	-0.615
		*TM_ROW3 132.069	-180.405	1476.15
		*TM_POS 132.069	-180.405	1476.15
		*TM_ROTAXIS -0.740144	0.554095	-0.381006
		*TM_ROTANGLE 2.66651
		*TM_SCALE 1	1	1
		*TM_SCALEAXIS 0	0	0
		*TM_SCALEAXISANG 0	0	0
	}
}
*HELPEROBJECT {
	*NODE_NAME "zs_Longsword"
	*NODE_PARENT "Bip01 Spine2"
	*NODE_TM {
		*NODE_NAME "zs_Longsword"
		*TM_ROW0 0.0220176	-0.624078	0.781052
		*TM_ROW1 -0.967359	-0.210572	-0.140983
		*TM_ROW2 0.252452	-0.752453	-0.608344
		*TM_ROW3 -22.623	-219.36	1240.84
		*TM_POS -22.623	-219.36	1240.84
		*TM_ROTAXIS -0.696313	0.601944	-0.390911
		*TM_ROTANGLE 2.68702
		*TM_SCALE 1	1	1
		*TM_SCALEAXIS 0	0	0
		*TM_SCALEAXISANG 0	0	0
	}
}
*HELPEROBJECT {
	*NODE_NAME "zs_Shield"
	*NODE_PARENT "Bip01 Spine2"
	*NODE_TM {
		*NODE_NAME "zs_Shield"
		*TM_ROW0 -0.521299	0.426317	-0.739257
		*TM_ROW1 -0.848237	-0.163947	0.503602
		*TM_ROW2 0.0934951	0.889593	0.447084
		*TM_ROW3 96.2092	396.955	483.103
		*TM_POS 96.2092	396.955	483.103
		*TM_ROTAXIS 0.245752	-0.530195	-0.81148
		*TM_ROTANGLE 2.23837
		*TM_SCALE 1	1	1
		*TM_SCALEAXIS 0	0	0
		*TM_SCALEAXISANG 0	0	0
	}
}
*HELPEROBJECT {
	*NODE_NAME "zs_Bow"
	*NODE_PARENT "Bip01 Spine2"
	*NODE_TM {
		*NODE_NAME "zs_Bow"
		*TM_ROW0 0.199294	-0.562132	0.802677
		*TM_ROW1 -0.272456	0.755026	0.596408
		*TM_ROW2 -0.941302	-0.337554	-0.00268412
		*TM_ROW3 -183.392	426.622	392.406
		*TM_POS -183.392	426.622	392.406
		*TM_ROTAXIS -0.467118	0.872244	0.14488
		*TM_ROTANGLE 1.59498
		*TM_SCALE 1	1	1
		*TM_SCALEAXIS 0	0	0
		*TM_SCALEAXISANG 0	0	0
	}
}
*HELPEROBJECT {
	*NODE_NAME "zs_Sword"
	*NODE_PARENT "Bip01 Spine"
	*NODE_TM {
		*NODE_NAME "zs_Sword"
		*TM_ROW0 0.494748	-0.62213	0.606777
		*TM_ROW1 -0.379717	0.473284	0.794869
		*TM_ROW2 -0.78169	-0.623664	-0.00207703
		*TM_ROW3 194.132	243.654	162.552
		*TM_POS 194.132	243.654	162.552
		*TM_ROTAXIS -0.709369	0.694334	0.121224
		*TM_ROTANGLE 1.58782
		*TM_SCALE 1	1	1
		*TM_SCALEAXIS 0	0	0
		*TM_SCALEAXISANG 0	0	0
	}
}
*HELPEROBJECT {
	*NODE_NAME "Bip01 L Thigh"
	*NODE_PARENT "Bip01 Pelvis"
	*NODE_TM {
		*NODE_NAME "Bip01 L Thigh"
		*TM_ROW0 0.337533	-0.406446	-0.849043
		*TM_ROW1 0.576129	-0.624101	0.527801
		*TM_ROW2 -0.744411	-0.667308	0.0235109
		*TM_ROW3 -15.5036	17.6742	93.007
		*TM_POS -15.5036	17.6742	93.007
		*TM_ROTAXIS -0.770687	-0.0674737	0.633631
		*TM_ROTANGLE 2.25432
		*TM_SCALE 1	1	1
		*TM_SCALEAXIS 0	0	0
		*TM_SCALEAXISANG 0	0	0
	}
	*TM_ANIMATION {
		*NODE_NAME "Bip01 L Thigh"
		*CONTROL_POS_TRACK {
			*CONTROL_POS_SAMPLE 192	-15.5036	17.6742	93.007
			*CONTROL_POS_SAMPLE 384	-14.4733	19.1014	92.16
			*CONTROL_POS_SAMPLE 576	-12.6965	19.9337	92.2174
			*CONTROL_POS_SAMPLE 768	-10.3116	20.2768	92.5077
			*CONTROL_POS_SAMPLE 960	-7.45679	20.2364	92.3594
			*CONTROL_POS_SAMPLE 1152	-4.27028	19.9181	91.6437
			*CONTROL_POS_SAMPLE 1344	-0.889359	19.4268	90.7358
			*CONTROL_POS_SAMPLE 1536	2.54938	18.8657	89.7247
			*CONTROL_POS_SAMPLE 1728	5.90868	18.3388	88.7004
			*CONTROL_POS_SAMPLE 1920	9.05133	17.95	87.7525
			*CONTROL_POS_SAMPLE 2112	11.8401	17.8032	86.9712
			*CONTROL_POS_SAMPLE 2304	12.801	17.6842	87.7113
			*CONTROL_POS_SAMPLE 2496	18.1697	17.6912	88.5382
			*CONTROL_POS_SAMPLE 2688	23.8607	17.7011	89.4076
			*CONTROL_POS_SAMPLE 2880	29.7692	17.7047	90.286
			*CONTROL_POS_SAMPLE 3072	35.7842	17.6988	91.1307
			*CONTROL_POS_SAMPLE 3264	41.7875	17.6873	91.8865
			*CONTROL_POS_SAMPLE 3456	47.663	17.6721	92.447
			*CONTROL_POS_SAMPLE 3648	53.2948	17.655	92.8094
			*CONTROL_POS_SAMPLE 3840	58.5671	17.6377	93.0775
			*CONTROL_POS_SAMPLE 4032	61.1546	17.6395	93.2587
			*CONTROL_POS_SAMPLE 4224	63.2308	17.6416	93.111
			*CONTROL_POS_SAMPLE 4416	67.846	17.6419	92.4217
			*CONTROL_POS_SAMPLE 4608	73.2101	17.6418	91.5305
			*CONTROL_POS_SAMPLE 4800	78.6516	17.6416	90.8912
			*CONTROL_POS_SAMPLE 4992	84.2563	17.6416	91.6628
		}
		*CONTROL_ROT_TRACK {
			*CONTROL_ROT_SAMPLE 192	-0.770687	-0.0674737	0.633631	2.25432
			*CONTROL_ROT_SAMPLE 384	-0.79178	-0.0156613	0.610606	2.18061
			*CONTROL_ROT_SAMPLE 576	-0.817332	0.0303835	0.575365	2.14325
			*CONTROL_ROT_SAMPLE 768	-0.833986	0.0498432	0.549529	2.14728
			*CONTROL_ROT_SAMPLE 960	-0.843041	0.0503338	0.53549	2.16906
			*CONTROL_ROT_SAMPLE 1152	-0.852165	0.0508638	0.520795	2.19203
			*CONTROL_ROT_SAMPLE 1344	-0.860193	0.0472854	0.507771	2.22083
			*CONTROL_ROT_SAMPLE 1536	-0.866979	0.0393616	0.496788	2.2552
			*CONTROL_ROT_SAMPLE 1728	-0.872262	0.0261387	0.48834	2.29533
			*CONTROL_ROT_SAMPLE 1920	-0.875396	0.00491259	0.483382	2.34307
			*CONTROL_ROT_SAMPLE 2112	-0.873463	-0.0359287	0.485564	2.41012
			*CONTROL_ROT_SAMPLE 2304	-0.865324	-0.059641	0.497653	2.4282
			*CONTROL_ROT_SAMPLE 2496	-0.866446	-0.0106245	0.499157	2.32711
			*CONTROL_ROT_SAMPLE 2688	-0.858553	0.00228939	0.512719	2.26378
			*CONTROL_ROT_SAMPLE 2880	-0.847099	0.00236481	0.531431	2.21674
			*CONTROL_ROT_SAMPLE 3072	-0.832701	-0.0053179	0.553697	2.18391
			*CONTROL_ROT_SAMPLE 3264	-0.815691	-0.0181001	0.578204	2.16347
			*CONTROL_ROT_SAMPLE 3456	-0.796777	-0.033066	0.603368	2.15266
			*CONTROL_ROT_SAMPLE 3648	-0.776384	-0.0492292	0.628335	2.15021
			*CONTROL_ROT_SAMPLE 3840	-0.75291	-0.066669	0.654738	2.15891
			*CONTROL_ROT_SAMPLE 4032	-0.73832	-0.0809116	0.66958	2.1664
			*CONTROL_ROT_SAMPLE 4224	-0.730457	-0.0848123	0.677672	2.16245
			*CONTROL_ROT_SAMPLE 4416	-0.754378	-0.0551176	0.654122	2.13146
			*CONTROL_ROT_SAMPLE 4608	-0.779015	-0.0228052	0.626591	2.10442
			*CONTROL_ROT_SAMPLE 4800	-0.801605	0.00448528	0.597837	2.0913
			*CONTROL_ROT_SAMPLE 4992	-0.814848	0.00919696	0.579601	2.11053
		}
	}
}
*HELPEROBJECT {
	*NODE_NAME "Bip01 L Calf"
	*NODE_PARENT "Bip01 L Thigh"
	*NODE_TM {
		*NODE_NAME "Bip01 L Calf"
		*TM_ROW0 -0.031441	-0.000141226	-0.999506
		*TM_ROW1 0.666981	-0.744782	-0.0208757
		*TM_ROW2 -0.744411	-0.667308	0.0235109
		*TM_ROW3 -2.22346	1.68261	59.6015
		*TM_POS -2.22346	1.68261	59.6015
		*TM_ROTAXIS 0.671041	0.264806	-0.692519
		*TM_ROTANGLE 3.64415
		*TM_SCALE 1	1	1
		*TM_SCALEAXIS 0	0	0
		*TM_SCALEAXISANG 0	0	0
	}
	*TM_ANIMATION {
		*NODE_NAME "Bip01 L Calf"
		*CONTROL_POS_TRACK {
			*CONTROL_POS_SAMPLE 192	-2.22346	1.68261	59.6015
			*CONTROL_POS_SAMPLE 384	1.78568	0.174767	61.7389
			*CONTROL_POS_SAMPLE 576	6.51188	-0.601291	64.6971
			*CONTROL_POS_SAMPLE 768	10.5245	-0.37705	66.2915
			*CONTROL_POS_SAMPLE 960	14.0959	0.217146	66.2303
			*CONTROL_POS_SAMPLE 1152	18.0309	0.558031	65.6464
			*CONTROL_POS_SAMPLE 1344	22.0304	0.954021	64.6311
			*CONTROL_POS_SAMPLE 1536	25.9456	1.52997	63.2652
			*CONTROL_POS_SAMPLE 1728	29.6072	2.45984	61.6033
			*CONTROL_POS_SAMPLE 1920	32.7866	4.0393	59.6252
			*CONTROL_POS_SAMPLE 2112	34.9165	7.19564	56.9217
			*CONTROL_POS_SAMPLE 2304	34.7881	8.43695	56.4212
			*CONTROL_POS_SAMPLE 2496	40.9767	4.01691	59.5404
			*CONTROL_POS_SAMPLE 2688	46.2548	2.05448	61.0932
			*CONTROL_POS_SAMPLE 2880	51.3133	0.881822	61.9866
			*CONTROL_POS_SAMPLE 3072	56.1241	0.156015	62.3808
			*CONTROL_POS_SAMPLE 3264	60.6111	-0.276815	62.3741
			*CONTROL_POS_SAMPLE 3456	64.7456	-0.554429	62.0497
			*CONTROL_POS_SAMPLE 3648	68.4534	-0.704649	61.486
			*CONTROL_POS_SAMPLE 3840	71.4162	-0.724169	60.7393
			*CONTROL_POS_SAMPLE 4032	72.5616	-0.499811	60.2607
			*CONTROL_POS_SAMPLE 4224	73.9885	-0.692129	60.0027
			*CONTROL_POS_SAMPLE 4416	81.2212	-1.64842	60.8463
			*CONTROL_POS_SAMPLE 4608	89.2192	-2.52922	61.7839
			*CONTROL_POS_SAMPLE 4800	96.9397	-2.97699	62.8121
			*CONTROL_POS_SAMPLE 4992	103.586	-2.36735	63.8417
		}
		*CONTROL_ROT_TRACK {
			*CONTROL_ROT_SAMPLE 192	0.671041	0.264806	-0.692519	3.64415
			*CONTROL_ROT_SAMPLE 384	0.667236	0.276297	-0.691705	3.6124
			*CONTROL_ROT_SAMPLE 576	-0.685577	-0.274165	0.674401	2.67189
			*CONTROL_ROT_SAMPLE 768	-0.709549	-0.263183	0.653663	2.65319
			*CONTROL_ROT_SAMPLE 960	-0.72948	-0.251025	0.636275	2.63293
			*CONTROL_ROT_SAMPLE 1152	-0.748424	-0.240138	0.618219	2.61834
			*CONTROL_ROT_SAMPLE 1344	-0.76734	-0.227807	0.599411	2.60492
			*CONTROL_ROT_SAMPLE 1536	-0.786334	-0.212901	0.579958	2.59148
			*CONTROL_ROT_SAMPLE 1728	-0.805606	-0.193884	0.559829	2.57598
			*CONTROL_ROT_SAMPLE 1920	-0.825674	-0.167948	0.538569	2.55466
			*CONTROL_ROT_SAMPLE 2112	-0.848895	-0.12525	0.513507	2.5155
			*CONTROL_ROT_SAMPLE 2304	-0.84946	-0.115023	0.514963	2.49483
			*CONTROL_ROT_SAMPLE 2496	-0.812933	-0.179608	0.553968	2.54396
			*CONTROL_ROT_SAMPLE 2688	-0.78049	-0.217825	0.585992	2.56765
			*CONTROL_ROT_SAMPLE 2880	-0.74852	-0.246662	0.615529	2.58815
			*CONTROL_ROT_SAMPLE 3072	-0.717349	-0.268741	0.642798	2.60926
			*CONTROL_ROT_SAMPLE 3264	-0.687456	-0.285472	0.667765	2.63102
			*CONTROL_ROT_SAMPLE 3456	0.659044	0.298149	-0.690484	3.62933
			*CONTROL_ROT_SAMPLE 3648	0.632528	0.307347	-0.710947	3.60677
			*CONTROL_ROT_SAMPLE 3840	0.607281	0.312606	-0.730402	3.58316
			*CONTROL_ROT_SAMPLE 4032	0.593418	0.315459	-0.7405	3.57716
			*CONTROL_ROT_SAMPLE 4224	0.581833	0.319517	-0.747917	3.56483
			*CONTROL_ROT_SAMPLE 4416	0.595527	0.321202	-0.736327	3.55894
			*CONTROL_ROT_SAMPLE 4608	0.61239	0.321768	-0.722111	3.55739
			*CONTROL_ROT_SAMPLE 4800	0.634012	0.318853	-0.70453	3.56808
			*CONTROL_ROT_SAMPLE 4992	0.659817	0.307361	-0.68569	3.59842
		}
	}
}
*HELPEROBJECT {
	*NODE_NAME "Bip01 L Foot"
	*NODE_PARENT "Bip01 L Calf"
	*NODE_TM {
		*NODE_NAME "Bip01 L Foot"
		*TM_ROW0 0.0195879	0.00534485	-0.999794
		*TM_ROW1 0.448578	-0.893735	0.00401063
		*TM_ROW2 -0.893529	-0.448564	-0.0199039
		*TM_ROW3 -3.76714	1.67567	10.5281
		*TM_POS -3.76714	1.67567	10.5281
		*TM_ROTAXIS -0.704597	-0.16544	0.690053
		*TM_ROTANGLE 2.81464
		*TM_SCALE 1	1	1
		*TM_SCALEAXIS 0	0	0
		*TM_SCALEAXISANG 0	0	0
	}
	*TM_ANIMATION {
		*NODE_NAME "Bip01 L Foot"
		*CONTROL_POS_TRACK {
			*CONTROL_POS_SAMPLE 192	-3.76714	1.67567	10.5281
			*CONTROL_POS_SAMPLE 384	-0.631409	1.88773	12.7307
			*CONTROL_POS_SAMPLE 576	6.38563	1.86917	15.6618
			*CONTROL_POS_SAMPLE 768	13.7145	1.82952	17.3473
			*CONTROL_POS_SAMPLE 960	20.1601	1.84635	17.5359
			*CONTROL_POS_SAMPLE 1152	26.8258	1.85817	17.3603
			*CONTROL_POS_SAMPLE 1344	33.5894	1.86581	16.9222
			*CONTROL_POS_SAMPLE 1536	40.3289	1.87015	16.3229
			*CONTROL_POS_SAMPLE 1728	46.9223	1.87208	15.6639
			*CONTROL_POS_SAMPLE 1920	53.2475	1.87246	15.0468
			*CONTROL_POS_SAMPLE 2112	59.1824	1.87215	14.573
			*CONTROL_POS_SAMPLE 2304	59.3072	1.82659	14.401
			*CONTROL_POS_SAMPLE 2496	59.6585	1.80761	14.1896
			*CONTROL_POS_SAMPLE 2688	60.049	1.7902	13.9738
			*CONTROL_POS_SAMPLE 2880	60.4555	1.77396	13.7558
			*CONTROL_POS_SAMPLE 3072	60.8545	1.75851	13.5378
			*CONTROL_POS_SAMPLE 3264	61.2226	1.74346	13.3219
			*CONTROL_POS_SAMPLE 3456	61.5364	1.72841	13.1103
			*CONTROL_POS_SAMPLE 3648	61.7726	1.71294	12.9051
			*CONTROL_POS_SAMPLE 3840	61.5045	1.69784	12.7135
			*CONTROL_POS_SAMPLE 4032	61.0128	1.68444	12.5907
			*CONTROL_POS_SAMPLE 4224	60.9985	1.6758	12.7139
			*CONTROL_POS_SAMPLE 4416	69.6684	1.67483	13.2431
			*CONTROL_POS_SAMPLE 4608	79.5614	1.67496	13.8294
			*CONTROL_POS_SAMPLE 4800	89.9437	1.67552	14.4387
			*CONTROL_POS_SAMPLE 4992	100.081	1.67587	15.0364
		}
		*CONTROL_ROT_TRACK {
			*CONTROL_ROT_SAMPLE 192	-0.704597	-0.16544	0.690053	2.81464
			*CONTROL_ROT_SAMPLE 384	-0.703732	-0.181198	0.68697	2.78418
			*CONTROL_ROT_SAMPLE 576	-0.703795	-0.180165	0.687178	2.78617
			*CONTROL_ROT_SAMPLE 768	-0.704002	-0.176629	0.687883	2.793
			*CONTROL_ROT_SAMPLE 960	-0.704029	-0.176151	0.687978	2.79392
			*CONTROL_ROT_SAMPLE 1152	-0.704099	-0.174913	0.688222	2.79631
			*CONTROL_ROT_SAMPLE 1344	-0.704197	-0.17314	0.68857	2.79974
			*CONTROL_ROT_SAMPLE 1536	-0.70431	-0.171059	0.688975	2.80376
			*CONTROL_ROT_SAMPLE 1728	-0.704423	-0.168895	0.689393	2.80795
			*CONTROL_ROT_SAMPLE 1920	-0.704526	-0.166872	0.689781	2.81187
			*CONTROL_ROT_SAMPLE 2112	-0.704608	-0.165216	0.690095	2.81507
			*CONTROL_ROT_SAMPLE 2304	-0.704597	-0.16544	0.690053	2.81464
			*CONTROL_ROT_SAMPLE 2496	-0.704596	-0.165462	0.690049	2.8146
			*CONTROL_ROT_SAMPLE 2688	-0.704595	-0.165472	0.690047	2.81458
			*CONTROL_ROT_SAMPLE 2880	-0.704595	-0.165473	0.690047	2.81457
			*CONTROL_ROT_SAMPLE 3072	-0.704595	-0.165469	0.690048	2.81458
			*CONTROL_ROT_SAMPLE 3264	-0.704596	-0.165462	0.690049	2.8146
			*CONTROL_ROT_SAMPLE 3456	-0.704596	-0.165455	0.69005	2.81461
			*CONTROL_ROT_SAMPLE 3648	-0.704596	-0.165453	0.690051	2.81462
			*CONTROL_ROT_SAMPLE 3840	-0.704596	-0.165449	0.690051	2.81462
			*CONTROL_ROT_SAMPLE 4032	-0.704597	-0.165444	0.690052	2.81463
			*CONTROL_ROT_SAMPLE 4224	-0.704597	-0.16544	0.690053	2.81464
			*CONTROL_ROT_SAMPLE 4416	-0.704597	-0.165439	0.690053	2.81464
			*CONTROL_ROT_SAMPLE 4608	-0.704597	-0.165439	0.690053	2.81464
			*CONTROL_ROT_SAMPLE 4800	-0.704597	-0.16544	0.690053	2.81464
			*CONTROL_ROT_SAMPLE 4992	-0.704597	-0.16544	0.690053	2.81464
		}
	}
}
*HELPEROBJECT {
	*NODE_NAME "Bip01 L Toe0"
	*NODE_PARENT "Bip01 L Foot"
	*NODE_TM {
		*NODE_NAME "Bip01 L Toe0"
		*TM_ROW0 0.448584	-0.893732	0.00393944
		*TM_ROW1 -0.0195528	-0.00540704	0.999794
		*TM_ROW2 -0.893527	-0.448569	-0.0199005
		*TM_ROW3 6.63771	-18.4944	-2.00519
		*TM_POS 6.63771	-18.4944	-2.00519
		*TM_ROTAXIS -0.756308	0.46864	0.45648
		*TM_ROTANGLE 1.86331
		*TM_SCALE 1	1	1
		*TM_SCALEAXIS 0	0	0
		*TM_SCALEAXISANG 0	0	0
	}
	*TM_ANIMATION {
		*NODE_NAME "Bip01 L Toe0"
		*CONTROL_POS_TRACK {
			*CONTROL_POS_SAMPLE 192	6.63771	-18.4944	-2.00519
			*CONTROL_POS_SAMPLE 384	10.6856	-17.8014	0.223099
			*CONTROL_POS_SAMPLE 576	17.6436	-17.8527	3.15248
			*CONTROL_POS_SAMPLE 768	24.7694	-18.0031	4.83194
			*CONTROL_POS_SAMPLE 960	31.1876	-18.001	5.01973
			*CONTROL_POS_SAMPLE 1152	37.7818	-18.0274	4.84215
			*CONTROL_POS_SAMPLE 1344	44.4429	-18.0741	4.40108
			*CONTROL_POS_SAMPLE 1536	51.0617	-18.1329	3.7984
			*CONTROL_POS_SAMPLE 1728	57.5291	-18.1959	3.136
			*CONTROL_POS_SAMPLE 1920	63.7362	-18.2555	2.51569
			*CONTROL_POS_SAMPLE 2112	69.5741	-18.3045	2.03935
			*CONTROL_POS_SAMPLE 2304	69.7121	-18.3435	1.86771
			*CONTROL_POS_SAMPLE 2496	70.0646	-18.3618	1.65636
			*CONTROL_POS_SAMPLE 2688	70.4558	-18.3789	1.44058
			*CONTROL_POS_SAMPLE 2880	70.8623	-18.3951	1.22257
			*CONTROL_POS_SAMPLE 3072	71.261	-18.4107	1.00452
			*CONTROL_POS_SAMPLE 3264	71.6287	-18.426	0.788578
			*CONTROL_POS_SAMPLE 3456	71.9422	-18.4412	0.57696
			*CONTROL_POS_SAMPLE 3648	72.1782	-18.4568	0.371838
			*CONTROL_POS_SAMPLE 3840	71.91	-18.472	0.180243
			*CONTROL_POS_SAMPLE 4032	71.4178	-18.4855	0.0573642
			*CONTROL_POS_SAMPLE 4224	71.4033	-18.4943	0.180594
			*CONTROL_POS_SAMPLE 4416	80.0732	-18.4953	0.709759
			*CONTROL_POS_SAMPLE 4608	89.9663	-18.4951	1.29612
			*CONTROL_POS_SAMPLE 4800	100.349	-18.4946	1.90534
			*CONTROL_POS_SAMPLE 4992	110.486	-18.4942	2.50312
		}
		*CONTROL_ROT_TRACK {
			*CONTROL_ROT_SAMPLE 192	-0.756308	0.46864	0.45648	1.86331
			*CONTROL_ROT_SAMPLE 384	-0.772432	0.456067	0.441986	1.84531
			*CONTROL_ROT_SAMPLE 576	-0.771385	0.456904	0.442949	1.84647
			*CONTROL_ROT_SAMPLE 768	-0.767788	0.459757	0.446234	1.85046
			*CONTROL_ROT_SAMPLE 960	-0.767301	0.46014	0.446676	1.851
			*CONTROL_ROT_SAMPLE 1152	-0.766038	0.461133	0.44782	1.85241
			*CONTROL_ROT_SAMPLE 1344	-0.764226	0.462549	0.449452	1.85443
			*CONTROL_ROT_SAMPLE 1536	-0.762093	0.464206	0.451362	1.85682
			*CONTROL_ROT_SAMPLE 1728	-0.759869	0.46592	0.45334	1.85931
			*CONTROL_ROT_SAMPLE 1920	-0.757786	0.467515	0.455181	1.86165
			*CONTROL_ROT_SAMPLE 2112	-0.756078	0.468815	0.456683	1.86357
			*CONTROL_ROT_SAMPLE 2304	-0.756308	0.46864	0.45648	1.86331
			*CONTROL_ROT_SAMPLE 2496	-0.756331	0.468623	0.45646	1.86329
			*CONTROL_ROT_SAMPLE 2688	-0.756342	0.468615	0.456451	1.86327
			*CONTROL_ROT_SAMPLE 2880	-0.756343	0.468614	0.45645	1.86327
			*CONTROL_ROT_SAMPLE 3072	-0.756338	0.468617	0.456454	1.86328
			*CONTROL_ROT_SAMPLE 3264	-0.756331	0.468623	0.45646	1.86329
			*CONTROL_ROT_SAMPLE 3456	-0.756324	0.468628	0.456466	1.86329
			*CONTROL_ROT_SAMPLE 3648	-0.756322	0.46863	0.456469	1.8633
			*CONTROL_ROT_SAMPLE 3840	-0.756318	0.468633	0.456471	1.8633
			*CONTROL_ROT_SAMPLE 4032	-0.756313	0.468637	0.456476	1.86331
			*CONTROL_ROT_SAMPLE 4224	-0.756308	0.46864	0.45648	1.86331
			*CONTROL_ROT_SAMPLE 4416	-0.756308	0.46864	0.456481	1.86331
			*CONTROL_ROT_SAMPLE 4608	-0.756308	0.46864	0.45648	1.86331
			*CONTROL_ROT_SAMPLE 4800	-0.756308	0.46864	0.45648	1.86331
			*CONTROL_ROT_SAMPLE 4992	-0.756308	0.46864	0.45648	1.86331
		}
	}
}
*HELPEROBJECT {
	*NODE_NAME "Bip01 R Thigh"
	*NODE_PARENT "Bip01 Pelvis"
	*NODE_TM {
		*NODE_NAME "Bip01 R Thigh"
		*TM_ROW0 -0.137312	-0.196551	-0.970831
		*TM_ROW1 0.0497377	-0.980247	0.191422
		*TM_ROW2 -0.989278	-0.0220023	0.144376
		*TM_ROW3 -29.5939	6.44042	92.9421
		*TM_POS -29.5939	6.44042	92.9421
		*TM_ROTAXIS 0.653839	-0.056514	-0.75452
		*TM_ROTANGLE 3.30553
		*TM_SCALE 1	1	1
		*TM_SCALEAXIS 0	0	0
		*TM_SCALEAXISANG 0	0	0
	}
	*TM_ANIMATION {
		*NODE_NAME "Bip01 R Thigh"
		*CONTROL_POS_TRACK {
			*CONTROL_POS_SAMPLE 192	-29.5939	6.44042	92.9421
			*CONTROL_POS_SAMPLE 384	-28.576	7.8836	92.0514
			*CONTROL_POS_SAMPLE 576	-26.8131	8.73404	92.0595
			*CONTROL_POS_SAMPLE 768	-24.4412	9.09431	92.3033
			*CONTROL_POS_SAMPLE 960	-21.5962	9.06691	92.1198
			*CONTROL_POS_SAMPLE 1152	-18.4139	8.75434	91.3888
			*CONTROL_POS_SAMPLE 1344	-15.0314	8.26085	90.4906
			*CONTROL_POS_SAMPLE 1536	-11.587	7.692	89.5085
			*CONTROL_POS_SAMPLE 1728	-8.21817	7.15232	88.5248
			*CONTROL_POS_SAMPLE 1920	-5.06238	6.74633	87.6217
			*CONTROL_POS_SAMPLE 2112	-2.25722	6.57848	86.8815
			*CONTROL_POS_SAMPLE 2304	-1.26719	6.42282	87.6723
			*CONTROL_POS_SAMPLE 2496	4.14189	6.37947	88.5604
			*CONTROL_POS_SAMPLE 2688	9.86762	6.34663	89.4768
			*CONTROL_POS_SAMPLE 2880	15.7875	6.33618	90.3628
			*CONTROL_POS_SAMPLE 3072	21.7864	6.35	91.1693
			*CONTROL_POS_SAMPLE 3264	27.7579	6.37779	91.8592
			*CONTROL_POS_SAMPLE 3456	33.5932	6.41316	92.3378
			*CONTROL_POS_SAMPLE 3648	39.1831	6.44967	92.6144
			*CONTROL_POS_SAMPLE 3840	44.4185	6.48075	92.8044
			*CONTROL_POS_SAMPLE 4032	47.006	6.48249	92.9856
			*CONTROL_POS_SAMPLE 4224	49.0822	6.48462	92.838
			*CONTROL_POS_SAMPLE 4416	53.6974	6.48496	92.1486
			*CONTROL_POS_SAMPLE 4608	59.0615	6.48479	91.2574
			*CONTROL_POS_SAMPLE 4800	64.503	6.48462	90.6181
			*CONTROL_POS_SAMPLE 4992	70.1077	6.48462	91.3897
		}
		*CONTROL_ROT_TRACK {
			*CONTROL_ROT_SAMPLE 192	0.653839	-0.056514	-0.75452	3.30553
			*CONTROL_ROT_SAMPLE 384	0.631141	-0.104995	-0.76853	3.25269
			*CONTROL_ROT_SAMPLE 576	0.624063	-0.102536	-0.774617	3.23766
			*CONTROL_ROT_SAMPLE 768	0.617959	-0.0877669	-0.781296	3.22712
			*CONTROL_ROT_SAMPLE 960	0.606029	-0.0778026	-0.791628	3.22168
			*CONTROL_ROT_SAMPLE 1152	0.590277	-0.067635	-0.804363	3.22015
			*CONTROL_ROT_SAMPLE 1344	0.572819	-0.0539989	-0.817902	3.21148
			*CONTROL_ROT_SAMPLE 1536	0.555064	-0.0379444	-0.830942	3.19569
			*CONTROL_ROT_SAMPLE 1728	0.53843	-0.0213711	-0.842399	3.17609
			*CONTROL_ROT_SAMPLE 1920	0.524392	-0.00763393	-0.851443	3.16189
			*CONTROL_ROT_SAMPLE 2112	0.514616	-0.00178049	-0.857419	3.16956
			*CONTROL_ROT_SAMPLE 2304	0.519438	0.00126272	-0.854507	3.17572
			*CONTROL_ROT_SAMPLE 2496	0.511265	0.0213017	-0.859159	3.13834
			*CONTROL_ROT_SAMPLE 2688	0.511043	0.00855503	-0.859512	3.20469
			*CONTROL_ROT_SAMPLE 2880	0.51816	-0.0117324	-0.855203	3.28119
			*CONTROL_ROT_SAMPLE 3072	0.532119	-0.0292114	-0.846165	3.32486
			*CONTROL_ROT_SAMPLE 3264	0.55232	-0.044556	-0.83244	3.33863
			*CONTROL_ROT_SAMPLE 3456	0.577272	-0.0616028	-0.814225	3.34107
			*CONTROL_ROT_SAMPLE 3648	0.605532	-0.0780534	-0.791984	3.32917
			*CONTROL_ROT_SAMPLE 3840	0.636031	-0.0904969	-0.766339	3.2997
			*CONTROL_ROT_SAMPLE 4032	0.677057	-0.0990328	-0.729237	3.25147
			*CONTROL_ROT_SAMPLE 4224	-0.717382	0.0958963	0.690048	3.09728
			*CONTROL_ROT_SAMPLE 4416	0.697817	-0.102311	-0.708931	3.22048
			*CONTROL_ROT_SAMPLE 4608	0.674627	-0.105092	-0.730639	3.25416
			*CONTROL_ROT_SAMPLE 4800	0.651127	-0.100156	-0.752331	3.27297
			*CONTROL_ROT_SAMPLE 4992	0.629026	-0.0764741	-0.773614	3.24409
		}
	}
}
*HELPEROBJECT {
	*NODE_NAME "Bip01 R Calf"
	*NODE_PARENT "Bip01 R Thigh"
	*NODE_TM {
		*NODE_NAME "Bip01 R Calf"
		*TM_ROW0 -0.139676	0.431257	-0.891352
		*TM_ROW1 -0.0426512	-0.901961	-0.429706
		*TM_ROW2 -0.989278	-0.0220023	0.144376
		*TM_ROW3 -34.9964	-1.29285	54.7449
		*TM_POS -34.9964	-1.29285	54.7449
		*TM_ROTAXIS 0.644314	0.154758	-0.748939
		*TM_ROTANGLE 2.81968
		*TM_SCALE 1	1	1
		*TM_SCALEAXIS 0	0	0
		*TM_SCALEAXISANG 0	0	0
	}
	*TM_ANIMATION {
		*NODE_NAME "Bip01 R Calf"
		*CONTROL_POS_TRACK {
			*CONTROL_POS_SAMPLE 192	-34.9964	-1.29285	54.7449
			*CONTROL_POS_SAMPLE 384	-36.4298	-0.667071	54.4586
			*CONTROL_POS_SAMPLE 576	-35.4012	0.787012	54.4948
			*CONTROL_POS_SAMPLE 768	-33.6477	2.20822	54.6757
			*CONTROL_POS_SAMPLE 960	-31.9608	2.87088	54.6738
			*CONTROL_POS_SAMPLE 1152	-30.2621	3.13391	54.2937
			*CONTROL_POS_SAMPLE 1344	-28.492	3.58264	53.8172
			*CONTROL_POS_SAMPLE 1536	-26.6481	4.26826	53.3221
			*CONTROL_POS_SAMPLE 1728	-24.7337	5.10402	52.8729
			*CONTROL_POS_SAMPLE 1920	-22.7627	5.75143	52.4973
			*CONTROL_POS_SAMPLE 2112	-20.7514	5.56319	52.1691
			*CONTROL_POS_SAMPLE 2304	-19.3636	5.32727	52.7533
			*CONTROL_POS_SAMPLE 2496	-14.634	7.34626	53.9982
			*CONTROL_POS_SAMPLE 2688	-8.86836	4.55805	54.9257
			*CONTROL_POS_SAMPLE 2880	-2.14999	1.17838	55.7267
			*CONTROL_POS_SAMPLE 3072	5.19491	-0.93018	56.2445
			*CONTROL_POS_SAMPLE 3264	12.947	-1.95163	56.3729
			*CONTROL_POS_SAMPLE 3456	20.9913	-2.70551	56.1984
			*CONTROL_POS_SAMPLE 3648	29.1284	-3.04757	55.7807
			*CONTROL_POS_SAMPLE 3840	37.1986	-2.76748	55.2496
			*CONTROL_POS_SAMPLE 4032	43.8615	-1.92407	54.6782
			*CONTROL_POS_SAMPLE 4224	50.2527	-0.128694	54.0706
			*CONTROL_POS_SAMPLE 4416	52.7332	-1.32236	53.5982
			*CONTROL_POS_SAMPLE 4608	55.6657	-2.30572	53.0577
			*CONTROL_POS_SAMPLE 4800	58.7152	-2.50268	52.7533
			*CONTROL_POS_SAMPLE 4992	62.023	-0.404944	53.5058
		}
		*CONTROL_ROT_TRACK {
			*CONTROL_ROT_SAMPLE 192	0.644314	0.154758	-0.748939	2.81968
			*CONTROL_ROT_SAMPLE 384	0.642539	0.111917	-0.758036	2.7357
			*CONTROL_ROT_SAMPLE 576	0.636468	0.105489	-0.764056	2.7325
			*CONTROL_ROT_SAMPLE 768	0.627097	0.103868	-0.771985	2.75154
			*CONTROL_ROT_SAMPLE 960	0.613422	0.0991999	-0.7835	2.76681
			*CONTROL_ROT_SAMPLE 1152	0.595785	0.0971244	-0.797249	2.7776
			*CONTROL_ROT_SAMPLE 1344	0.576185	0.0940681	-0.811888	2.79377
			*CONTROL_ROT_SAMPLE 1536	0.556356	0.0901822	-0.826036	2.81579
			*CONTROL_ROT_SAMPLE 1728	0.538007	0.0863401	-0.838507	2.8416
			*CONTROL_ROT_SAMPLE 1920	0.522706	0.0845308	-0.848312	2.86441
			*CONTROL_ROT_SAMPLE 2112	0.511769	0.0880598	-0.854598	2.8717
			*CONTROL_ROT_SAMPLE 2304	0.515736	0.0922337	-0.851769	2.8777
			*CONTROL_ROT_SAMPLE 2496	0.507688	0.0845669	-0.857381	2.92642
			*CONTROL_ROT_SAMPLE 2688	0.504623	0.10281	-0.857196	2.88815
			*CONTROL_ROT_SAMPLE 2880	0.508367	0.123643	-0.852218	2.83448
			*CONTROL_ROT_SAMPLE 3072	0.520955	0.13703	-0.842513	2.79667
			*CONTROL_ROT_SAMPLE 3264	0.542158	0.144096	-0.827829	2.77198
			*CONTROL_ROT_SAMPLE 3456	0.56957	0.150095	-0.808122	2.74833
			*CONTROL_ROT_SAMPLE 3648	0.601583	0.154129	-0.7838	2.7292
			*CONTROL_ROT_SAMPLE 3840	0.6365	0.154507	-0.755642	2.71918
			*CONTROL_ROT_SAMPLE 4032	0.681749	0.15301	-0.715407	2.71982
			*CONTROL_ROT_SAMPLE 4224	-0.724648	-0.143883	0.673931	3.54811
			*CONTROL_ROT_SAMPLE 4416	-0.704803	-0.151974	0.692934	3.56731
			*CONTROL_ROT_SAMPLE 4608	0.680762	0.157567	-0.715357	2.69853
			*CONTROL_ROT_SAMPLE 4800	0.655859	0.156272	-0.738531	2.69345
			*CONTROL_ROT_SAMPLE 4992	0.631914	0.136935	-0.762846	2.72832
		}
	}
}
*HELPEROBJECT {
	*NODE_NAME "Bip01 R Foot"
	*NODE_PARENT "Bip01 R Calf"
	*NODE_TM {
		*NODE_NAME "Bip01 R Foot"
