*3DSMAX_ASCIIEXPORT	110
*COMMENT "This file is part of Gothic Free Aim Copyright (C) 2016-2018  mud-freak (@szapp)"
*COMMENT "<http://github.com/szapp/GothicFreeAim>"
*COMMENT "Animations: second iteration"
*SCENE {
	*SCENE_FILENAME "bowIK_T2_front.max"
	*SCENE_FIRSTFRAME 1
	*SCENE_LASTFRAME 30
	*SCENE_FRAMESPEED 25
	*SCENE_TICKSPERFRAME 192
	*SCENE_BACKGROUND_STATIC 0	0	0
	*SCENE_AMBIENT_STATIC 0.2	0.2	0.2
}
*HELPEROBJECT {
	*NODE_NAME "Bip01"
	*NODE_TM {
		*NODE_NAME "Bip01"
		*TM_ROW0 -0.836419	-0.547972	0.0113689
		*TM_ROW1 0.547171	-0.836037	-0.040567
		*TM_ROW2 0.0317344	-0.0277103	0.999112
		*TM_ROW3 -0.0496109	-126.052	74.4218
		*TM_POS -0.0496109	-126.052	74.4218
		*TM_ROTAXIS -0.0117369	0.0185917	-0.999758
		*TM_ROTANGLE 3.72121
		*TM_SCALE 1	1	1
		*TM_SCALEAXIS 0	0	0
		*TM_SCALEAXISANG 0	0	0
	}
	*TM_ANIMATION {
		*NODE_NAME "Bip01"
		*CONTROL_POS_TRACK {
			*CONTROL_POS_SAMPLE 192	-0.0498829	24.2813	74.638
			*CONTROL_POS_SAMPLE 384	-0.058562	13.8444	76.0897
			*CONTROL_POS_SAMPLE 576	-0.057888	-0.560772	76.6808
			*CONTROL_POS_SAMPLE 768	-0.0583379	-5.78246	76.8363
			*CONTROL_POS_SAMPLE 960	-0.0585351	-10.2565	76.6816
			*CONTROL_POS_SAMPLE 1152	-0.058522	-14.1898	76.2542
			*CONTROL_POS_SAMPLE 1344	-0.0583403	-17.7896	75.5934
			*CONTROL_POS_SAMPLE 1536	-0.0580323	-21.2626	74.77
			*CONTROL_POS_SAMPLE 1728	-0.0576394	-24.816	73.8686
			*CONTROL_POS_SAMPLE 1920	-0.057204	-28.6568	72.9737
			*CONTROL_POS_SAMPLE 2112	-0.0567682	-32.9919	72.1698
			*CONTROL_POS_SAMPLE 2304	-0.0563736	-38.0284	71.5412
			*CONTROL_POS_SAMPLE 2496	-0.0559967	-43.599	71.1728
			*CONTROL_POS_SAMPLE 2688	-0.0555885	-49.3818	71.4455
			*CONTROL_POS_SAMPLE 2880	-0.0551527	-55.3511	72.3403
			*CONTROL_POS_SAMPLE 3072	-0.0546927	-61.4816	73.3422
			*CONTROL_POS_SAMPLE 3264	-0.0542128	-67.7478	73.9361
			*CONTROL_POS_SAMPLE 3456	-0.0537167	-74.1243	73.9486
			*CONTROL_POS_SAMPLE 3648	-0.0532079	-80.5856	73.6797
			*CONTROL_POS_SAMPLE 3840	-0.0526903	-87.1063	73.3242
			*CONTROL_POS_SAMPLE 4032	-0.0521674	-93.661	73.0771
			*CONTROL_POS_SAMPLE 4224	-0.0516436	-100.224	73.1331
			*CONTROL_POS_SAMPLE 4416	-0.0511222	-106.77	73.64
			*CONTROL_POS_SAMPLE 4608	-0.0506072	-113.274	74.4653
			*CONTROL_POS_SAMPLE 4800	-0.050102	-119.71	75.3874
			*CONTROL_POS_SAMPLE 4992	-0.0496109	-126.052	76.1877
			*CONTROL_POS_SAMPLE 5184	-0.0496109	-126.052	76.6497
			*CONTROL_POS_SAMPLE 5376	-0.0496109	-126.052	74.4218
			*CONTROL_POS_SAMPLE 5568	-0.0496109	-126.052	74.4218
			*CONTROL_POS_SAMPLE 5760	-0.0496109	-126.052	74.4218
		}
		*CONTROL_ROT_TRACK {
			*CONTROL_ROT_SAMPLE 192	-0.0117386	0.0185945	-0.999758	3.72221
			*CONTROL_ROT_SAMPLE 384	-0.0113266	0.018717	-0.999761	3.72206
			*CONTROL_ROT_SAMPLE 576	-0.0109371	0.0188328	-0.999763	3.72193
			*CONTROL_ROT_SAMPLE 768	-0.010576	0.0189403	-0.999765	3.72182
			*CONTROL_ROT_SAMPLE 960	-0.0102492	0.0190375	-0.999766	3.72172
			*CONTROL_ROT_SAMPLE 1152	-0.00996272	0.0191227	-0.999767	3.72164
			*CONTROL_ROT_SAMPLE 1344	-0.00972243	0.0191942	-0.999768	3.72157
			*CONTROL_ROT_SAMPLE 1536	-0.0095343	0.0192502	-0.999769	3.72151
			*CONTROL_ROT_SAMPLE 1728	-0.00940425	0.0192888	-0.99977	3.72146
			*CONTROL_ROT_SAMPLE 1920	-0.00933822	0.0193084	-0.99977	3.72141
			*CONTROL_ROT_SAMPLE 2112	-0.00934215	0.019307	-0.99977	3.72136
			*CONTROL_ROT_SAMPLE 2304	-0.00942196	0.019283	-0.99977	3.72131
			*CONTROL_ROT_SAMPLE 2496	-0.00962255	0.019223	-0.999769	3.72126
			*CONTROL_ROT_SAMPLE 2688	-0.00996451	0.0191208	-0.999768	3.72123
			*CONTROL_ROT_SAMPLE 2880	-0.0104174	0.0189856	-0.999766	3.7212
			*CONTROL_ROT_SAMPLE 3072	-0.0109506	0.0188263	-0.999763	3.72117
			*CONTROL_ROT_SAMPLE 3264	-0.0115337	0.0186522	-0.999759	3.72115
			*CONTROL_ROT_SAMPLE 3456	-0.0121362	0.0184722	-0.999756	3.72114
			*CONTROL_ROT_SAMPLE 3648	-0.0127276	0.0182957	-0.999752	3.72112
			*CONTROL_ROT_SAMPLE 3840	-0.0132774	0.0181315	-0.999747	3.72111
			*CONTROL_ROT_SAMPLE 4032	-0.0137551	0.0179888	-0.999744	3.72111
			*CONTROL_ROT_SAMPLE 4224	-0.0141302	0.0178768	-0.99974	3.7211
			*CONTROL_ROT_SAMPLE 4416	-0.0143722	0.0178045	-0.999738	3.72109
			*CONTROL_ROT_SAMPLE 4608	-0.0139577	0.0179283	-0.999742	3.72111
			*CONTROL_ROT_SAMPLE 4800	-0.0128473	0.01826	-0.999751	3.72116
			*CONTROL_ROT_SAMPLE 4992	-0.0117369	0.0185917	-0.999758	3.72121
			*CONTROL_ROT_SAMPLE 5184	-0.0117369	0.0185917	-0.999758	3.72121
			*CONTROL_ROT_SAMPLE 5376	-0.0117369	0.0185917	-0.999758	3.72121
			*CONTROL_ROT_SAMPLE 5568	-0.0117369	0.0185917	-0.999758	3.72121
			*CONTROL_ROT_SAMPLE 5760	-0.0117369	0.0185917	-0.999758	3.72121
		}
	}
}
*HELPEROBJECT {
	*NODE_NAME "Bip01 Footsteps"
	*NODE_PARENT "Bip01"
	*NODE_TM {
		*NODE_NAME "Bip01 Footsteps"
		*TM_ROW0 1	0	0
		*TM_ROW1 0	1	0
		*TM_ROW2 0	0	1
		*TM_ROW3 -0.0496109	-126.052	-2.61273
		*TM_POS -0.0496109	-126.052	-2.61273
		*TM_ROTAXIS 0	0	0
		*TM_ROTANGLE 0
		*TM_SCALE 1	1	1
		*TM_SCALEAXIS 0	0	0
		*TM_SCALEAXISANG 0	0	0
	}
}
*HELPEROBJECT {
	*NODE_NAME "Bip01 Pelvis"
	*NODE_PARENT "Bip01"
	*NODE_TM {
		*NODE_NAME "Bip01 Pelvis"
		*TM_ROW0 0.0317337	-0.0277091	0.999112
		*TM_ROW1 -0.836418	-0.547974	0.0113689
		*TM_ROW2 0.547172	-0.836037	-0.0405656
		*TM_ROW3 2.2989	-125.581	74.3603
		*TM_POS 2.2989	-125.581	74.3603
		*TM_ROTAXIS -0.674938	0.35996	-0.644118
		*TM_ROTANGLE 2.46291
		*TM_SCALE 1	1	1
		*TM_SCALEAXIS 0	0	0
		*TM_SCALEAXISANG 0	0	0
	}
	*TM_ANIMATION {
		*NODE_NAME "Bip01 Pelvis"
		*CONTROL_POS_TRACK {
			*CONTROL_POS_SAMPLE 192	2.29816	24.7552	74.5766
			*CONTROL_POS_SAMPLE 384	2.2896	14.318	76.0301
			*CONTROL_POS_SAMPLE 576	2.29038	-0.0875812	76.6229
			*CONTROL_POS_SAMPLE 768	2.29003	-5.30954	76.78
			*CONTROL_POS_SAMPLE 960	2.28991	-9.78381	76.6268
			*CONTROL_POS_SAMPLE 1152	2.28999	-13.7174	76.2006
			*CONTROL_POS_SAMPLE 1344	2.29023	-17.3173	75.5408
			*CONTROL_POS_SAMPLE 1536	2.29059	-20.7905	74.7183
			*CONTROL_POS_SAMPLE 1728	2.29102	-24.344	73.8175
			*CONTROL_POS_SAMPLE 1920	2.29149	-28.1849	72.9229
			*CONTROL_POS_SAMPLE 2112	2.29195	-32.5201	72.1189
			*CONTROL_POS_SAMPLE 2304	2.29236	-37.5567	71.49
			*CONTROL_POS_SAMPLE 2496	2.29273	-43.1275	71.1207
			*CONTROL_POS_SAMPLE 2688	2.29312	-48.9103	71.3918
			*CONTROL_POS_SAMPLE 2880	2.29352	-54.8797	72.2846
			*CONTROL_POS_SAMPLE 3072	2.29393	-61.0102	73.2841
			*CONTROL_POS_SAMPLE 3264	2.29435	-67.2765	73.8755
			*CONTROL_POS_SAMPLE 3456	2.29478	-73.653	73.8853
			*CONTROL_POS_SAMPLE 3648	2.29522	-80.1143	73.6138
			*CONTROL_POS_SAMPLE 3840	2.29567	-86.635	73.2559
			*CONTROL_POS_SAMPLE 4032	2.29613	-93.1896	73.0066
			*CONTROL_POS_SAMPLE 4224	2.2966	-99.7527	73.061
			*CONTROL_POS_SAMPLE 4416	2.29709	-106.299	73.5668
			*CONTROL_POS_SAMPLE 4608	2.29766	-112.803	74.3939
			*CONTROL_POS_SAMPLE 4800	2.29829	-119.238	75.3209
			*CONTROL_POS_SAMPLE 4992	2.2989	-125.581	76.1262
			*CONTROL_POS_SAMPLE 5184	2.2989	-125.581	76.5882
			*CONTROL_POS_SAMPLE 5376	2.2989	-125.581	74.3603
			*CONTROL_POS_SAMPLE 5568	2.2989	-125.581	74.3603
			*CONTROL_POS_SAMPLE 5760	2.2989	-125.581	74.3603
		}
		*CONTROL_ROT_TRACK {
			*CONTROL_ROT_SAMPLE 192	-0.675038	0.359588	-0.644221	2.46357
			*CONTROL_ROT_SAMPLE 384	-0.674813	0.359883	-0.644292	2.46401
			*CONTROL_ROT_SAMPLE 576	-0.674601	0.360157	-0.64436	2.46444
			*CONTROL_ROT_SAMPLE 768	-0.674406	0.360407	-0.644424	2.46484
			*CONTROL_ROT_SAMPLE 960	-0.67423	0.360631	-0.644483	2.46521
			*CONTROL_ROT_SAMPLE 1152	-0.674076	0.360827	-0.644535	2.46553
			*CONTROL_ROT_SAMPLE 1344	-0.673947	0.360992	-0.644578	2.4658
			*CONTROL_ROT_SAMPLE 1536	-0.673845	0.361123	-0.644611	2.46601
			*CONTROL_ROT_SAMPLE 1728	-0.673773	0.361218	-0.644633	2.46614
			*CONTROL_ROT_SAMPLE 1920	-0.673735	0.361274	-0.644641	2.4662
			*CONTROL_ROT_SAMPLE 2112	-0.673732	0.36129	-0.644635	2.46616
			*CONTROL_ROT_SAMPLE 2304	-0.673768	0.361262	-0.644614	2.46602
			*CONTROL_ROT_SAMPLE 2496	-0.673865	0.361163	-0.644567	2.46573
			*CONTROL_ROT_SAMPLE 2688	-0.674036	0.36098	-0.644491	2.46525
			*CONTROL_ROT_SAMPLE 2880	-0.674264	0.360729	-0.644393	2.46464
			*CONTROL_ROT_SAMPLE 3072	-0.674533	0.36043	-0.644279	2.46392
			*CONTROL_ROT_SAMPLE 3264	-0.674829	0.360099	-0.644154	2.46314
			*CONTROL_ROT_SAMPLE 3456	-0.675134	0.359756	-0.644026	2.46234
			*CONTROL_ROT_SAMPLE 3648	-0.675435	0.359417	-0.6439	2.46156
			*CONTROL_ROT_SAMPLE 3840	-0.675714	0.359101	-0.643783	2.46083
			*CONTROL_ROT_SAMPLE 4032	-0.675956	0.358827	-0.643682	2.4602
			*CONTROL_ROT_SAMPLE 4224	-0.676147	0.358612	-0.643602	2.4597
			*CONTROL_ROT_SAMPLE 4416	-0.676269	0.358474	-0.64355	2.45938
			*CONTROL_ROT_SAMPLE 4608	-0.67606	0.358708	-0.643639	2.45993
			*CONTROL_ROT_SAMPLE 4800	-0.675499	0.359334	-0.643879	2.46142
			*CONTROL_ROT_SAMPLE 4992	-0.674938	0.35996	-0.644118	2.46291
			*CONTROL_ROT_SAMPLE 5184	-0.674938	0.35996	-0.644118	2.46291
			*CONTROL_ROT_SAMPLE 5376	-0.674938	0.35996	-0.644118	2.46291
			*CONTROL_ROT_SAMPLE 5568	-0.674938	0.35996	-0.644118	2.46291
			*CONTROL_ROT_SAMPLE 5760	-0.674938	0.35996	-0.644118	2.46291
		}
	}
}
*HELPEROBJECT {
	*NODE_NAME "Bip01 Spine"
	*NODE_PARENT "Bip01 Pelvis"
	*NODE_TM {
		*NODE_NAME "Bip01 Spine"
		*TM_ROW0 -0.0267031	-0.0658734	0.997471
		*TM_ROW1 -0.836595	-0.544703	-0.0583687
		*TM_ROW2 0.54717	-0.836038	-0.0405641
		*TM_ROW3 2.44964	-125.599	76.758
		*TM_POS 2.44964	-125.599	76.758
		*TM_ROTAXIS -0.656886	0.380362	-0.651018
		*TM_ROTANGLE 2.50813
		*TM_SCALE 1	1	1
		*TM_SCALEAXIS 0	0	0
		*TM_SCALEAXISANG 0	0	0
	}
}
*HELPEROBJECT {
	*NODE_NAME "Bip01 Spine1"
	*NODE_PARENT "Bip01 Spine"
	*NODE_TM {
		*NODE_NAME "Bip01 Spine1"
		*TM_ROW0 -0.039189	-0.0785687	0.996138
		*TM_ROW1 -0.938645	-0.338958	-0.0636619
		*TM_ROW2 0.342651	-0.937515	-0.0604648
		*TM_ROW3 2.19678	-126.242	86.561
		*TM_POS 2.19678	-126.242	86.561
		*TM_ROTAXIS -0.628949	0.470342	-0.619033
		*TM_ROTANGLE 2.3736
		*TM_SCALE 1	1	1
		*TM_SCALEAXIS 0	0	0
		*TM_SCALEAXISANG 0	0	0
	}
}
*HELPEROBJECT {
	*NODE_NAME "Bip01 Spine2"
	*NODE_PARENT "Bip01 Spine1"
	*NODE_TM {
		*NODE_NAME "Bip01 Spine2"
		*TM_ROW0 -0.130752	0.0235634	0.991135
		*TM_ROW1 -0.984906	-0.117454	-0.127138
		*TM_ROW2 0.113417	-0.992799	0.0385652
		*TM_ROW3 1.71908	-127.245	99.3045
		*TM_POS 1.71908	-127.245	99.3045
		*TM_ROTAXIS -0.54351	0.55108	-0.633173
		*TM_ROTANGLE 2.22034
		*TM_SCALE 1	1	1
		*TM_SCALEAXIS 0	0	0
		*TM_SCALEAXISANG 0	0	0
	}
}
*HELPEROBJECT {
	*NODE_NAME "Bip01 Neck"
	*NODE_PARENT "Bip01 Spine2"
	*NODE_TM {
		*NODE_NAME "Bip01 Neck"
		*TM_ROW0 -0.418706	-0.323974	0.848367
		*TM_ROW1 -0.134049	-0.901916	-0.410582
		*TM_ROW2 0.898174	-0.285635	0.334209
		*TM_ROW3 -2.20068	-126.533	129.025
		*TM_POS -2.20068	-126.533	129.025
		*TM_ROTAXIS -0.53687	0.214011	-0.81607
		*TM_ROTANGLE 3.25822
		*TM_SCALE 1	1	1
		*TM_SCALEAXIS 0	0	0
		*TM_SCALEAXISANG 0	0	0
	}
}
*HELPEROBJECT {
	*NODE_NAME "Bip01 Head"
	*NODE_PARENT "Bip01 Neck"
	*NODE_TM {
		*NODE_NAME "Bip01 Head"
		*TM_ROW0 -0.477585	0.0247585	0.878237
		*TM_ROW1 0.327773	-0.922414	0.204247
		*TM_ROW2 0.815155	0.385407	0.432416
		*TM_ROW3 -5.0643	-128.749	134.827
		*TM_POS -5.0643	-128.749	134.827
		*TM_ROTAXIS -0.505145	-0.175896	-0.84492
		*TM_ROTANGLE 3.32188
		*TM_SCALE 1	1	1
		*TM_SCALEAXIS 0	0	0
		*TM_SCALEAXISANG 0	0	0
	}
}
*HELPEROBJECT {
	*NODE_NAME "zs_Helmet"
	*NODE_PARENT "Bip01 Head"
	*NODE_TM {
		*NODE_NAME "zs_Helmet"
		*TM_ROW0 0.815155	0.385408	0.432416
		*TM_ROW1 -0.289293	0.917628	-0.272522
		*TM_ROW2 -0.501829	0.0970531	0.859505
		*TM_ROW3 -115.949	-188.336	396.969
		*TM_POS -115.949	-188.336	396.969
		*TM_ROTAXIS 0.30538	0.771966	-0.557505
		*TM_ROTANGLE 0.649901
		*TM_SCALE 1	1	1
		*TM_SCALEAXIS 0	0	0
		*TM_SCALEAXISANG 0	0	0
	}
}
*HELPEROBJECT {
	*NODE_NAME "Bip01 L Clavicle"
	*NODE_PARENT "Bip01 Neck"
	*NODE_TM {
		*NODE_NAME "Bip01 L Clavicle"
		*TM_ROW0 0.344645	-0.887358	0.306294
		*TM_ROW1 0.913023	0.3927	0.110341
		*TM_ROW2 -0.218194	0.241626	0.94552
		*TM_ROW3 1.83809	-134.281	124.324
		*TM_POS 1.83809	-134.281	124.324
		*TM_ROTAXIS 0.0698392	0.279011	0.957745
		*TM_ROTANGLE 1.22236
		*TM_SCALE 1	1	1
		*TM_SCALEAXIS 0	0	0
		*TM_SCALEAXISANG 0	0	0
	}
}
*HELPEROBJECT {
	*NODE_NAME "Bip01 L UpperArm"
	*NODE_PARENT "Bip01 L Clavicle"
	*NODE_TM {
		*NODE_NAME "Bip01 L UpperArm"
		*TM_ROW0 0.293336	-0.955738	0.022757
		*TM_ROW1 0.939992	0.284001	-0.189101
		*TM_ROW2 0.174268	0.0768615	0.981694
		*TM_ROW3 6.43083	-146.106	128.406
		*TM_POS 6.43083	-146.106	128.406
		*TM_ROTAXIS 0.138502	-0.0789004	0.987214
		*TM_ROTANGLE 1.28751
		*TM_SCALE 1	1	1
		*TM_SCALEAXIS 0	0	0
		*TM_SCALEAXISANG 0	0	0
	}
}
*HELPEROBJECT {
	*NODE_NAME "Bip01 L Forearm"
	*NODE_PARENT "Bip01 L UpperArm"
	*NODE_TM {
		*NODE_NAME "Bip01 L Forearm"
		*TM_ROW0 0.182564	-0.982187	0.0444917
		*TM_ROW1 0.967626	0.171469	-0.185196
		*TM_ROW2 0.174268	0.0768616	0.981694
		*TM_ROW3 14.6167	-172.777	129.041
		*TM_POS 14.6167	-172.777	129.041
		*TM_ROTAXIS 0.132915	-0.0658221	0.988939
		*TM_ROTANGLE 1.40213
		*TM_SCALE 1	1	1
		*TM_SCALEAXIS 0	0	0
		*TM_SCALEAXISANG 0	0	0
	}
}
*HELPEROBJECT {
	*NODE_NAME "Bip01 L Hand"
	*NODE_PARENT "Bip01 L Forearm"
	*NODE_TM {
		*NODE_NAME "Bip01 L Hand"
		*TM_ROW0 0.237827	-0.963752	0.120911
		*TM_ROW1 -0.30357	-0.191999	-0.933264
		*TM_ROW2 0.92265	0.18525	-0.338229
		*TM_ROW3 19.695	-200.098	130.279
		*TM_POS 19.695	-200.098	130.279
		*TM_ROTAXIS -0.73281	0.52527	-0.432528
		*TM_ROTANGLE 4.00979
		*TM_SCALE 1	1	1
		*TM_SCALEAXIS 0	0	0
		*TM_SCALEAXISANG 0	0	0
	}
}
*HELPEROBJECT {
	*NODE_NAME "Bip01 L Finger0"
	*NODE_PARENT "Bip01 L Hand"
	*NODE_TM {
		*NODE_NAME "Bip01 L Finger0"
		*TM_ROW0 0.237824	-0.963753	0.120916
		*TM_ROW1 -0.304278	-0.192145	-0.933003
		*TM_ROW2 0.922418	0.185098	-0.338945
		*TM_ROW3 22.7558	-212.501	131.835
		*TM_POS 22.7558	-212.501	131.835
		*TM_ROTAXIS -0.732892	0.525367	-0.432272
		*TM_ROTANGLE 4.00923
		*TM_SCALE 1	1	1
		*TM_SCALEAXIS 0	0	0
		*TM_SCALEAXISANG 0	0	0
	}
}
*HELPEROBJECT {
	*NODE_NAME "zs_LeftHand"
	*NODE_PARENT "Bip01 L Hand"
	*NODE_TM {
		*NODE_NAME "zs_LeftHand"
		*TM_ROW0 0.877487	0.283784	-0.386631
		*TM_ROW1 0.368928	-0.914501	0.166071
		*TM_ROW2 -0.306446	-0.288365	-0.907158
		*TM_ROW3 70.0256	-307.124	47.9324
		*TM_POS 70.0256	-307.124	47.9324
		*TM_ROTAXIS -0.96844	-0.170881	0.181448
		*TM_ROTANGLE 2.90476
		*TM_SCALE 1	1	1
		*TM_SCALEAXIS 0	0	0
		*TM_SCALEAXISANG 0	0	0
	}
}
*HELPEROBJECT {
	*NODE_NAME "zs_LeftArm"
	*NODE_PARENT "Bip01 L Forearm"
	*NODE_TM {
		*NODE_NAME "zs_LeftArm"
		*TM_ROW0 0.310276	-0.950359	-0.0233932
		*TM_ROW1 0.942348	0.310718	-0.124234
		*TM_ROW2 0.125336	0.0165024	0.991977
		*TM_ROW3 -98.778	-456.623	221.829
		*TM_POS -98.778	-456.623	221.829
		*TM_ROTAXIS 0.0739261	-0.0781243	0.994199
		*TM_ROTANGLE 1.2593
		*TM_SCALE 1	1	1
		*TM_SCALEAXIS 0	0	0
		*TM_SCALEAXISANG 0	0	0
	}
}
*HELPEROBJECT {
	*NODE_NAME "Bip01 R Clavicle"
	*NODE_PARENT "Bip01 Neck"
	*NODE_TM {
		*NODE_NAME "Bip01 R Clavicle"
		*TM_ROW0 -0.738	0.595433	-0.317515
		*TM_ROW1 0.61066	0.789522	0.0612252
		*TM_ROW2 0.287141	-0.14871	-0.946275
		*TM_ROW3 0.0315401	-118.467	123.71
		*TM_POS 0.0315401	-118.467	123.71
		*TM_ROTAXIS -0.327898	-0.944414	0.0237842
		*TM_ROTANGLE 2.81573
		*TM_SCALE 1	1	1
		*TM_SCALEAXIS 0	0	0
		*TM_SCALEAXISANG 0	0	0
	}
}
*HELPEROBJECT {
	*NODE_NAME "Bip01 R UpperArm"
	*NODE_PARENT "Bip01 R Clavicle"
	*NODE_TM {
		*NODE_NAME "Bip01 R UpperArm"
		*TM_ROW0 -0.583798	-0.785265	-0.206249
		*TM_ROW1 -0.587068	0.583762	-0.560868
		*TM_ROW2 0.560831	-0.206352	-0.801803
		*TM_ROW3 -9.80306	-110.533	119.479
		*TM_POS -9.80306	-110.533	119.479
		*TM_ROTAXIS 0.408442	-0.883761	0.228345
		*TM_ROTANGLE 2.69268
		*TM_SCALE 1	1	1
		*TM_SCALEAXIS 0	0	0
		*TM_SCALEAXISANG 0	0	0
	}
}
*HELPEROBJECT {
	*NODE_NAME "Bip01 R Forearm"
	*NODE_PARENT "Bip01 R UpperArm"
	*NODE_TM {
		*NODE_NAME "Bip01 R Forearm"
		*TM_ROW0 0.683609	-0.430916	0.589059
		*TM_ROW1 -0.467063	-0.878482	-0.100607
		*TM_ROW2 0.560831	-0.206352	-0.801803
		*TM_ROW3 -26.0947	-132.447	113.723
		*TM_POS -26.0947	-132.447	113.723
		*TM_ROTAXIS -0.917427	0.244904	-0.313607
		*TM_ROTANGLE 3.08393
		*TM_SCALE 1	1	1
		*TM_SCALEAXIS 0	0	0
		*TM_SCALEAXISANG 0	0	0
	}
}
*HELPEROBJECT {
	*NODE_NAME "Bip01 R Hand"
	*NODE_PARENT "Bip01 R Forearm"
	*NODE_TM {
		*NODE_NAME "Bip01 R Hand"
		*TM_ROW0 0.393533	-0.90321	0.171298
		*TM_ROW1 0.775966	0.226437	-0.58873
		*TM_ROW2 0.492959	0.364606	0.789971
		*TM_ROW3 -7.07917	-144.433	130.109
		*TM_POS -7.07917	-144.433	130.109
		*TM_ROTAXIS 0.487008	-0.164319	0.857801
		*TM_ROTANGLE 1.36436
		*TM_SCALE 1	1	1
		*TM_SCALEAXIS 0	0	0
		*TM_SCALEAXISANG 0	0	0
	}
}
*HELPEROBJECT {
	*NODE_NAME "Bip01 R Finger0"
	*NODE_PARENT "Bip01 R Hand"
	*NODE_TM {
		*NODE_NAME "Bip01 R Finger0"
		*TM_ROW0 0.393527	-0.903212	0.1713
		*TM_ROW1 0.776344	0.226709	-0.588127
		*TM_ROW2 0.492368	0.364431	0.79042
		*TM_ROW3 -2.01447	-156.057	132.313
		*TM_POS -2.01447	-156.057	132.313
		*TM_ROTAXIS 0.486648	-0.164029	0.858061
		*TM_ROTANGLE 1.364
		*TM_SCALE 1	1	1
		*TM_SCALEAXIS 0	0	0
		*TM_SCALEAXISANG 0	0	0
	}
}
*HELPEROBJECT {
	*NODE_NAME "zs_RightHand"
	*NODE_PARENT "Bip01 R Hand"
	*NODE_TM {
		*NODE_NAME "zs_RightHand"
		*TM_ROW0 -0.371451	0.919948	-0.125378
		*TM_ROW1 -0.856133	-0.391632	-0.337137
		*TM_ROW2 -0.359251	-0.0178894	0.93307
		*TM_ROW3 181.329	-599.313	209.634
		*TM_POS 181.329	-599.313	209.634
		*TM_ROTAXIS 0.175446	0.128527	-0.976063
		*TM_ROTANGLE 1.99875
		*TM_SCALE 1	1	1
		*TM_SCALEAXIS 0	0	0
		*TM_SCALEAXISANG 0	0	0
	}
}
*HELPEROBJECT {
	*NODE_NAME "zs_Crossbow"
	*NODE_PARENT "Bip01 Spine2"
	*NODE_TM {
		*NODE_NAME "zs_Crossbow"
		*TM_ROW0 -0.429523	0.368421	0.824485
		*TM_ROW1 0.055157	0.921993	-0.383258
		*TM_ROW2 -0.90137	-0.119142	-0.416338
		*TM_ROW3 73.7078	263.983	1422.16
		*TM_POS 73.7078	263.983	1422.16
		*TM_ROTAXIS 0.148896	0.972955	-0.176603
		*TM_ROTANGLE 2.05097
		*TM_SCALE 1	1	1
		*TM_SCALEAXIS 0	0	0
		*TM_SCALEAXISANG 0	0	0
	}
}
*HELPEROBJECT {
	*NODE_NAME "zs_Longsword"
	*NODE_PARENT "Bip01 Spine2"
	*NODE_TM {
		*NODE_NAME "zs_Longsword"
		*TM_ROW0 -0.406842	0.486999	0.772859
		*TM_ROW1 0.131206	0.868423	-0.478148
		*TM_ROW2 -0.904027	-0.093127	-0.417208
		*TM_ROW3 45.2646	335.693	1148.54
		*TM_POS 45.2646	335.693	1148.54
		*TM_ROTAXIS 0.219145	0.954445	-0.202509
		*TM_ROTANGLE 2.06896
		*TM_SCALE 1	1	1
		*TM_SCALEAXIS 0	0	0
		*TM_SCALEAXISANG 0	0	0
	}
}
*HELPEROBJECT {
	*NODE_NAME "zs_Shield"
	*NODE_PARENT "Bip01 Spine2"
	*NODE_TM {
		*NODE_NAME "zs_Shield"
		*TM_ROW0 0.410467	0.025452	-0.91152
		*TM_ROW1 0.269615	0.95153	0.14798
		*TM_ROW2 0.871105	-0.306501	0.38371
		*TM_ROW3 395.972	-269.698	456.706
		*TM_POS 395.972	-269.698	456.706
		*TM_ROTAXIS -0.2449	-0.96058	0.131569
		*TM_ROTANGLE 1.18871
		*TM_SCALE 1	1	1
		*TM_SCALEAXIS 0	0	0
		*TM_SCALEAXISANG 0	0	0
	}
}
*HELPEROBJECT {
	*NODE_NAME "zs_Bow"
	*NODE_PARENT "Bip01 Spine2"
	*NODE_TM {
		*NODE_NAME "zs_Bow"
		*TM_ROW0 -0.178247	0.275147	0.944734
		*TM_ROW1 0.95222	0.290217	0.0951357
		*TM_ROW2 -0.248002	0.916552	-0.313731
		*TM_ROW3 514.305	11.2983	144.414
		*TM_POS 514.305	11.2983	144.414
		*TM_ROTAXIS -0.51381	-0.746076	-0.423521
		*TM_ROTANGLE 4.06779
		*TM_SCALE 1	1	1
		*TM_SCALEAXIS 0	0	0
		*TM_SCALEAXISANG 0	0	0
	}
}
*HELPEROBJECT {
	*NODE_NAME "zs_Sword"
	*NODE_PARENT "Bip01 Spine"
	*NODE_TM {
		*NODE_NAME "zs_Sword"
		*TM_ROW0 -0.299451	-0.240778	0.923231
		*TM_ROW1 0.781625	0.493013	0.382099
		*TM_ROW2 -0.547166	0.836041	0.0405649
		*TM_ROW3 234.748	-349.947	107.006
		*TM_POS 234.748	-349.947	107.006
		*TM_ROTAXIS 0.245699	0.795863	0.553384
		*TM_ROTANGLE 1.96377
		*TM_SCALE 1	1	1
		*TM_SCALEAXIS 0	0	0
		*TM_SCALEAXISANG 0	0	0
	}
}
*HELPEROBJECT {
	*NODE_NAME "Bip01 L Thigh"
	*NODE_PARENT "Bip01 Pelvis"
	*NODE_TM {
		*NODE_NAME "Bip01 L Thigh"
		*TM_ROW0 0.0604232	-0.718923	-0.692458
		*TM_ROW1 -0.145901	-0.692636	0.706377
		*TM_ROW2 -0.987452	0.058349	-0.146743
		*TM_ROW3 7.22903	-133.114	73.9948
		*TM_POS 7.22903	-133.114	73.9948
		*TM_ROTAXIS -0.709036	0.322766	0.626969
		*TM_ROTANGLE 2.667
		*TM_SCALE 1	1	1
		*TM_SCALEAXIS 0	0	0
		*TM_SCALEAXISANG 0	0	0
	}
	*TM_ANIMATION {
		*NODE_NAME "Bip01 L Thigh"
		*CONTROL_POS_TRACK {
			*CONTROL_POS_SAMPLE 192	7.23582	17.2272	74.211
			*CONTROL_POS_SAMPLE 384	7.22623	6.78934	75.6645
			*CONTROL_POS_SAMPLE 576	7.22614	-7.61677	76.2573
			*CONTROL_POS_SAMPLE 768	7.22505	-12.8392	76.4145
			*CONTROL_POS_SAMPLE 960	7.22432	-17.3139	76.2612
			*CONTROL_POS_SAMPLE 1152	7.22387	-21.2478	75.835
			*CONTROL_POS_SAMPLE 1344	7.22366	-24.848	75.1753
			*CONTROL_POS_SAMPLE 1536	7.22362	-28.3214	74.3528
			*CONTROL_POS_SAMPLE 1728	7.22368	-31.8752	73.452
			*CONTROL_POS_SAMPLE 1920	7.22379	-35.7163	72.5574
			*CONTROL_POS_SAMPLE 2112	7.22388	-40.0518	71.7534
			*CONTROL_POS_SAMPLE 2304	7.2239	-45.0887	71.1245
			*CONTROL_POS_SAMPLE 2496	7.22387	-50.6597	70.7552
			*CONTROL_POS_SAMPLE 2688	7.22387	-56.4427	71.0263
			*CONTROL_POS_SAMPLE 2880	7.22391	-62.4124	71.9191
			*CONTROL_POS_SAMPLE 3072	7.22398	-68.5431	72.9186
			*CONTROL_POS_SAMPLE 3264	7.22409	-74.8096	73.51
			*CONTROL_POS_SAMPLE 3456	7.22424	-81.1863	73.5198
			*CONTROL_POS_SAMPLE 3648	7.22442	-87.6478	73.2483
			*CONTROL_POS_SAMPLE 3840	7.22465	-94.1686	72.8903
			*CONTROL_POS_SAMPLE 4032	7.22492	-100.723	72.6411
			*CONTROL_POS_SAMPLE 4224	7.22524	-107.287	72.6955
			*CONTROL_POS_SAMPLE 4416	7.22561	-113.833	73.2013
			*CONTROL_POS_SAMPLE 4608	7.22642	-120.336	74.0284
			*CONTROL_POS_SAMPLE 4800	7.22774	-126.772	74.9554
			*CONTROL_POS_SAMPLE 4992	7.22903	-133.114	75.7606
			*CONTROL_POS_SAMPLE 5184	7.22903	-133.114	76.2227
			*CONTROL_POS_SAMPLE 5376	7.22903	-133.114	73.9948
			*CONTROL_POS_SAMPLE 5568	7.22903	-133.114	73.9948
			*CONTROL_POS_SAMPLE 5760	7.22903	-133.114	73.9948
		}
		*CONTROL_ROT_TRACK {
			*CONTROL_ROT_SAMPLE 192	-0.669485	0.432166	0.60417	2.58979
			*CONTROL_ROT_SAMPLE 384	-0.71402	0.335842	0.614317	2.56663
			*CONTROL_ROT_SAMPLE 576	-0.734395	0.242328	0.633988	2.71605
			*CONTROL_ROT_SAMPLE 768	-0.741848	0.20135	0.639625	2.77383
			*CONTROL_ROT_SAMPLE 960	-0.746868	0.167268	0.643591	2.82465
			*CONTROL_ROT_SAMPLE 1152	-0.748652	0.141487	0.64769	2.87268
			*CONTROL_ROT_SAMPLE 1344	-0.749003	0.119913	0.651625	2.91781
			*CONTROL_ROT_SAMPLE 1536	-0.74915	0.09825	0.655073	2.96287
			*CONTROL_ROT_SAMPLE 1728	-0.750241	0.0697673	0.657473	3.01645
			*CONTROL_ROT_SAMPLE 1920	-0.75113	0.0316944	0.659393	3.08631
			*CONTROL_ROT_SAMPLE 2112	-0.750898	-0.0123976	0.660301	3.1668
			*CONTROL_ROT_SAMPLE 2304	-0.750642	-0.0249774	0.660237	3.19375
			*CONTROL_ROT_SAMPLE 2496	-0.7515	0.0215832	0.659379	3.12026
			*CONTROL_ROT_SAMPLE 2688	-0.749526	0.0975446	0.654749	2.99752
			*CONTROL_ROT_SAMPLE 2880	-0.743762	0.168564	0.646842	2.88374
			*CONTROL_ROT_SAMPLE 3072	-0.734994	0.228198	0.638522	2.78609
			*CONTROL_ROT_SAMPLE 3264	-0.723495	0.288446	0.627179	2.68685
			*CONTROL_ROT_SAMPLE 3456	-0.709462	0.34836	0.612624	2.59099
			*CONTROL_ROT_SAMPLE 3648	-0.693766	0.403844	0.59632	2.50452
			*CONTROL_ROT_SAMPLE 3840	-0.678258	0.450427	0.580587	2.43345
			*CONTROL_ROT_SAMPLE 4032	-0.671288	0.465261	0.576979	2.41049
			*CONTROL_ROT_SAMPLE 4224	-0.67261	0.45527	0.583374	2.42599
			*CONTROL_ROT_SAMPLE 4416	-0.678845	0.431539	0.594091	2.46518
			*CONTROL_ROT_SAMPLE 4608	-0.68885	0.394883	0.607909	2.52878
			*CONTROL_ROT_SAMPLE 4800	-0.698447	0.353427	0.622303	2.60119
			*CONTROL_ROT_SAMPLE 4992	-0.707276	0.308514	0.636066	2.68065
			*CONTROL_ROT_SAMPLE 5184	-0.712225	0.305718	0.63188	2.69264
			*CONTROL_ROT_SAMPLE 5376	-0.709036	0.322766	0.626969	2.667
			*CONTROL_ROT_SAMPLE 5568	-0.709036	0.322766	0.626969	2.667
			*CONTROL_ROT_SAMPLE 5760	-0.709036	0.322766	0.626969	2.667
		}
	}
}
*HELPEROBJECT {
	*NODE_NAME "Bip01 L Calf"
	*NODE_PARENT "Bip01 L Thigh"
	*NODE_TM {
		*NODE_NAME "Bip01 L Calf"
		*TM_ROW0 0.149389	0.646407	-0.748226
		*TM_ROW1 0.0511975	-0.760759	-0.647012
		*TM_ROW2 -0.987452	0.058349	-0.146743
		*TM_ROW3 9.60637	-161.4	46.7501
		*TM_POS 9.60637	-161.4	46.7501
		*TM_ROTAXIS -0.739811	-0.25091	0.624279
		*TM_ROTANGLE 3.63851
		*TM_SCALE 1	1	1
		*TM_SCALEAXIS 0	0	0
		*TM_SCALEAXISANG 0	0	0
	}
	*TM_ANIMATION {
		*NODE_NAME "Bip01 L Calf"
		*CONTROL_POS_TRACK {
			*CONTROL_POS_SAMPLE 192	6.38269	-16.3117	53.6579
			*CONTROL_POS_SAMPLE 384	11.1003	-23.7071	51.109
			*CONTROL_POS_SAMPLE 576	11.938	-31.2936	45.1892
			*CONTROL_POS_SAMPLE 768	12.3691	-33.248	43.1724
			*CONTROL_POS_SAMPLE 960	12.64	-34.7914	41.4299
			*CONTROL_POS_SAMPLE 1152	12.6045	-36.2036	39.8435
			*CONTROL_POS_SAMPLE 1344	12.4549	-37.517	38.2951
			*CONTROL_POS_SAMPLE 1536	12.3164	-38.649	36.7307
			*CONTROL_POS_SAMPLE 1728	12.3048	-39.2068	35.1317
			*CONTROL_POS_SAMPLE 1920	12.3015	-39.0216	33.6818
			*CONTROL_POS_SAMPLE 2112	12.2535	-38.6646	32.756
			*CONTROL_POS_SAMPLE 2304	12.2412	-42.26	32.2035
			*CONTROL_POS_SAMPLE 2496	12.3231	-52.4892	31.7851
			*CONTROL_POS_SAMPLE 2688	12.2646	-65.8647	33.1603
			*CONTROL_POS_SAMPLE 2880	11.99	-78.6046	36.3788
			*CONTROL_POS_SAMPLE 3072	11.5197	-90.0728	40.2684
			*CONTROL_POS_SAMPLE 3264	10.9745	-101.236	44.6028
			*CONTROL_POS_SAMPLE 3456	10.3748	-111.808	49.0169
			*CONTROL_POS_SAMPLE 3648	9.75704	-121.489	53.3384
			*CONTROL_POS_SAMPLE 3840	9.1876	-130.176	57.1552
			*CONTROL_POS_SAMPLE 4032	8.86387	-137.317	58.2802
			*CONTROL_POS_SAMPLE 4224	8.76494	-143.486	57.3578
			*CONTROL_POS_SAMPLE 4416	8.81411	-148.979	55.5886
			*CONTROL_POS_SAMPLE 4608	8.98309	-153.551	53.0107
			*CONTROL_POS_SAMPLE 4800	9.14153	-157.409	50.3444
			*CONTROL_POS_SAMPLE 4992	9.30002	-160.52	47.6067
			*CONTROL_POS_SAMPLE 5184	9.72184	-160.189	47.7844
			*CONTROL_POS_SAMPLE 5376	9.60637	-161.4	46.7501
			*CONTROL_POS_SAMPLE 5568	9.60637	-161.4	46.7501
			*CONTROL_POS_SAMPLE 5760	9.60637	-161.4	46.7501
		}
		*CONTROL_ROT_TRACK {
			*CONTROL_ROT_SAMPLE 192	-0.770635	-0.120086	0.62586	3.51032
			*CONTROL_ROT_SAMPLE 384	-0.737517	-0.218813	0.638897	3.50429
			*CONTROL_ROT_SAMPLE 576	-0.721151	-0.294576	0.627029	3.62978
			*CONTROL_ROT_SAMPLE 768	-0.713722	-0.319433	0.623348	3.66094
			*CONTROL_ROT_SAMPLE 960	-0.707603	-0.339505	0.619705	3.6875
			*CONTROL_ROT_SAMPLE 1152	-0.703076	-0.35468	0.616349	3.7177
			*CONTROL_ROT_SAMPLE 1344	-0.699007	-0.368014	0.613151	3.74913
			*CONTROL_ROT_SAMPLE 1536	-0.694848	-0.381102	0.609875	3.77931
			*CONTROL_ROT_SAMPLE 1728	-0.690637	-0.394455	0.606156	3.8049
			*CONTROL_ROT_SAMPLE 1920	-0.687101	-0.405196	0.603082	3.82538
			*CONTROL_ROT_SAMPLE 2112	-0.6849	-0.411436	0.601359	3.83865
			*CONTROL_ROT_SAMPLE 2304	-0.681519	-0.422882	0.597246	3.86047
			*CONTROL_ROT_SAMPLE 2496	-0.674529	-0.448098	0.586702	3.90338
			*CONTROL_ROT_SAMPLE 2688	-0.670929	-0.466232	0.576613	3.93298
			*CONTROL_ROT_SAMPLE 2880	-0.674315	-0.465758	0.573035	3.93241
			*CONTROL_ROT_SAMPLE 3072	-0.68575	-0.438789	0.580699	3.89203
			*CONTROL_ROT_SAMPLE 3264	-0.699843	-0.400367	0.591546	3.83111
			*CONTROL_ROT_SAMPLE 3456	-0.713812	-0.358518	0.601613	3.76242
			*CONTROL_ROT_SAMPLE 3648	-0.727123	-0.312524	0.611245	3.68541
			*CONTROL_ROT_SAMPLE 3840	-0.738815	-0.263783	0.620139	3.60317
			*CONTROL_ROT_SAMPLE 4032	-0.746738	-0.215663	0.629183	3.52804
			*CONTROL_ROT_SAMPLE 4224	-0.751602	-0.169859	0.637372	3.46073
			*CONTROL_ROT_SAMPLE 4416	-0.753687	-0.136863	0.642826	3.4157
			*CONTROL_ROT_SAMPLE 4608	-0.749077	-0.171189	0.639983	3.48598
			*CONTROL_ROT_SAMPLE 4800	-0.742813	-0.2072	0.63663	3.55976
			*CONTROL_ROT_SAMPLE 4992	-0.73583	-0.239967	0.633221	3.6276
			*CONTROL_ROT_SAMPLE 5184	-0.740414	-0.237968	0.628617	3.61947
			*CONTROL_ROT_SAMPLE 5376	-0.739811	-0.25091	0.624279	3.63851
			*CONTROL_ROT_SAMPLE 5568	-0.739811	-0.25091	0.624279	3.63851
			*CONTROL_ROT_SAMPLE 5760	-0.739811	-0.25091	0.624279	3.63851
		}
	}
}
*HELPEROBJECT {
	*NODE_NAME "Bip01 L Foot"
	*NODE_PARENT "Bip01 L Calf"
	*NODE_TM {
		*NODE_NAME "Bip01 L Foot"
		*TM_ROW0 0.000337569	-0.00015917	-1
		*TM_ROW1 -0.108085	-0.994142	0.000121749
		*TM_ROW2 -0.994142	0.108085	-0.000352795
		*TM_ROW3 16.941	-129.663	10.014
		*TM_POS 16.941	-129.663	10.014
		*TM_ROTAXIS -0.706709	0.0383477	0.706464
		*TM_ROTANGLE 3.21805
		*TM_SCALE 1	1	1
		*TM_SCALEAXIS 0	0	0
		*TM_SCALEAXISANG 0	0	0
	}
	*TM_ANIMATION {
		*NODE_NAME "Bip01 L Foot"
		*CONTROL_POS_TRACK {
			*CONTROL_POS_SAMPLE 192	16.9413	3.54541	10.014
			*CONTROL_POS_SAMPLE 384	16.8709	2.75351	10.1564
			*CONTROL_POS_SAMPLE 576	16.6603	2.78728	10.1639
			*CONTROL_POS_SAMPLE 768	16.4682	2.85293	10.1497
			*CONTROL_POS_SAMPLE 960	16.2719	2.88118	10.1542
			*CONTROL_POS_SAMPLE 1152	16.0538	2.79219	10.2122
			*CONTROL_POS_SAMPLE 1344	15.8294	2.66801	10.2888
			*CONTROL_POS_SAMPLE 1536	15.6196	2.62578	10.3477
			*CONTROL_POS_SAMPLE 1728	15.4892	3.03248	10.3066
			*CONTROL_POS_SAMPLE 1920	15.3894	3.94948	10.1334
			*CONTROL_POS_SAMPLE 2112	15.2985	4.73296	9.99735
			*CONTROL_POS_SAMPLE 2304	15.2585	1.84927	10.8528
			*CONTROL_POS_SAMPLE 2496	15.2992	-7.02878	13.48
			*CONTROL_POS_SAMPLE 2688	15.3909	-19.5739	17.0987
			*CONTROL_POS_SAMPLE 2880	15.4863	-32.3386	20.3224
			*CONTROL_POS_SAMPLE 3072	15.585	-45.0509	21.1091
			*CONTROL_POS_SAMPLE 3264	15.6936	-58.3881	21.0994
			*CONTROL_POS_SAMPLE 3456	15.8038	-71.8408	21.0219
			*CONTROL_POS_SAMPLE 3648	15.9141	-85.2561	20.7825
			*CONTROL_POS_SAMPLE 3840	16.023	-98.4808	20.2873
			*CONTROL_POS_SAMPLE 4032	16.1235	-110.443	17.8366
			*CONTROL_POS_SAMPLE 4224	16.217	-121.448	14.1216
			*CONTROL_POS_SAMPLE 4416	16.2875	-130.496	10.721
			*CONTROL_POS_SAMPLE 4608	16.2497	-130.72	10.1559
			*CONTROL_POS_SAMPLE 4800	16.1215	-130.254	10.0399
			*CONTROL_POS_SAMPLE 4992	15.9769	-129.663	10.0055
			*CONTROL_POS_SAMPLE 5184	16.941	-129.663	10.014
			*CONTROL_POS_SAMPLE 5376	16.941	-129.663	10.014
			*CONTROL_POS_SAMPLE 5568	16.941	-129.663	10.014
			*CONTROL_POS_SAMPLE 5760	16.941	-129.663	10.014
		}
		*CONTROL_ROT_TRACK {
			*CONTROL_ROT_SAMPLE 192	-0.75715	-0.10225	0.645189	3.25046
			*CONTROL_ROT_SAMPLE 384	-0.706156	0.0555989	0.70587	3.25244
			*CONTROL_ROT_SAMPLE 576	-0.706157	0.0555705	0.705871	3.25239
			*CONTROL_ROT_SAMPLE 768	-0.70613	0.0562773	0.705842	3.25379
			*CONTROL_ROT_SAMPLE 960	-0.706117	0.0566156	0.705828	3.25447
			*CONTROL_ROT_SAMPLE 1152	-0.706147	0.0558453	0.70586	3.25293
			*CONTROL_ROT_SAMPLE 1344	-0.706192	0.0546658	0.705907	3.25059
			*CONTROL_ROT_SAMPLE 1536	-0.706232	0.0535783	0.70595	3.24842
			*CONTROL_ROT_SAMPLE 1728	-0.706249	0.053118	0.705968	3.2475
			*CONTROL_ROT_SAMPLE 1920	-0.706258	0.0528622	0.705978	3.24699
			*CONTROL_ROT_SAMPLE 2112	-0.706266	0.052633	0.705987	3.24654
			*CONTROL_ROT_SAMPLE 2304	-0.706282	0.0522145	0.706003	3.2457
			*CONTROL_ROT_SAMPLE 2496	-0.706308	0.0514768	0.706031	3.24423
			*CONTROL_ROT_SAMPLE 2688	-0.70634	0.0505498	0.706065	3.24238
			*CONTROL_ROT_SAMPLE 2880	-0.706372	0.0496062	0.7061	3.2405
			*CONTROL_ROT_SAMPLE 3072	-0.706405	0.0486357	0.706135	3.23857
			*CONTROL_ROT_SAMPLE 3264	-0.706438	0.0476293	0.70617	3.23656
			*CONTROL_ROT_SAMPLE 3456	-0.70647	0.0466179	0.706205	3.23455
			*CONTROL_ROT_SAMPLE 3648	-0.706502	0.0456047	0.70624	3.23253
			*CONTROL_ROT_SAMPLE 3840	-0.706533	0.0445933	0.706273	3.23051
			*CONTROL_ROT_SAMPLE 4032	-0.706564	0.0435877	0.706306	3.2285
			*CONTROL_ROT_SAMPLE 4224	-0.706593	0.0425794	0.706338	3.22649
			*CONTROL_ROT_SAMPLE 4416	-0.706622	0.0415639	0.70637	3.22447
			*CONTROL_ROT_SAMPLE 4608	-0.706651	0.0405156	0.706401	3.22238
			*CONTROL_ROT_SAMPLE 4800	-0.70668	0.0394347	0.706433	3.22022
			*CONTROL_ROT_SAMPLE 4992	-0.706709	0.0383477	0.706464	3.21805
			*CONTROL_ROT_SAMPLE 5184	-0.706709	0.0383477	0.706464	3.21805
			*CONTROL_ROT_SAMPLE 5376	-0.706709	0.0383477	0.706464	3.21805
			*CONTROL_ROT_SAMPLE 5568	-0.706709	0.0383477	0.706464	3.21805
			*CONTROL_ROT_SAMPLE 5760	-0.706709	0.0383477	0.706464	3.21805
		}
	}
}
*HELPEROBJECT {
	*NODE_NAME "Bip01 L Toe0"
	*NODE_PARENT "Bip01 L Foot"
	*NODE_TM {
		*NODE_NAME "Bip01 L Toe0"
		*TM_ROW0 -0.108085	-0.994142	4.63444e-005
		*TM_ROW1 -0.000347825	8.44239e-005	1
		*TM_ROW2 -0.994142	0.108085	-0.000354912
		*TM_ROW3 14.4978	-152.176	-2.60998
		*TM_POS 14.4978	-152.176	-2.60998
		*TM_ROTAXIS 0.53575	-0.597183	-0.596946
		*TM_ROTANGLE 4.12501
		*TM_SCALE 1	1	1
		*TM_SCALEAXIS 0	0	0
		*TM_SCALEAXISANG 0	0	0
	}
	*TM_ANIMATION {
		*NODE_NAME "Bip01 L Toe0"
		*CONTROL_POS_TRACK {
			*CONTROL_POS_SAMPLE 192	20.7321	-15.6578	-6.98728
			*CONTROL_POS_SAMPLE 384	13.3351	-19.6142	-2.46731
			*CONTROL_POS_SAMPLE 576	13.1262	-19.5807	-2.45987
			*CONTROL_POS_SAMPLE 768	12.8896	-19.508	-2.47407
			*CONTROL_POS_SAMPLE 960	12.672	-19.4763	-2.46953
			*CONTROL_POS_SAMPLE 1152	12.5024	-19.5731	-2.4115
			*CONTROL_POS_SAMPLE 1344	12.3525	-19.709	-2.33496
			*CONTROL_POS_SAMPLE 1536	12.2113	-19.7617	-2.27607
			*CONTROL_POS_SAMPLE 1728	12.11	-19.3594	-2.31721
			*CONTROL_POS_SAMPLE 1920	12.0263	-18.4449	-2.49042
			*CONTROL_POS_SAMPLE 2112	11.9499	-17.6636	-2.62643
			*CONTROL_POS_SAMPLE 2304	11.9364	-20.5512	-1.77093
			*CONTROL_POS_SAMPLE 2496	12.0237	-29.4361	0.856246
			*CONTROL_POS_SAMPLE 2688	12.174	-41.9898	4.47491
			*CONTROL_POS_SAMPLE 2880	12.3291	-54.7628	7.69861
			*CONTROL_POS_SAMPLE 3072	12.4892	-67.4837	8.48526
			*CONTROL_POS_SAMPLE 3264	12.6616	-80.8296	8.47561
			*CONTROL_POS_SAMPLE 3456	12.8358	-94.2909	8.39807
			*CONTROL_POS_SAMPLE 3648	13.0103	-107.715	8.15868
			*CONTROL_POS_SAMPLE 3840	13.1833	-120.948	7.66341
			*CONTROL_POS_SAMPLE 4032	13.3476	-132.918	5.21268
			*CONTROL_POS_SAMPLE 4224	13.5051	-143.93	1.49771
			*CONTROL_POS_SAMPLE 4416	13.64	-152.986	-1.90295
			*CONTROL_POS_SAMPLE 4608	13.6687	-153.218	-2.46804
			*CONTROL_POS_SAMPLE 4800	13.6092	-152.759	-2.58408
			*CONTROL_POS_SAMPLE 4992	13.5337	-152.176	-2.61851
			*CONTROL_POS_SAMPLE 5184	14.4978	-152.176	-2.60998
			*CONTROL_POS_SAMPLE 5376	14.4978	-152.176	-2.60998
			*CONTROL_POS_SAMPLE 5568	14.4978	-152.176	-2.60998
			*CONTROL_POS_SAMPLE 5760	14.4978	-152.176	-2.60998
		}
		*CONTROL_ROT_TRACK {
			*CONTROL_ROT_SAMPLE 192	-0.66762	0.508765	0.543545	2.28114
			*CONTROL_ROT_SAMPLE 384	0.517057	-0.60539	-0.605107	4.09571
			*CONTROL_ROT_SAMPLE 576	0.517088	-0.605377	-0.605094	4.09575
			*CONTROL_ROT_SAMPLE 768	0.516323	-0.605704	-0.60542	4.09455
			*CONTROL_ROT_SAMPLE 960	0.515957	-0.60586	-0.605575	4.09397
			*CONTROL_ROT_SAMPLE 1152	0.516791	-0.605504	-0.605221	4.09528
			*CONTROL_ROT_SAMPLE 1344	0.518067	-0.604957	-0.604676	4.0973
			*CONTROL_ROT_SAMPLE 1536	0.519244	-0.604451	-0.604173	4.09916
			*CONTROL_ROT_SAMPLE 1728	0.519742	-0.604236	-0.603959	4.09994
			*CONTROL_ROT_SAMPLE 1920	0.520019	-0.604116	-0.603841	4.10038
			*CONTROL_ROT_SAMPLE 2112	0.520268	-0.604009	-0.603734	4.10077
			*CONTROL_ROT_SAMPLE 2304	0.520721	-0.603813	-0.603539	4.10149
			*CONTROL_ROT_SAMPLE 2496	0.521519	-0.603467	-0.603195	4.10274
			*CONTROL_ROT_SAMPLE 2688	0.522523	-0.603032	-0.602762	4.10432
			*CONTROL_ROT_SAMPLE 2880	0.523545	-0.602587	-0.60232	4.10593
			*CONTROL_ROT_SAMPLE 3072	0.524597	-0.602128	-0.601864	4.10758
			*CONTROL_ROT_SAMPLE 3264	0.525687	-0.601651	-0.601389	4.10929
			*CONTROL_ROT_SAMPLE 3456	0.526783	-0.60117	-0.600911	4.11101
			*CONTROL_ROT_SAMPLE 3648	0.527881	-0.600687	-0.600431	4.11273
			*CONTROL_ROT_SAMPLE 3840	0.528977	-0.600203	-0.59995	4.11445
			*CONTROL_ROT_SAMPLE 4032	0.530067	-0.599721	-0.59947	4.11615
			*CONTROL_ROT_SAMPLE 4224	0.53116	-0.599235	-0.598987	4.11786
			*CONTROL_ROT_SAMPLE 4416	0.532262	-0.598745	-0.5985	4.11958
			*CONTROL_ROT_SAMPLE 4608	0.533398	-0.598237	-0.597995	4.12135
			*CONTROL_ROT_SAMPLE 4800	0.534571	-0.597712	-0.597473	4.12318
			*CONTROL_ROT_SAMPLE 4992	0.53575	-0.597183	-0.596946	4.12501
			*CONTROL_ROT_SAMPLE 5184	0.53575	-0.597183	-0.596946	4.12501
			*CONTROL_ROT_SAMPLE 5376	0.53575	-0.597183	-0.596946	4.12501
			*CONTROL_ROT_SAMPLE 5568	0.53575	-0.597183	-0.596946	4.12501
			*CONTROL_ROT_SAMPLE 5760	0.53575	-0.597183	-0.596946	4.12501
		}
	}
}
*HELPEROBJECT {
	*NODE_NAME "Bip01 R Thigh"
	*NODE_PARENT "Bip01 Pelvis"
	*NODE_TM {
		*NODE_NAME "Bip01 R Thigh"
		*TM_ROW0 -0.601715	-0.178282	-0.778559
		*TM_ROW1 -0.4416	-0.737972	0.510281
		*TM_ROW2 -0.665529	0.650856	0.36532
		*TM_ROW3 -2.63123	-118.048	74.7258
		*TM_POS -2.63123	-118.048	74.7258
		*TM_ROTAXIS 0.440428	-0.354132	-0.824993
		*TM_ROTANGLE 2.98132
		*TM_SCALE 1	1	1
		*TM_SCALEAXIS 0	0	0
		*TM_SCALEAXISANG 0	0	0
	}
	*TM_ANIMATION {
		*NODE_NAME "Bip01 R Thigh"
		*CONTROL_POS_TRACK {
			*CONTROL_POS_SAMPLE 192	-2.6395	32.2831	74.9421
			*CONTROL_POS_SAMPLE 384	-2.64703	21.8466	76.3957
			*CONTROL_POS_SAMPLE 576	-2.64538	7.4416	76.9884
			*CONTROL_POS_SAMPLE 768	-2.645	2.22012	77.1456
			*CONTROL_POS_SAMPLE 960	-2.64449	-2.25373	76.9923
			*CONTROL_POS_SAMPLE 1152	-2.64388	-6.18695	76.5661
			*CONTROL_POS_SAMPLE 1344	-2.64319	-9.78654	75.9064
			*CONTROL_POS_SAMPLE 1536	-2.64243	-13.2595	75.0839
			*CONTROL_POS_SAMPLE 1728	-2.64163	-16.8128	74.1831
			*CONTROL_POS_SAMPLE 1920	-2.64081	-20.6534	73.2884
			*CONTROL_POS_SAMPLE 2112	-2.63999	-24.9884	72.4844
			*CONTROL_POS_SAMPLE 2304	-2.63918	-30.0248	71.8556
			*CONTROL_POS_SAMPLE 2496	-2.6384	-35.5953	71.4862
			*CONTROL_POS_SAMPLE 2688	-2.63763	-41.3778	71.7573
			*CONTROL_POS_SAMPLE 2880	-2.63687	-47.347	72.6501
			*CONTROL_POS_SAMPLE 3072	-2.63612	-53.4773	73.6497
			*CONTROL_POS_SAMPLE 3264	-2.63539	-59.7433	74.241
			*CONTROL_POS_SAMPLE 3456	-2.63468	-66.1196	74.2508
			*CONTROL_POS_SAMPLE 3648	-2.63398	-72.5808	73.9793
			*CONTROL_POS_SAMPLE 3840	-2.63331	-79.1013	73.6214
			*CONTROL_POS_SAMPLE 4032	-2.63266	-85.6558	73.3721
			*CONTROL_POS_SAMPLE 4224	-2.63203	-92.2189	73.4265
			*CONTROL_POS_SAMPLE 4416	-2.63142	-98.7649	73.9323
			*CONTROL_POS_SAMPLE 4608	-2.63111	-105.269	74.7594
			*CONTROL_POS_SAMPLE 4800	-2.63116	-111.705	75.6864
			*CONTROL_POS_SAMPLE 4992	-2.63123	-118.048	76.4917
			*CONTROL_POS_SAMPLE 5184	-2.63123	-118.048	76.9537
			*CONTROL_POS_SAMPLE 5376	-2.63123	-118.048	74.7258
			*CONTROL_POS_SAMPLE 5568	-2.63123	-118.048	74.7258
			*CONTROL_POS_SAMPLE 5760	-2.63123	-118.048	74.7258
		}
		*CONTROL_ROT_TRACK {
			*CONTROL_ROT_SAMPLE 192	0.392039	-0.371986	-0.841387	2.82283
			*CONTROL_ROT_SAMPLE 384	0.377168	-0.366856	-0.850389	2.80604
			*CONTROL_ROT_SAMPLE 576	0.351829	-0.415582	-0.838753	2.95976
			*CONTROL_ROT_SAMPLE 768	0.332625	-0.509779	-0.793402	3.16874
			*CONTROL_ROT_SAMPLE 960	0.329881	-0.559478	-0.76037	3.26377
			*CONTROL_ROT_SAMPLE 1152	0.331582	-0.603645	-0.725028	3.3406
			*CONTROL_ROT_SAMPLE 1344	0.33727	-0.641401	-0.689096	3.40069
			*CONTROL_ROT_SAMPLE 1536	0.346796	-0.672208	-0.654117	3.44546
			*CONTROL_ROT_SAMPLE 1728	0.360257	-0.695801	-0.62135	3.47657
			*CONTROL_ROT_SAMPLE 1920	0.377931	-0.712039	-0.591751	3.49597
			*CONTROL_ROT_SAMPLE 2112	0.416597	-0.699909	-0.58015	3.45371
			*CONTROL_ROT_SAMPLE 2304	0.445031	-0.67824	-0.584754	3.39835
			*CONTROL_ROT_SAMPLE 2496	0.43151	-0.673578	-0.600077	3.39915
			*CONTROL_ROT_SAMPLE 2688	0.41657	-0.663997	-0.620949	3.39351
			*CONTROL_ROT_SAMPLE 2880	0.409334	-0.643598	-0.646705	3.37237
			*CONTROL_ROT_SAMPLE 3072	0.409541	-0.614361	-0.674416	3.34099
			*CONTROL_ROT_SAMPLE 3264	0.411173	-0.581091	-0.702332	3.30676
			*CONTROL_ROT_SAMPLE 3456	0.413185	-0.544828	-0.729685	3.27116
			*CONTROL_ROT_SAMPLE 3648	0.417123	-0.504686	-0.755844	3.22871
			*CONTROL_ROT_SAMPLE 3840	0.423308	-0.461186	-0.779819	3.17646
			*CONTROL_ROT_SAMPLE 4032	0.431594	-0.415593	-0.800631	3.11266
			*CONTROL_ROT_SAMPLE 4224	0.444115	-0.365276	-0.818129	3.03202
			*CONTROL_ROT_SAMPLE 4416	0.454597	-0.326639	-0.828643	2.96907
			*CONTROL_ROT_SAMPLE 4608	0.438192	-0.352851	-0.826731	3.03666
			*CONTROL_ROT_SAMPLE 4800	0.431473	-0.361949	-0.826332	3.04085
			*CONTROL_ROT_SAMPLE 4992	0.431469	-0.358655	-0.827769	3.01074
			*CONTROL_ROT_SAMPLE 5184	0.451026	-0.349567	-0.821205	2.94866
			*CONTROL_ROT_SAMPLE 5376	0.440428	-0.354132	-0.824993	2.98132
			*CONTROL_ROT_SAMPLE 5568	0.440428	-0.354132	-0.824993	2.98132
			*CONTROL_ROT_SAMPLE 5760	0.440428	-0.354132	-0.824993	2.98132
		}
	}
}
*HELPEROBJECT {
	*NODE_NAME "Bip01 R Calf"
	*NODE_PARENT "Bip01 R Thigh"
	*NODE_TM {
		*NODE_NAME "Bip01 R Calf"
		*TM_ROW0 0.31294	0.687693	-0.655093
		*TM_ROW1 -0.677599	-0.321659	-0.661359
		*TM_ROW2 -0.665529	0.650856	0.36532
		*TM_ROW3 -26.3056	-125.062	44.0935
		*TM_POS -26.3056	-125.062	44.0935
