*3DSMAX_ASCIIEXPORT	110
*COMMENT "This file is part of Gothic Free Aim Copyright (C) 2016-2018  mud-freak (@szapp)"
*COMMENT "<http://github.com/szapp/GothicFreeAim>"
*COMMENT "Animations: first iteration"
*SCENE {
	*SCENE_FILENAME "magIK_FRZ_front.max"
	*SCENE_FIRSTFRAME 1
	*SCENE_LASTFRAME 27
	*SCENE_FRAMESPEED 25
	*SCENE_TICKSPERFRAME 192
	*SCENE_BACKGROUND_STATIC 0	0	0
	*SCENE_AMBIENT_STATIC 0.2	0.2	0.2
}
*HELPEROBJECT {
	*NODE_NAME "Bip01"
	*NODE_TM {
		*NODE_NAME "Bip01"
		*TM_ROW0 0.580931	-0.765981	-0.275304
		*TM_ROW1 0.792383	0.609555	-0.0239287
		*TM_ROW2 0.186142	-0.204245	0.961059
		*TM_ROW3 -20.6701	11.9132	92.5513
		*TM_POS -20.6701	11.9132	92.5513
		*TM_ROTAXIS -0.11027	-0.282192	0.953
		*TM_ROTANGLE 0.957247
		*TM_SCALE 1	1	1
		*TM_SCALEAXIS 0	0	0
		*TM_SCALEAXISANG 0	0	0
	}
	*TM_ANIMATION {
		*NODE_NAME "Bip01"
		*CONTROL_POS_TRACK {
			*CONTROL_POS_SAMPLE 192	-20.6701	11.9132	92.5513
			*CONTROL_POS_SAMPLE 384	-20.6701	1.25799	92.2622
			*CONTROL_POS_SAMPLE 576	-20.6701	-5.29339	92.1324
			*CONTROL_POS_SAMPLE 768	-20.6701	-9.96586	91.9955
			*CONTROL_POS_SAMPLE 960	-20.6701	-14.9843	91.6851
			*CONTROL_POS_SAMPLE 1152	-20.6701	-20.5917	91.0631
			*CONTROL_POS_SAMPLE 1344	-20.6701	-25.718	90.2341
			*CONTROL_POS_SAMPLE 1536	-20.6701	-30.6194	89.3953
			*CONTROL_POS_SAMPLE 1728	-20.6701	-35.552	88.7439
			*CONTROL_POS_SAMPLE 1920	-20.6701	-40.4211	88.4926
			*CONTROL_POS_SAMPLE 2112	-20.6701	-45.1852	88.6504
			*CONTROL_POS_SAMPLE 2304	-20.6701	-50.01	89.0527
			*CONTROL_POS_SAMPLE 2496	-20.6701	-54.837	89.6129
			*CONTROL_POS_SAMPLE 2688	-20.6701	-59.6648	90.2448
			*CONTROL_POS_SAMPLE 2880	-20.6701	-64.4925	90.8618
			*CONTROL_POS_SAMPLE 3072	-20.6701	-69.3199	91.3773
			*CONTROL_POS_SAMPLE 3264	-20.6701	-74.1476	91.7051
			*CONTROL_POS_SAMPLE 3456	-20.6701	-78.9754	91.7949
			*CONTROL_POS_SAMPLE 3648	-20.6701	-83.8031	91.7069
			*CONTROL_POS_SAMPLE 3840	-20.6701	-88.6309	91.5203
			*CONTROL_POS_SAMPLE 4032	-20.6701	-93.4587	91.3143
			*CONTROL_POS_SAMPLE 4224	-20.6701	-98.2865	91.1682
			*CONTROL_POS_SAMPLE 4416	-20.6701	-103.114	91.1525
			*CONTROL_POS_SAMPLE 4608	-20.6701	-107.942	91.3507
			*CONTROL_POS_SAMPLE 4800	-20.6701	-112.77	91.7172
			*CONTROL_POS_SAMPLE 4992	-20.6701	-117.598	92.1511
			*CONTROL_POS_SAMPLE 5184	-20.6701	-122.425	92.5513
		}
		*CONTROL_ROT_TRACK {
			*CONTROL_ROT_SAMPLE 192	-0.11027	-0.282192	0.953	0.957247
			*CONTROL_ROT_SAMPLE 384	-0.108776	-0.28842	0.951305	0.953341
			*CONTROL_ROT_SAMPLE 576	-0.107264	-0.294682	0.949556	0.94947
			*CONTROL_ROT_SAMPLE 768	-0.105737	-0.300978	0.947751	0.945636
			*CONTROL_ROT_SAMPLE 960	-0.104194	-0.307308	0.945889	0.941839
			*CONTROL_ROT_SAMPLE 1152	-0.102634	-0.31367	0.943969	0.938079
			*CONTROL_ROT_SAMPLE 1344	-0.101058	-0.320065	0.94199	0.934357
			*CONTROL_ROT_SAMPLE 1536	-0.0994648	-0.326491	0.939952	0.930673
			*CONTROL_ROT_SAMPLE 1728	-0.0978556	-0.332949	0.937854	0.927028
			*CONTROL_ROT_SAMPLE 1920	-0.101814	-0.329909	0.938506	0.928006
			*CONTROL_ROT_SAMPLE 2112	-0.105762	-0.326867	0.939134	0.929005
			*CONTROL_ROT_SAMPLE 2304	-0.1097	-0.323823	0.939736	0.930024
			*CONTROL_ROT_SAMPLE 2496	-0.113627	-0.320777	0.940314	0.931062
			*CONTROL_ROT_SAMPLE 2688	-0.117543	-0.31773	0.940867	0.932121
			*CONTROL_ROT_SAMPLE 2880	-0.121447	-0.314681	0.941396	0.9332
			*CONTROL_ROT_SAMPLE 3072	-0.123283	-0.310601	0.942512	0.935415
			*CONTROL_ROT_SAMPLE 3264	-0.125108	-0.306533	0.943602	0.937648
			*CONTROL_ROT_SAMPLE 3456	-0.126922	-0.302476	0.944669	0.939897
			*CONTROL_ROT_SAMPLE 3648	-0.128726	-0.298431	0.945711	0.942163
			*CONTROL_ROT_SAMPLE 3840	-0.130519	-0.294398	0.946728	0.944446
			*CONTROL_ROT_SAMPLE 4032	-0.132301	-0.290377	0.947722	0.946745
			*CONTROL_ROT_SAMPLE 4224	-0.134073	-0.286368	0.948693	0.949061
			*CONTROL_ROT_SAMPLE 4416	-0.129288	-0.285541	0.949606	0.950659
			*CONTROL_ROT_SAMPLE 4608	-0.124516	-0.28471	0.950492	0.952277
			*CONTROL_ROT_SAMPLE 4800	-0.119755	-0.283875	0.951354	0.953914
			*CONTROL_ROT_SAMPLE 4992	-0.115006	-0.283035	0.952189	0.955571
			*CONTROL_ROT_SAMPLE 5184	-0.11027	-0.282192	0.953	0.957247
		}
	}
}
*HELPEROBJECT {
	*NODE_NAME "Bip01 Footsteps"
	*NODE_PARENT "Bip01"
	*NODE_TM {
		*NODE_NAME "Bip01 Footsteps"
		*TM_ROW0 1	0	0
		*TM_ROW1 0	1	0
		*TM_ROW2 0	0	1
		*TM_ROW3 -20.6701	11.9132	-2.29553
		*TM_POS -20.6701	11.9132	-2.29553
		*TM_ROTAXIS 0	0	0
		*TM_ROTANGLE 0
		*TM_SCALE 1	1	1
		*TM_SCALEAXIS 0	0	0
		*TM_SCALEAXISANG 0	0	0
	}
}
*HELPEROBJECT {
	*NODE_NAME "Bip01 Pelvis"
	*NODE_PARENT "Bip01"
	*NODE_TM {
		*NODE_NAME "Bip01 Pelvis"
		*TM_ROW0 0.182833	-0.206787	0.961151
		*TM_ROW1 0.580932	-0.76598	-0.275304
		*TM_ROW2 0.793152	0.608698	-0.0199174
		*TM_ROW3 -22.5846	12.1596	92.9745
		*TM_POS -22.5846	12.1596	92.9745
		*TM_ROTAXIS -0.739192	-0.140479	-0.658681
		*TM_ROTANGLE 3.78254
		*TM_SCALE 1	1	1
		*TM_SCALEAXIS 0	0	0
		*TM_SCALEAXISANG 0	0	0
	}
	*TM_ANIMATION {
		*NODE_NAME "Bip01 Pelvis"
		*CONTROL_POS_TRACK {
			*CONTROL_POS_SAMPLE 192	-22.5846	12.1596	92.9745
			*CONTROL_POS_SAMPLE 384	-22.584	1.49322	92.6942
			*CONTROL_POS_SAMPLE 576	-22.5833	-5.06928	92.5733
			*CONTROL_POS_SAMPLE 768	-22.5825	-9.75288	92.4452
			*CONTROL_POS_SAMPLE 960	-22.5817	-14.7825	92.1436
			*CONTROL_POS_SAMPLE 1152	-22.5807	-20.401	91.5304
			*CONTROL_POS_SAMPLE 1344	-22.5796	-25.5384	90.7102
			*CONTROL_POS_SAMPLE 1536	-22.5784	-30.451	89.8801
			*CONTROL_POS_SAMPLE 1728	-22.5771	-35.3947	89.2375
			*CONTROL_POS_SAMPLE 1920	-22.5785	-40.2608	88.9797
			*CONTROL_POS_SAMPLE 2112	-22.5799	-45.0219	89.131
			*CONTROL_POS_SAMPLE 2304	-22.5813	-49.8438	89.5268
			*CONTROL_POS_SAMPLE 2496	-22.5826	-54.6677	90.0806
			*CONTROL_POS_SAMPLE 2688	-22.5839	-59.4925	90.706
			*CONTROL_POS_SAMPLE 2880	-22.5852	-64.3171	91.3165
			*CONTROL_POS_SAMPLE 3072	-22.586	-69.138	91.8258
			*CONTROL_POS_SAMPLE 3264	-22.5868	-73.9592	92.1474
			*CONTROL_POS_SAMPLE 3456	-22.5876	-78.7804	92.231
			*CONTROL_POS_SAMPLE 3648	-22.5883	-83.6016	92.1368
			*CONTROL_POS_SAMPLE 3840	-22.589	-88.4228	91.944
			*CONTROL_POS_SAMPLE 4032	-22.5896	-93.2441	91.7319
			*CONTROL_POS_SAMPLE 4224	-22.5902	-98.0653	91.5795
			*CONTROL_POS_SAMPLE 4416	-22.5891	-102.888	91.5663
			*CONTROL_POS_SAMPLE 4608	-22.588	-107.711	91.7668
			*CONTROL_POS_SAMPLE 4800	-22.5869	-112.534	92.1357
			*CONTROL_POS_SAMPLE 4992	-22.5857	-117.356	92.572
			*CONTROL_POS_SAMPLE 5184	-22.5846	-122.179	92.9745
		}
		*CONTROL_ROT_TRACK {
			*CONTROL_ROT_SAMPLE 192	-0.739192	-0.140479	-0.658681	3.78254
			*CONTROL_ROT_SAMPLE 384	-0.740682	-0.141538	-0.656778	3.78764
			*CONTROL_ROT_SAMPLE 576	-0.742177	-0.142602	-0.654857	3.79274
			*CONTROL_ROT_SAMPLE 768	-0.743676	-0.143669	-0.652921	3.79783
			*CONTROL_ROT_SAMPLE 960	-0.745178	-0.14474	-0.650968	3.80291
			*CONTROL_ROT_SAMPLE 1152	-0.746683	-0.145815	-0.649001	3.80798
			*CONTROL_ROT_SAMPLE 1344	-0.748191	-0.146894	-0.647018	3.81305
			*CONTROL_ROT_SAMPLE 1536	-0.7497	-0.147976	-0.645022	3.81811
			*CONTROL_ROT_SAMPLE 1728	-0.751211	-0.149061	-0.643011	3.82317
			*CONTROL_ROT_SAMPLE 1920	-0.74981	-0.148245	-0.644832	3.82282
			*CONTROL_ROT_SAMPLE 2112	-0.748408	-0.14743	-0.646646	3.82248
			*CONTROL_ROT_SAMPLE 2304	-0.747004	-0.146616	-0.648451	3.82212
			*CONTROL_ROT_SAMPLE 2496	-0.745599	-0.145804	-0.650248	3.82176
			*CONTROL_ROT_SAMPLE 2688	-0.744192	-0.144991	-0.652039	3.8214
			*CONTROL_ROT_SAMPLE 2880	-0.742783	-0.144179	-0.653824	3.82103
			*CONTROL_ROT_SAMPLE 3072	-0.741627	-0.143405	-0.655304	3.81835
			*CONTROL_ROT_SAMPLE 3264	-0.74047	-0.142632	-0.65678	3.81567
			*CONTROL_ROT_SAMPLE 3456	-0.739312	-0.141859	-0.65825	3.81299
			*CONTROL_ROT_SAMPLE 3648	-0.738152	-0.141087	-0.659717	3.81031
			*CONTROL_ROT_SAMPLE 3840	-0.73699	-0.140314	-0.661179	3.80762
			*CONTROL_ROT_SAMPLE 4032	-0.735825	-0.139541	-0.662639	3.80494
			*CONTROL_ROT_SAMPLE 4224	-0.734657	-0.138767	-0.664096	3.80225
			*CONTROL_ROT_SAMPLE 4416	-0.735574	-0.139114	-0.663007	3.7983
			*CONTROL_ROT_SAMPLE 4608	-0.736487	-0.139458	-0.66192	3.79436
			*CONTROL_ROT_SAMPLE 4800	-0.737394	-0.139801	-0.660837	3.79042
			*CONTROL_ROT_SAMPLE 4992	-0.738296	-0.140141	-0.659757	3.78648
			*CONTROL_ROT_SAMPLE 5184	-0.739192	-0.140479	-0.658681	3.78254
		}
	}
}
*HELPEROBJECT {
	*NODE_NAME "Bip01 Spine"
	*NODE_PARENT "Bip01 Pelvis"
	*NODE_TM {
		*NODE_NAME "Bip01 Spine"
		*TM_ROW0 0.231451	-0.253166	0.939328
		*TM_ROW1 0.564647	-0.751311	-0.341622
		*TM_ROW2 0.792215	0.609458	-0.0309422
		*TM_ROW3 -22.1894	11.7375	95.3064
		*TM_POS -22.1894	11.7375	95.3064
		*TM_ROTAXIS -0.753069	-0.116485	-0.647548
		*TM_ROTANGLE 3.82504
		*TM_SCALE 1	1	1
		*TM_SCALEAXIS 0	0	0
		*TM_SCALEAXISANG 0	0	0
	}
}
*HELPEROBJECT {
	*NODE_NAME "Bip01 Spine1"
	*NODE_PARENT "Bip01 Spine"
	*NODE_TM {
		*NODE_NAME "Bip01 Spine1"
		*TM_ROW0 0.229791	-0.278702	0.932481
		*TM_ROW1 0.545688	-0.756451	-0.360563
		*TM_ROW2 0.805866	0.591698	-0.0217416
		*TM_ROW3 -19.9205	9.25725	104.541
		*TM_POS -19.9205	9.25725	104.541
		*TM_ROTAXIS -0.752253	-0.100021	-0.651239
		*TM_ROTANGLE 3.82694
		*TM_SCALE 1	1	1
		*TM_SCALEAXIS 0	0	0
		*TM_SCALEAXISANG 0	0	0
	}
}
*HELPEROBJECT {
	*NODE_NAME "Bip01 Spine2"
	*NODE_PARENT "Bip01 Spine1"
	*NODE_TM {
		*NODE_NAME "Bip01 Spine2"
		*TM_ROW0 0.33409	-0.071293	0.939841
		*TM_ROW1 0.422955	-0.879763	-0.217086
		*TM_ROW2 0.842314	0.470037	-0.263766
		*TM_ROW3 -16.9916	5.71371	116.472
		*TM_POS -16.9916	5.71371	116.472
		*TM_ROTAXIS -0.806467	-0.114466	-0.580093
		*TM_ROTANGLE 3.58167
		*TM_SCALE 1	1	1
		*TM_SCALEAXIS 0	0	0
		*TM_SCALEAXISANG 0	0	0
	}
}
*HELPEROBJECT {
	*NODE_NAME "Bip01 Neck"
	*NODE_PARENT "Bip01 Spine2"
	*NODE_TM {
		*NODE_NAME "Bip01 Neck"
		*TM_ROW0 0.423219	-0.273753	0.863681
		*TM_ROW1 0.33375	-0.839124	-0.429513
		*TM_ROW2 0.842316	0.470032	-0.263768
		*TM_ROW3 -6.97605	3.58063	144.655
		*TM_POS -6.97605	3.58063	144.655
		*TM_ROTAXIS -0.828555	-0.019679	-0.559561
		*TM_ROTANGLE 3.71541
		*TM_SCALE 1	1	1
		*TM_SCALEAXIS 0	0	0
		*TM_SCALEAXISANG 0	0	0
	}
}
*HELPEROBJECT {
	*NODE_NAME "Bip01 Head"
	*NODE_PARENT "Bip01 Neck"
	*NODE_TM {
		*NODE_NAME "Bip01 Head"
		*TM_ROW0 0.156948	-0.123703	0.979829
		*TM_ROW1 0.320976	-0.931876	-0.169062
		*TM_ROW2 0.933992	0.341036	-0.106551
		*TM_ROW3 -4.08156	1.70838	150.562
		*TM_POS -4.08156	1.70838	150.562
		*TM_ROTAXIS -0.752066	-0.0675795	-0.655614
		*TM_ROTANGLE 3.48759
		*TM_SCALE 1	1	1
		*TM_SCALEAXIS 0	0	0
		*TM_SCALEAXISANG 0	0	0
	}
}
*HELPEROBJECT {
	*NODE_NAME "zs_Helmet"
	*NODE_PARENT "Bip01 Head"
	*NODE_TM {
		*NODE_NAME "zs_Helmet"
		*TM_ROW0 0.933992	0.341036	-0.106551
		*TM_ROW1 -0.332301	0.938708	0.0916658
		*TM_ROW2 0.131281	-0.0502083	0.990073
		*TM_ROW3 63.2935	-100.384	414.384
		*TM_POS 63.2935	-100.384	414.384
		*TM_ROTAXIS -0.194865	-0.326664	-0.924834
		*TM_ROTANGLE 0.372593
		*TM_SCALE 1	1	1
		*TM_SCALEAXIS 0	0	0
		*TM_SCALEAXISANG 0	0	0
	}
}
*HELPEROBJECT {
	*NODE_NAME "Bip01 L Clavicle"
	*NODE_PARENT "Bip01 Neck"
	*NODE_TM {
		*NODE_NAME "Bip01 L Clavicle"
		*TM_ROW0 0.836796	0.506388	-0.208189
		*TM_ROW1 -0.461844	0.857065	0.228342
		*TM_ROW2 0.294061	-0.0949246	0.951061
		*TM_ROW3 -3.10463	9.87665	138.044
		*TM_POS -3.10463	9.87665	138.044
		*TM_ROTAXIS -0.284155	-0.441483	-0.851087
		*TM_ROTANGLE 0.605072
		*TM_SCALE 1	1	1
		*TM_SCALEAXIS 0	0	0
		*TM_SCALEAXISANG 0	0	0
	}
}
*HELPEROBJECT {
	*NODE_NAME "Bip01 L UpperArm"
	*NODE_PARENT "Bip01 L Clavicle"
	*NODE_TM {
		*NODE_NAME "Bip01 L UpperArm"
		*TM_ROW0 0.193545	0.469216	-0.861613
		*TM_ROW1 -0.235181	0.874802	0.42357
		*TM_ROW2 0.952486	0.120655	0.279664
		*TM_ROW3 8.04653	16.6248	135.27
		*TM_POS 8.04653	16.6248	135.27
		*TM_ROTAXIS -0.153804	-0.921101	-0.357655
		*TM_ROTANGLE 1.3959
		*TM_SCALE 1	1	1
		*TM_SCALEAXIS 0	0	0
		*TM_SCALEAXISANG 0	0	0
	}
}
*HELPEROBJECT {
	*NODE_NAME "Bip01 L Forearm"
	*NODE_PARENT "Bip01 L UpperArm"
	*NODE_TM {
		*NODE_NAME "Bip01 L Forearm"
		*TM_ROW0 0.300843	-0.229271	-0.925704
		*TM_ROW1 -0.0475714	0.965856	-0.254676
		*TM_ROW2 0.952486	0.120655	0.279664
		*TM_ROW3 13.4476	29.7188	111.226
		*TM_POS 13.4476	29.7188	111.226
		*TM_ROTAXIS 0.195086	-0.976229	0.0944422
		*TM_ROTANGLE 1.2941
		*TM_SCALE 1	1	1
		*TM_SCALEAXIS 0	0	0
		*TM_SCALEAXISANG 0	0	0
	}
}
*HELPEROBJECT {
	*NODE_NAME "Bip01 L Hand"
	*NODE_PARENT "Bip01 L Forearm"
	*NODE_TM {
		*NODE_NAME "Bip01 L Hand"
		*TM_ROW0 0.212966	-0.431334	-0.876696
		*TM_ROW1 -0.975217	-0.148917	-0.163632
		*TM_ROW2 -0.0599743	0.889817	-0.452359
		*TM_ROW3 21.816	23.3414	85.476
		*TM_POS 21.816	23.3414	85.476
		*TM_ROTAXIS -0.731739	0.567305	0.377788
		*TM_ROTANGLE 3.94514
		*TM_SCALE 1	1	1
		*TM_SCALEAXIS 0	0	0
		*TM_SCALEAXISANG 0	0	0
	}
}
*HELPEROBJECT {
	*NODE_NAME "Bip01 L Finger0"
	*NODE_PARENT "Bip01 L Hand"
	*NODE_TM {
		*NODE_NAME "Bip01 L Finger0"
		*TM_ROW0 0.212965	-0.431335	-0.876696
		*TM_ROW1 -0.975171	-0.149596	-0.163285
		*TM_ROW2 -0.0607198	0.889703	-0.452484
		*TM_ROW3 24.5568	17.7901	74.1931
		*TM_POS 24.5568	17.7901	74.1931
		*TM_ROTAXIS -0.731814	0.567093	0.37796
		*TM_ROTANGLE 3.94458
		*TM_SCALE 1	1	1
		*TM_SCALEAXIS 0	0	0
		*TM_SCALEAXISANG 0	0	0
	}
}
*HELPEROBJECT {
	*NODE_NAME "zs_LeftHand"
	*NODE_PARENT "Bip01 L Hand"
	*NODE_TM {
		*NODE_NAME "zs_LeftHand"
		*TM_ROW0 -0.115544	0.925668	-0.360261
		*TM_ROW1 0.385938	-0.292358	-0.874973
		*TM_ROW2 -0.91526	-0.240136	-0.323471
		*TM_ROW3 -20.6302	-44.1615	-20.5853
		*TM_POS -20.6302	-44.1615	-20.5853
		*TM_ROTAXIS -0.634092	-0.554348	0.539097
		*TM_ROTANGLE 3.66587
		*TM_SCALE 1	1	1
		*TM_SCALEAXIS 0	0	0
		*TM_SCALEAXISANG 0	0	0
	}
}
*HELPEROBJECT {
	*NODE_NAME "zs_LeftArm"
	*NODE_PARENT "Bip01 L Forearm"
	*NODE_TM {
		*NODE_NAME "zs_LeftArm"
		*TM_ROW0 0.201609	-0.0206202	-0.979249
		*TM_ROW1 -0.0380146	0.99886	-0.0288597
		*TM_ROW2 0.978728	0.0430442	0.200595
		*TM_ROW3 147.845	-194.01	-72.9474
		*TM_POS 147.845	-194.01	-72.9474
		*TM_ROTAXIS 0.0366974	-0.999287	-0.00887753
		*TM_ROTANGLE 1.36889
		*TM_SCALE 1	1	1
		*TM_SCALEAXIS 0	0	0
		*TM_SCALEAXISANG 0	0	0
	}
}
*HELPEROBJECT {
	*NODE_NAME "Bip01 R Clavicle"
	*NODE_PARENT "Bip01 Neck"
	*NODE_TM {
		*NODE_NAME "Bip01 R Clavicle"
		*TM_ROW0 -0.923331	-0.377138	0.0722925
		*TM_ROW1 -0.357665	0.913143	0.195564
		*TM_ROW2 -0.139768	0.154714	-0.978023
		*TM_ROW3 -16.521	2.38988	142.246
		*TM_POS -16.521	2.38988	142.246
		*TM_ROTAXIS 0.188392	-0.977979	-0.0898059
		*TM_ROTANGLE 3.25022
		*TM_SCALE 1	1	1
		*TM_SCALEAXIS 0	0	0
		*TM_SCALEAXISANG 0	0	0
	}
}
*HELPEROBJECT {
	*NODE_NAME "Bip01 R UpperArm"
	*NODE_PARENT "Bip01 R Clavicle"
	*NODE_TM {
		*NODE_NAME "Bip01 R UpperArm"
		*TM_ROW0 -0.34013	-0.139688	-0.929946
		*TM_ROW1 -0.317022	0.948049	-0.0264559
		*TM_ROW2 0.885329	0.285815	-0.366744
		*TM_ROW3 -28.8253	-2.63586	143.209
		*TM_POS -28.8253	-2.63586	143.209
		*TM_ROTAXIS 0.168754	-0.980988	-0.0958327
		*TM_ROTANGLE 1.95996
		*TM_SCALE 1	1	1
		*TM_SCALEAXIS 0	0	0
		*TM_SCALEAXISANG 0	0	0
	}
}
*HELPEROBJECT {
	*NODE_NAME "Bip01 R Forearm"
	*NODE_PARENT "Bip01 R UpperArm"
	*NODE_TM {
		*NODE_NAME "Bip01 R Forearm"
		*TM_ROW0 0.293657	-0.955249	-0.0355603
		*TM_ROW1 -0.360496	-0.0762144	-0.929642
		*TM_ROW2 0.885329	0.285815	-0.366744
		*TM_ROW3 -38.317	-6.53404	117.258
		*TM_POS -38.317	-6.53404	117.258
		*TM_ROTAXIS -0.742583	0.562617	-0.363364
		*TM_ROTANGLE 4.10021
		*TM_SCALE 1	1	1
		*TM_SCALEAXIS 0	0	0
		*TM_SCALEAXISANG 0	0	0
	}
}
*HELPEROBJECT {
	*NODE_NAME "Bip01 R Hand"
	*NODE_PARENT "Bip01 R Forearm"
	*NODE_TM {
		*NODE_NAME "Bip01 R Hand"
		*TM_ROW0 0.291817	-0.955389	-0.045542
		*TM_ROW1 0.316493	0.0515192	0.947195
		*TM_ROW2 -0.902593	-0.290821	0.317409
		*TM_ROW3 -30.1486	-33.1055	116.269
		*TM_POS -30.1486	-33.1055	116.269
		*TM_ROTAXIS -0.62811	0.434827	0.645293
		*TM_ROTANGLE 1.74125
		*TM_SCALE 1	1	1
		*TM_SCALEAXIS 0	0	0
		*TM_SCALEAXISANG 0	0	0
	}
}
*HELPEROBJECT {
	*NODE_NAME "Bip01 R Finger0"
	*NODE_PARENT "Bip01 R Hand"
	*NODE_TM {
		*NODE_NAME "Bip01 R Finger0"
		*TM_ROW0 0.291823	-0.955388	-0.0455364
		*TM_ROW1 0.315806	0.0513056	0.947436
		*TM_ROW2 -0.902832	-0.290864	0.316689
		*TM_ROW3 -26.3929	-45.4013	115.682
		*TM_POS -26.3929	-45.4013	115.682
		*TM_ROTAXIS -0.628305	0.434986	0.644995
		*TM_ROTANGLE 1.74172
		*TM_SCALE 1	1	1
		*TM_SCALEAXIS 0	0	0
		*TM_SCALEAXISANG 0	0	0
	}
}
*HELPEROBJECT {
	*NODE_NAME "zs_RightHand"
	*NODE_PARENT "Bip01 R Hand"
	*NODE_TM {
		*NODE_NAME "zs_RightHand"
		*TM_ROW0 0.790294	0.25967	-0.554983
		*TM_ROW1 -0.23985	0.964584	0.109771
		*TM_ROW2 0.563832	0.0463612	0.824587
		*TM_ROW3 -108.034	-171.185	249.105
		*TM_POS -108.034	-171.185	249.105
		*TM_ROTAXIS -0.0516829	-0.911903	-0.407139
		*TM_ROTANGLE 0.660423
		*TM_SCALE 1	1	1
		*TM_SCALEAXIS 0	0	0
		*TM_SCALEAXISANG 0	0	0
	}
}
*HELPEROBJECT {
	*NODE_NAME "zs_Crossbow"
	*NODE_PARENT "Bip01 Spine2"
	*NODE_TM {
		*NODE_NAME "zs_Crossbow"
		*TM_ROW0 0.0726307	-0.489403	0.869028
		*TM_ROW1 -0.948519	-0.303218	-0.0914866
		*TM_ROW2 0.308279	-0.817645	-0.486232
		*TM_ROW3 23.1046	8.27019	1497.26
		*TM_POS 23.1046	8.27019	1497.26
		*TM_ROTAXIS -0.707805	0.546576	-0.447512
		*TM_ROTANGLE 2.60296
		*TM_SCALE 1	1	1
		*TM_SCALEAXIS 0	0	0
		*TM_SCALEAXISANG 0	0	0
	}
}
*HELPEROBJECT {
	*NODE_NAME "zs_Longsword"
	*NODE_PARENT "Bip01 Spine2"
	*NODE_TM {
		*NODE_NAME "zs_Longsword"
		*TM_ROW0 -0.0508121	-0.511966	0.857502
		*TM_ROW1 -0.958462	-0.21629	-0.185929
		*TM_ROW2 0.280658	-0.83133	-0.47971
		*TM_ROW3 -114.263	-60.5612	1258.07
		*TM_POS -114.263	-60.5612	1258.07
		*TM_ROTAXIS -0.662639	0.59225	-0.458421
		*TM_ROTANGLE 2.63295
		*TM_SCALE 1	1	1
		*TM_SCALEAXIS 0	0	0
		*TM_SCALEAXISANG 0	0	0
	}
}
*HELPEROBJECT {
	*NODE_NAME "zs_Shield"
	*NODE_PARENT "Bip01 Spine2"
	*NODE_TM {
		*NODE_NAME "zs_Shield"
		*TM_ROW0 -0.454494	0.327714	-0.828275
		*TM_ROW1 -0.887201	-0.0836299	0.45374
		*TM_ROW2 0.0794282	0.941068	0.328757
		*TM_ROW3 75.0349	445.216	435.585
		*TM_POS 75.0349	445.216	435.585
		*TM_ROTAXIS 0.305932	-0.569832	-0.762691
		*TM_ROTANGLE 2.22016
		*TM_SCALE 1	1	1
		*TM_SCALEAXIS 0	0	0
		*TM_SCALEAXISANG 0	0	0
	}
}
*HELPEROBJECT {
	*NODE_NAME "zs_Bow"
	*NODE_PARENT "Bip01 Spine2"
	*NODE_TM {
		*NODE_NAME "zs_Bow"
		*TM_ROW0 0.125673	-0.449766	0.884261
		*TM_ROW1 -0.299644	0.83249	0.46602
		*TM_ROW2 -0.945738	-0.323529	-0.0301484
		*TM_ROW3 -196.21	465.568	320.282
		*TM_POS -196.21	465.568	320.282
		*TM_ROTAXIS -0.39503	0.915592	0.0751098
		*TM_ROTANGLE 1.6068
		*TM_SCALE 1	1	1
		*TM_SCALEAXIS 0	0	0
		*TM_SCALEAXISANG 0	0	0
	}
}
*HELPEROBJECT {
	*NODE_NAME "zs_Sword"
	*NODE_PARENT "Bip01 Spine"
	*NODE_TM {
		*NODE_NAME "zs_Sword"
		*TM_ROW0 0.433624	-0.539431	0.721792
		*TM_ROW1 -0.427816	0.581738	0.691776
		*TM_ROW2 -0.79306	-0.608765	0.0214784
		*TM_ROW3 193.365	248.482	147.251
		*TM_POS 193.365	248.482	147.251
		*TM_ROTAXIS -0.650381	0.757555	0.0558172
		*TM_ROTANGLE 1.55238
		*TM_SCALE 1	1	1
		*TM_SCALEAXIS 0	0	0
		*TM_SCALEAXISANG 0	0	0
	}
}
*HELPEROBJECT {
	*NODE_NAME "Bip01 L Thigh"
	*NODE_PARENT "Bip01 Pelvis"
	*NODE_TM {
		*NODE_NAME "Bip01 L Thigh"
		*TM_ROW0 0.342057	-0.413338	-0.843889
		*TM_ROW1 0.570832	-0.621963	0.536016
		*TM_ROW2 -0.746423	-0.665067	0.0231996
		*TM_ROW3 -15.4381	17.644	92.795
		*TM_POS -15.4381	17.644	92.795
		*TM_ROTAXIS -0.771975	-0.0626446	0.632558
		*TM_ROTANGLE 2.25023
		*TM_SCALE 1	1	1
		*TM_SCALEAXIS 0	0	0
		*TM_SCALEAXISANG 0	0	0
	}
	*TM_ANIMATION {
		*NODE_NAME "Bip01 L Thigh"
		*CONTROL_POS_TRACK {
			*CONTROL_POS_SAMPLE 192	-15.4381	17.644	92.795
			*CONTROL_POS_SAMPLE 384	-15.4688	7.01738	92.4898
			*CONTROL_POS_SAMPLE 576	-15.4998	0.494442	92.3439
			*CONTROL_POS_SAMPLE 768	-15.531	-4.14971	92.1908
			*CONTROL_POS_SAMPLE 960	-15.5625	-9.14	91.8643
			*CONTROL_POS_SAMPLE 1152	-15.5943	-14.7192	91.2262
			*CONTROL_POS_SAMPLE 1344	-15.6263	-19.8176	90.381
			*CONTROL_POS_SAMPLE 1536	-15.6586	-24.6913	89.5262
			*CONTROL_POS_SAMPLE 1728	-15.6911	-29.5961	88.8588
			*CONTROL_POS_SAMPLE 1920	-15.6791	-34.4759	88.6374
			*CONTROL_POS_SAMPLE 2112	-15.6673	-39.2507	88.8251
			*CONTROL_POS_SAMPLE 2304	-15.6557	-44.0864	89.2571
			*CONTROL_POS_SAMPLE 2496	-15.6442	-48.9242	89.8471
			*CONTROL_POS_SAMPLE 2688	-15.6328	-53.763	90.5086
			*CONTROL_POS_SAMPLE 2880	-15.6216	-58.6017	91.1553
			*CONTROL_POS_SAMPLE 3072	-15.6025	-63.4463	91.687
			*CONTROL_POS_SAMPLE 3264	-15.5836	-68.2913	92.0311
			*CONTROL_POS_SAMPLE 3456	-15.5648	-73.1364	92.1372
			*CONTROL_POS_SAMPLE 3648	-15.546	-77.9815	92.0656
			*CONTROL_POS_SAMPLE 3840	-15.5274	-82.8268	91.8954
			*CONTROL_POS_SAMPLE 4032	-15.5089	-87.6721	91.706
			*CONTROL_POS_SAMPLE 4224	-15.4905	-92.5175	91.5764
			*CONTROL_POS_SAMPLE 4416	-15.4799	-97.3526	91.5277
			*CONTROL_POS_SAMPLE 4608	-15.4694	-102.188	91.6929
			*CONTROL_POS_SAMPLE 4800	-15.4589	-107.023	92.0265
			*CONTROL_POS_SAMPLE 4992	-15.4485	-111.859	92.4275
			*CONTROL_POS_SAMPLE 5184	-15.4381	-116.695	92.795
		}
		*CONTROL_ROT_TRACK {
			*CONTROL_ROT_SAMPLE 192	-0.771975	-0.0626446	0.632558	2.25023
			*CONTROL_ROT_SAMPLE 384	-0.78551	-0.0899206	0.612282	2.29343
			*CONTROL_ROT_SAMPLE 576	-0.790475	-0.116729	0.601268	2.34105
			*CONTROL_ROT_SAMPLE 768	-0.794585	-0.135224	0.591903	2.38144
			*CONTROL_ROT_SAMPLE 960	-0.799506	-0.151814	0.581156	2.42939
			*CONTROL_ROT_SAMPLE 1152	-0.803809	-0.169749	0.570155	2.48414
			*CONTROL_ROT_SAMPLE 1344	-0.806922	-0.186818	0.560336	2.5406
			*CONTROL_ROT_SAMPLE 1536	-0.808333	-0.205452	0.551713	2.60855
			*CONTROL_ROT_SAMPLE 1728	-0.806723	-0.227258	0.545484	2.68502
			*CONTROL_ROT_SAMPLE 1920	-0.801454	-0.250114	0.543245	2.76275
			*CONTROL_ROT_SAMPLE 2112	-0.796027	-0.267683	0.54285	2.82079
			*CONTROL_ROT_SAMPLE 2304	-0.811131	-0.226395	0.53927	2.76106
			*CONTROL_ROT_SAMPLE 2496	-0.825365	-0.161848	0.540905	2.65389
			*CONTROL_ROT_SAMPLE 2688	-0.826267	-0.116767	0.551043	2.58027
			*CONTROL_ROT_SAMPLE 2880	-0.823283	-0.0754395	0.562595	2.51071
			*CONTROL_ROT_SAMPLE 3072	-0.817067	-0.0382125	0.575275	2.44731
			*CONTROL_ROT_SAMPLE 3264	-0.808456	-0.00625372	0.588523	2.39086
			*CONTROL_ROT_SAMPLE 3456	-0.798105	0.0196705	0.602197	2.34273
			*CONTROL_ROT_SAMPLE 3648	-0.786303	0.0379222	0.616677	2.30577
			*CONTROL_ROT_SAMPLE 3840	-0.773189	0.0468394	0.632444	2.28354
			*CONTROL_ROT_SAMPLE 4032	-0.758615	0.0445114	0.650016	2.28089
			*CONTROL_ROT_SAMPLE 4224	-0.741521	0.0267637	0.670396	2.308
			*CONTROL_ROT_SAMPLE 4416	-0.709171	-0.0461694	0.703523	2.44261
			*CONTROL_ROT_SAMPLE 4608	-0.72163	-0.024479	0.691846	2.40111
			*CONTROL_ROT_SAMPLE 4800	-0.747009	0.00748547	0.664772	2.34497
			*CONTROL_ROT_SAMPLE 4992	-0.757629	0.00633917	0.652655	2.35623
			*CONTROL_ROT_SAMPLE 5184	-0.766576	8.34616e-006	0.642153	2.37965
		}
	}
}
*HELPEROBJECT {
	*NODE_NAME "Bip01 L Calf"
	*NODE_PARENT "Bip01 L Thigh"
	*NODE_TM {
		*NODE_NAME "Bip01 L Calf"
		*TM_ROW0 -0.0364014	0.00599495	-0.999319
		*TM_ROW1 0.664475	-0.74676	-0.0286842
		*TM_ROW2 -0.746423	-0.665067	0.0231996
		*TM_ROW3 -1.97993	1.38135	59.5923
		*TM_POS -1.97993	1.38135	59.5923
		*TM_ROTAXIS 0.669863	0.266201	-0.693123
		*TM_ROTANGLE 3.63657
		*TM_SCALE 1	1	1
		*TM_SCALEAXIS 0	0	0
		*TM_SCALEAXISANG 0	0	0
	}
	*TM_ANIMATION {
		*NODE_NAME "Bip01 L Calf"
		*CONTROL_POS_TRACK {
			*CONTROL_POS_SAMPLE 192	-1.97993	1.38135	59.5923
			*CONTROL_POS_SAMPLE 384	-1.15751	-6.43479	58.3981
			*CONTROL_POS_SAMPLE 576	-1.19293	-10.3265	57.3262
			*CONTROL_POS_SAMPLE 768	-1.20147	-12.9049	56.6096
			*CONTROL_POS_SAMPLE 960	-1.15759	-15.6924	55.8423
			*CONTROL_POS_SAMPLE 1152	-1.19468	-18.81	54.8403
			*CONTROL_POS_SAMPLE 1344	-1.32923	-21.461	53.7626
			*CONTROL_POS_SAMPLE 1536	-1.69549	-23.5601	52.7597
			*CONTROL_POS_SAMPLE 1728	-2.41728	-25.3706	52.0625
			*CONTROL_POS_SAMPLE 1920	-3.48156	-27.1664	51.9522
			*CONTROL_POS_SAMPLE 2112	-4.41438	-29.6459	52.3678
			*CONTROL_POS_SAMPLE 2304	-2.26522	-38.0334	52.7595
			*CONTROL_POS_SAMPLE 2496	0.0788213	-48.998	53.7805
			*CONTROL_POS_SAMPLE 2688	0.660698	-58.2942	54.9839
			*CONTROL_POS_SAMPLE 2880	0.80936	-67.2414	56.4653
			*CONTROL_POS_SAMPLE 3072	0.613187	-75.7558	58.0189
			*CONTROL_POS_SAMPLE 3264	0.166876	-83.7429	59.4552
			*CONTROL_POS_SAMPLE 3456	-0.466097	-91.1627	60.5921
			*CONTROL_POS_SAMPLE 3648	-1.29156	-97.9408	61.3011
			*CONTROL_POS_SAMPLE 3840	-2.35357	-104.009	61.4691
			*CONTROL_POS_SAMPLE 4032	-3.75415	-109.26	60.9847
			*CONTROL_POS_SAMPLE 4224	-5.7623	-113.351	59.6495
			*CONTROL_POS_SAMPLE 4416	-10.6636	-112.889	55.7025
			*CONTROL_POS_SAMPLE 4608	-8.89906	-119.344	56.9005
			*CONTROL_POS_SAMPLE 4800	-5.66116	-126.098	59.039
			*CONTROL_POS_SAMPLE 4992	-4.71668	-130.338	59.3918
			*CONTROL_POS_SAMPLE 5184	-4.05569	-134.137	59.4149
		}
		*CONTROL_ROT_TRACK {
			*CONTROL_ROT_SAMPLE 192	0.669863	0.266201	-0.693123	3.63657
			*CONTROL_ROT_SAMPLE 384	0.653235	0.33438	-0.679319	3.52209
			*CONTROL_ROT_SAMPLE 576	0.648908	0.36789	-0.666014	3.47031
			*CONTROL_ROT_SAMPLE 768	0.650013	0.387575	-0.653658	3.43808
			*CONTROL_ROT_SAMPLE 960	-0.653594	-0.405591	0.638992	2.88188
			*CONTROL_ROT_SAMPLE 1152	-0.656203	-0.425512	0.623167	2.92595
			*CONTROL_ROT_SAMPLE 1344	-0.65806	-0.444289	0.607919	2.97212
			*CONTROL_ROT_SAMPLE 1536	-0.663036	-0.458461	0.591774	3.01887
			*CONTROL_ROT_SAMPLE 1728	-0.671198	-0.465905	0.576563	3.06025
			*CONTROL_ROT_SAMPLE 1920	-0.681772	-0.464222	0.565406	3.09185
			*CONTROL_ROT_SAMPLE 2112	-0.690691	-0.458732	0.559028	3.11053
			*CONTROL_ROT_SAMPLE 2304	-0.677486	-0.474173	0.562292	3.13648
			*CONTROL_ROT_SAMPLE 2496	-0.662293	-0.477023	0.577769	3.14094
			*CONTROL_ROT_SAMPLE 2688	-0.658986	-0.45686	0.597508	3.12226
			*CONTROL_ROT_SAMPLE 2880	-0.658736	-0.429117	0.618001	3.0926
			*CONTROL_ROT_SAMPLE 3072	-0.660708	-0.395268	0.638145	3.05344
			*CONTROL_ROT_SAMPLE 3264	-0.663946	-0.35725	0.656923	3.00454
			*CONTROL_ROT_SAMPLE 3456	0.667736	0.316627	-0.673703	3.3363
			*CONTROL_ROT_SAMPLE 3648	0.671865	0.274135	-0.688075	3.40261
			*CONTROL_ROT_SAMPLE 3840	0.676401	0.230084	-0.699673	3.47758
			*CONTROL_ROT_SAMPLE 4032	0.681792	0.183974	-0.708035	3.56205
			*CONTROL_ROT_SAMPLE 4224	0.689357	0.132834	-0.712139	3.66117
			*CONTROL_ROT_SAMPLE 4416	-0.709046	-0.0465501	0.703624	2.44338
			*CONTROL_ROT_SAMPLE 4608	0.704098	0.0779061	-0.705816	3.77541
			*CONTROL_ROT_SAMPLE 4800	0.694587	0.147996	-0.704021	3.63628
			*CONTROL_ROT_SAMPLE 4992	0.693939	0.178931	-0.697447	3.57355
			*CONTROL_ROT_SAMPLE 5184	-0.694308	-0.206381	0.689452	2.76628
		}
	}
}
*HELPEROBJECT {
	*NODE_NAME "Bip01 L Foot"
	*NODE_PARENT "Bip01 L Calf"
	*NODE_TM {
		*NODE_NAME "Bip01 L Foot"
		*TM_ROW0 0.0195879	0.00534469	-0.999794
		*TM_ROW1 0.448578	-0.893735	0.00401078
		*TM_ROW2 -0.893529	-0.448564	-0.0199039
		*TM_ROW3 -3.76715	1.67568	10.5281
		*TM_POS -3.76715	1.67568	10.5281
		*TM_ROTAXIS -0.704597	-0.16544	0.690053
		*TM_ROTANGLE 2.81464
		*TM_SCALE 1	1	1
		*TM_SCALEAXIS 0	0	0
		*TM_SCALEAXISANG 0	0	0
	}
	*TM_ANIMATION {
		*NODE_NAME "Bip01 L Foot"
		*CONTROL_POS_TRACK {
			*CONTROL_POS_SAMPLE 192	-3.76715	1.67568	10.5281
			*CONTROL_POS_SAMPLE 384	-6.34065	1.86022	10.2846
			*CONTROL_POS_SAMPLE 576	-7.42041	1.93141	10.193
			*CONTROL_POS_SAMPLE 768	-7.57285	1.91713	10.2383
			*CONTROL_POS_SAMPLE 960	-7.36449	1.84535	10.4058
			*CONTROL_POS_SAMPLE 1152	-7.36166	1.7439	10.6805
			*CONTROL_POS_SAMPLE 1344	-7.50537	2.00833	11.0821
			*CONTROL_POS_SAMPLE 1536	-7.41794	2.61997	11.6205
			*CONTROL_POS_SAMPLE 1728	-7.18802	2.98566	12.2662
			*CONTROL_POS_SAMPLE 1920	-6.90423	2.5122	12.9901
			*CONTROL_POS_SAMPLE 2112	-6.65523	0.606427	13.7626
			*CONTROL_POS_SAMPLE 2304	-6.29212	-6.63004	15.2336
			*CONTROL_POS_SAMPLE 2496	-5.94718	-17.9937	16.1906
			*CONTROL_POS_SAMPLE 2688	-5.78916	-29.3009	15.8896
			*CONTROL_POS_SAMPLE 2880	-5.64477	-40.9868	15.4822
			*CONTROL_POS_SAMPLE 3072	-5.51139	-52.9195	14.9889
			*CONTROL_POS_SAMPLE 3264	-5.38643	-64.9671	14.4306
			*CONTROL_POS_SAMPLE 3456	-5.26725	-76.9978	13.8279
			*CONTROL_POS_SAMPLE 3648	-5.15123	-88.8796	13.2015
			*CONTROL_POS_SAMPLE 3840	-5.03575	-100.481	12.572
			*CONTROL_POS_SAMPLE 4032	-4.91823	-111.669	11.96
			*CONTROL_POS_SAMPLE 4224	-4.79597	-122.313	11.3863
			*CONTROL_POS_SAMPLE 4416	-4.68074	-132.235	10.9755
			*CONTROL_POS_SAMPLE 4608	-4.50743	-135.004	10.5748
			*CONTROL_POS_SAMPLE 4800	-4.33807	-133.019	10.4497
			*CONTROL_POS_SAMPLE 4992	-4.19019	-133.041	10.3715
			*CONTROL_POS_SAMPLE 5184	-4.04697	-132.964	10.3312
		}
		*CONTROL_ROT_TRACK {
			*CONTROL_ROT_SAMPLE 192	-0.704597	-0.16544	0.690053	2.81464
			*CONTROL_ROT_SAMPLE 384	-0.70376	-0.180743	0.687062	2.78506
			*CONTROL_ROT_SAMPLE 576	-0.703359	-0.18713	0.685761	2.77276
			*CONTROL_ROT_SAMPLE 768	-0.703306	-0.187942	0.685594	2.7712
			*CONTROL_ROT_SAMPLE 960	-0.703397	-0.186546	0.685881	2.77388
			*CONTROL_ROT_SAMPLE 1152	-0.703412	-0.186311	0.68593	2.77434
			*CONTROL_ROT_SAMPLE 1344	-0.70338	-0.186812	0.685827	2.77337
			*CONTROL_ROT_SAMPLE 1536	-0.703445	-0.185805	0.686034	2.77531
			*CONTROL_ROT_SAMPLE 1728	-0.703564	-0.183925	0.686418	2.77893
			*CONTROL_ROT_SAMPLE 1920	-0.703695	-0.181808	0.686847	2.78301
			*CONTROL_ROT_SAMPLE 2112	-0.703799	-0.180091	0.687193	2.78632
			*CONTROL_ROT_SAMPLE 2304	-0.703892	-0.178532	0.687505	2.78932
			*CONTROL_ROT_SAMPLE 2496	-0.703971	-0.177166	0.687777	2.79196
			*CONTROL_ROT_SAMPLE 2688	-0.704023	-0.176267	0.687955	2.7937
			*CONTROL_ROT_SAMPLE 2880	-0.704072	-0.175407	0.688125	2.79536
			*CONTROL_ROT_SAMPLE 3072	-0.704118	-0.174578	0.688288	2.79696
			*CONTROL_ROT_SAMPLE 3264	-0.704163	-0.173774	0.688446	2.79851
			*CONTROL_ROT_SAMPLE 3456	-0.704206	-0.172986	0.6886	2.80003
			*CONTROL_ROT_SAMPLE 3648	-0.704248	-0.172208	0.688752	2.80154
			*CONTROL_ROT_SAMPLE 3840	-0.70429	-0.171432	0.688903	2.80304
			*CONTROL_ROT_SAMPLE 4032	-0.704331	-0.17065	0.689054	2.80455
			*CONTROL_ROT_SAMPLE 4224	-0.704373	-0.169856	0.689208	2.80609
			*CONTROL_ROT_SAMPLE 4416	-0.704416	-0.169041	0.689365	2.80766
			*CONTROL_ROT_SAMPLE 4608	-0.704461	-0.168155	0.689535	2.80938
			*CONTROL_ROT_SAMPLE 4800	-0.704508	-0.167233	0.689712	2.81117
			*CONTROL_ROT_SAMPLE 4992	-0.704552	-0.166335	0.689883	2.8129
			*CONTROL_ROT_SAMPLE 5184	-0.704597	-0.16544	0.690053	2.81464
		}
	}
}
*HELPEROBJECT {
	*NODE_NAME "Bip01 L Toe0"
	*NODE_PARENT "Bip01 L Foot"
	*NODE_TM {
		*NODE_NAME "Bip01 L Toe0"
		*TM_ROW0 0.448584	-0.893732	0.00393956
		*TM_ROW1 -0.0195529	-0.00540697	0.999794
		*TM_ROW2 -0.893527	-0.448569	-0.0199005
		*TM_ROW3 6.6377	-18.4944	-2.00522
		*TM_POS 6.6377	-18.4944	-2.00522
		*TM_ROTAXIS -0.756308	0.46864	0.45648
		*TM_ROTANGLE 1.86331
		*TM_SCALE 1	1	1
		*TM_SCALEAXIS 0	0	0
		*TM_SCALEAXISANG 0	0	0
	}
	*TM_ANIMATION {
		*NODE_NAME "Bip01 L Toe0"
		*CONTROL_POS_TRACK {
			*CONTROL_POS_SAMPLE 192	6.6377	-18.4944	-2.00522
			*CONTROL_POS_SAMPLE 384	4.95038	-17.8433	-2.22373
			*CONTROL_POS_SAMPLE 576	4.23381	-17.5667	-2.30417
			*CONTROL_POS_SAMPLE 768	4.12727	-17.5545	-2.25738
			*CONTROL_POS_SAMPLE 960	4.25669	-17.6718	-2.09242
			*CONTROL_POS_SAMPLE 1152	4.24621	-17.7809	-1.81807
			*CONTROL_POS_SAMPLE 1344	4.1309	-17.5002	-1.41558
			*CONTROL_POS_SAMPLE 1536	4.16127	-16.9213	-0.879007
			*CONTROL_POS_SAMPLE 1728	4.28445	-16.6164	-0.236587
			*CONTROL_POS_SAMPLE 1920	4.44766	-17.1575	0.483548
			*CONTROL_POS_SAMPLE 2112	4.59849	-19.1178	1.25317
			*CONTROL_POS_SAMPLE 2304	4.87226	-26.4033	2.72152
			*CONTROL_POS_SAMPLE 2496	5.13869	-37.8096	3.67619
			*CONTROL_POS_SAMPLE 2688	5.24494	-49.1447	3.37365
			*CONTROL_POS_SAMPLE 2880	5.33975	-60.8572	2.9648
			*CONTROL_POS_SAMPLE 3072	5.4253	-72.8154	2.47021
			*CONTROL_POS_SAMPLE 3264	5.50376	-84.8877	1.91059
			*CONTROL_POS_SAMPLE 3456	5.57737	-96.9424	1.3066
			*CONTROL_POS_SAMPLE 3648	5.64829	-108.848	0.678881
			*CONTROL_POS_SAMPLE 3840	5.71872	-120.472	0.0480936
			*CONTROL_POS_SAMPLE 4032	5.79083	-131.684	-0.565119
			*CONTROL_POS_SAMPLE 4224	5.86687	-142.352	-1.14008
			*CONTROL_POS_SAMPLE 4416	5.93464	-152.299	-1.55219
			*CONTROL_POS_SAMPLE 4608	6.05628	-155.094	-1.9543
			*CONTROL_POS_SAMPLE 4800	6.17175	-153.137	-2.08087
			*CONTROL_POS_SAMPLE 4992	6.26712	-153.185	-2.16047
			*CONTROL_POS_SAMPLE 5184	6.35788	-153.134	-2.20212
		}
		*CONTROL_ROT_TRACK {
			*CONTROL_ROT_SAMPLE 192	-0.756308	0.46864	0.45648	1.86331
			*CONTROL_ROT_SAMPLE 384	-0.771971	0.456436	0.442411	1.84582
			*CONTROL_ROT_SAMPLE 576	-0.778421	0.451222	0.436416	1.8387
			*CONTROL_ROT_SAMPLE 768	-0.779238	0.450554	0.435648	1.8378
			*CONTROL_ROT_SAMPLE 960	-0.777834	0.451702	0.436967	1.83935
			*CONTROL_ROT_SAMPLE 1152	-0.777597	0.451895	0.437188	1.83961
			*CONTROL_ROT_SAMPLE 1344	-0.778102	0.451483	0.436715	1.83905
			*CONTROL_ROT_SAMPLE 1536	-0.777088	0.45231	0.437665	1.84017
			*CONTROL_ROT_SAMPLE 1728	-0.775191	0.453847	0.439433	1.84226
			*CONTROL_ROT_SAMPLE 1920	-0.773051	0.455571	0.441416	1.84462
			*CONTROL_ROT_SAMPLE 2112	-0.77131	0.456964	0.443019	1.84655
			*CONTROL_ROT_SAMPLE 2304	-0.769726	0.458224	0.444469	1.84831
			*CONTROL_ROT_SAMPLE 2496	-0.768336	0.459325	0.445737	1.84985
			*CONTROL_ROT_SAMPLE 2688	-0.767419	0.460048	0.446569	1.85087
			*CONTROL_ROT_SAMPLE 2880	-0.766542	0.460738	0.447364	1.85185
			*CONTROL_ROT_SAMPLE 3072	-0.765696	0.461401	0.448129	1.85279
			*CONTROL_ROT_SAMPLE 3264	-0.764874	0.462044	0.44887	1.85371
			*CONTROL_ROT_SAMPLE 3456	-0.764068	0.462672	0.449594	1.85461
			*CONTROL_ROT_SAMPLE 3648	-0.763271	0.463292	0.450309	1.8555
			*CONTROL_ROT_SAMPLE 3840	-0.762475	0.46391	0.45102	1.85639
			*CONTROL_ROT_SAMPLE 4032	-0.761673	0.46453	0.451736	1.85729
			*CONTROL_ROT_SAMPLE 4224	-0.760857	0.46516	0.452463	1.8582
			*CONTROL_ROT_SAMPLE 4416	-0.76002	0.465804	0.453206	1.85914
			*CONTROL_ROT_SAMPLE 4608	-0.759108	0.466504	0.454014	1.86016
			*CONTROL_ROT_SAMPLE 4800	-0.758158	0.467231	0.454853	1.86123
			*CONTROL_ROT_SAMPLE 4992	-0.757233	0.467937	0.455668	1.86227
			*CONTROL_ROT_SAMPLE 5184	-0.756308	0.46864	0.45648	1.86331
		}
	}
}
*HELPEROBJECT {
	*NODE_NAME "Bip01 R Thigh"
	*NODE_PARENT "Bip01 Pelvis"
	*NODE_TM {
		*NODE_NAME "Bip01 R Thigh"
		*TM_ROW0 -0.152335	-0.19355	-0.969192
		*TM_ROW1 0.00341022	-0.980734	0.195319
		*TM_ROW2 -0.988323	0.0264487	0.15006
		*TM_ROW3 -29.7311	6.67505	93.154
		*TM_POS -29.7311	6.67505	93.154
		*TM_ROTAXIS 0.649134	-0.0735405	-0.757111
		*TM_ROTANGLE 3.27204
		*TM_SCALE 1	1	1
		*TM_SCALEAXIS 0	0	0
		*TM_SCALEAXISANG 0	0	0
	}
	*TM_ANIMATION {
		*NODE_NAME "Bip01 R Thigh"
		*CONTROL_POS_TRACK {
			*CONTROL_POS_SAMPLE 192	-29.7311	6.67505	93.154
			*CONTROL_POS_SAMPLE 384	-29.6992	-4.03095	92.8986
			*CONTROL_POS_SAMPLE 576	-29.6668	-10.633	92.8027
			*CONTROL_POS_SAMPLE 768	-29.634	-15.3561	92.6996
			*CONTROL_POS_SAMPLE 960	-29.6008	-20.425	92.4229
			*CONTROL_POS_SAMPLE 1152	-29.567	-26.0827	91.8347
			*CONTROL_POS_SAMPLE 1344	-29.5329	-31.2593	91.0393
			*CONTROL_POS_SAMPLE 1536	-29.4982	-36.2108	90.2341
			*CONTROL_POS_SAMPLE 1728	-29.4631	-41.1933	89.6162
			*CONTROL_POS_SAMPLE 1920	-29.4779	-46.0458	89.322
			*CONTROL_POS_SAMPLE 2112	-29.4925	-50.7931	89.437
			*CONTROL_POS_SAMPLE 2304	-29.5068	-55.6012	89.7965
			*CONTROL_POS_SAMPLE 2496	-29.521	-60.4112	90.3141
			*CONTROL_POS_SAMPLE 2688	-29.535	-65.222	90.9033
			*CONTROL_POS_SAMPLE 2880	-29.5488	-70.0326	91.4777
			*CONTROL_POS_SAMPLE 3072	-29.5695	-74.8297	91.9646
			*CONTROL_POS_SAMPLE 3264	-29.5901	-79.6271	92.2637
			*CONTROL_POS_SAMPLE 3456	-29.6104	-84.4244	92.3249
			*CONTROL_POS_SAMPLE 3648	-29.6306	-89.2217	92.2081
			*CONTROL_POS_SAMPLE 3840	-29.6505	-94.0189	91.9927
			*CONTROL_POS_SAMPLE 4032	-29.6703	-98.8161	91.7578
			*CONTROL_POS_SAMPLE 4224	-29.6899	-103.613	91.5826
			*CONTROL_POS_SAMPLE 4416	-29.6983	-108.424	91.6049
			*CONTROL_POS_SAMPLE 4608	-29.7066	-113.234	91.8408
			*CONTROL_POS_SAMPLE 4800	-29.7148	-118.044	92.245
			*CONTROL_POS_SAMPLE 4992	-29.723	-122.854	92.7164
			*CONTROL_POS_SAMPLE 5184	-29.7311	-127.664	93.154
		}
		*CONTROL_ROT_TRACK {
			*CONTROL_ROT_SAMPLE 192	0.649134	-0.0735405	-0.757111	3.27204
			*CONTROL_ROT_SAMPLE 384	0.612255	-0.0850192	-0.786076	3.16993
			*CONTROL_ROT_SAMPLE 576	0.600561	-0.127508	-0.789347	3.27365
			*CONTROL_ROT_SAMPLE 768	0.598294	-0.165561	-0.783986	3.39013
			*CONTROL_ROT_SAMPLE 960	0.595613	-0.188815	-0.780765	3.45388
			*CONTROL_ROT_SAMPLE 1152	0.595562	-0.206645	-0.776276	3.51237
			*CONTROL_ROT_SAMPLE 1344	0.597171	-0.222619	-0.770602	3.57218
			*CONTROL_ROT_SAMPLE 1536	0.600202	-0.233032	-0.765149	3.62241
			*CONTROL_ROT_SAMPLE 1728	0.604414	-0.234769	-0.761293	3.65391
			*CONTROL_ROT_SAMPLE 1920	0.608816	-0.229974	-0.759247	3.6559
			*CONTROL_ROT_SAMPLE 2112	0.614221	-0.212553	-0.75997	3.62534
			*CONTROL_ROT_SAMPLE 2304	0.61679	-0.203083	-0.760478	3.61368
			*CONTROL_ROT_SAMPLE 2496	0.619072	-0.194858	-0.760776	3.60735
			*CONTROL_ROT_SAMPLE 2688	0.622267	-0.181192	-0.761546	3.58923
			*CONTROL_ROT_SAMPLE 2880	0.625983	-0.163851	-0.762429	3.56258
			*CONTROL_ROT_SAMPLE 3072	0.629766	-0.144936	-0.763144	3.52891
			*CONTROL_ROT_SAMPLE 3264	0.633422	-0.125477	-0.763565	3.49244
			*CONTROL_ROT_SAMPLE 3456	0.636816	-0.106614	-0.763609	3.45525
			*CONTROL_ROT_SAMPLE 3648	0.640274	-0.0868589	-0.76322	3.41304
			*CONTROL_ROT_SAMPLE 3840	0.643769	-0.0652756	-0.762431	3.36391
			*CONTROL_ROT_SAMPLE 4032	0.646894	-0.0426118	-0.761389	3.31076
			*CONTROL_ROT_SAMPLE 4224	0.649337	-0.0195023	-0.760251	3.2563
			*CONTROL_ROT_SAMPLE 4416	0.650766	0.00402868	-0.759268	3.20099
			*CONTROL_ROT_SAMPLE 4608	0.648658	0.0201056	-0.760814	3.15903
			*CONTROL_ROT_SAMPLE 4800	0.6474	0.0176224	-0.761946	3.16957
			*CONTROL_ROT_SAMPLE 4992	0.653288	-0.0243016	-0.75672	3.29858
			*CONTROL_ROT_SAMPLE 5184	0.658308	-0.0627349	-0.75013	3.43
		}
	}
}
*HELPEROBJECT {
	*NODE_NAME "Bip01 R Calf"
	*NODE_PARENT "Bip01 R Thigh"
	*NODE_TM {
		*NODE_NAME "Bip01 R Calf"
		*TM_ROW0 -0.124843	0.424072	-0.896982
		*TM_ROW1 -0.0873604	-0.905242	-0.415818
		*TM_ROW2 -0.988323	0.0264487	0.15006
		*TM_ROW3 -35.7247	-0.940127	55.0213
		*TM_POS -35.7247	-0.940127	55.0213
		*TM_ROTAXIS 0.648219	0.133876	-0.749593
		*TM_ROTANGLE 2.79346
		*TM_SCALE 1	1	1
		*TM_SCALEAXIS 0	0	0
		*TM_SCALEAXISANG 0	0	0
	}
	*TM_ANIMATION {
		*NODE_NAME "Bip01 R Calf"
		*CONTROL_POS_TRACK {
			*CONTROL_POS_SAMPLE 192	-35.7247	-0.940127	55.0213
			*CONTROL_POS_SAMPLE 384	-39.5368	-9.00239	55.1293
			*CONTROL_POS_SAMPLE 576	-40.4114	-20.7218	56.3227
			*CONTROL_POS_SAMPLE 768	-40.0353	-30.6185	57.9593
			*CONTROL_POS_SAMPLE 960	-39.8022	-38.4985	58.997
			*CONTROL_POS_SAMPLE 1152	-39.2758	-46.5048	59.637
			*CONTROL_POS_SAMPLE 1344	-38.5053	-53.8982	60.1364
			*CONTROL_POS_SAMPLE 1536	-37.6417	-60.5163	60.3854
			*CONTROL_POS_SAMPLE 1728	-36.8552	-66.3254	60.2606
			*CONTROL_POS_SAMPLE 1920	-36.4526	-71.0458	59.7523
			*CONTROL_POS_SAMPLE 2112	-36.339	-74.3838	58.7024
			*CONTROL_POS_SAMPLE 2304	-36.2494	-78.5253	58.5389
			*CONTROL_POS_SAMPLE 2496	-36.1232	-82.8408	58.6701
			*CONTROL_POS_SAMPLE 2688	-36.0344	-86.6263	58.5362
			*CONTROL_POS_SAMPLE 2880	-35.9695	-90.0101	58.1957
			*CONTROL_POS_SAMPLE 3072	-35.9471	-93.0869	57.7006
			*CONTROL_POS_SAMPLE 3264	-35.9276	-96.0162	57.0607
			*CONTROL_POS_SAMPLE 3456	-35.9027	-98.9065	56.2875
			*CONTROL_POS_SAMPLE 3648	-35.8665	-101.569	55.3751
			*CONTROL_POS_SAMPLE 3840	-35.8164	-103.899	54.411
			*CONTROL_POS_SAMPLE 4032	-35.7592	-106.013	53.559
			*CONTROL_POS_SAMPLE 4224	-35.7067	-108.03	52.9522
			*CONTROL_POS_SAMPLE 4416	-35.6784	-109.991	52.7487
			*CONTROL_POS_SAMPLE 4608	-35.9388	-112.73	52.996
			*CONTROL_POS_SAMPLE 4800	-36.0697	-117.985	53.4168
			*CONTROL_POS_SAMPLE 4992	-35.2069	-128.75	54.2044
			*CONTROL_POS_SAMPLE 5184	-34.0534	-139.241	55.8002
		}
		*CONTROL_ROT_TRACK {
			*CONTROL_ROT_SAMPLE 192	0.648219	0.133876	-0.749593	2.79346
			*CONTROL_ROT_SAMPLE 384	0.625186	0.119223	-0.771316	2.65972
			*CONTROL_ROT_SAMPLE 576	0.620521	0.136727	-0.772178	2.60424
			*CONTROL_ROT_SAMPLE 768	0.621984	0.1395	-0.770504	2.62135
			*CONTROL_ROT_SAMPLE 960	0.622933	0.123587	-0.772451	2.66628
			*CONTROL_ROT_SAMPLE 1152	0.624175	0.108242	-0.77375	2.72186
			*CONTROL_ROT_SAMPLE 1344	0.625723	0.0892787	-0.774919	2.79519
			*CONTROL_ROT_SAMPLE 1536	0.627079	0.0666755	-0.776096	2.88265
			*CONTROL_ROT_SAMPLE 1728	0.627987	0.0409904	-0.777144	2.97923
			*CONTROL_ROT_SAMPLE 1920	0.62966	0.00767413	-0.776833	3.07955
