*3DSMAX_ASCIIEXPORT	110
*COMMENT "This file is part of Gothic Free Aim Copyright (C) 2016-2018  mud-freak (@szapp)"
*COMMENT "<http://github.com/szapp/GothicFreeAim>"
*COMMENT "Animations: first iteration"
*SCENE {
	*SCENE_FILENAME "magIK_frontLeft_02_moreFarLeft.max"
	*SCENE_FIRSTFRAME 1
	*SCENE_LASTFRAME 27
	*SCENE_FRAMESPEED 25
	*SCENE_TICKSPERFRAME 192
	*SCENE_BACKGROUND_STATIC 0	0	0
	*SCENE_AMBIENT_STATIC 0.2	0.2	0.2
}
*HELPEROBJECT {
	*NODE_NAME "Bip01"
	*NODE_TM {
		*NODE_NAME "Bip01"
		*TM_ROW0 0.261363	-0.941308	-0.21361
		*TM_ROW1 0.963553	0.267518	9.37553e-005
		*TM_ROW2 0.0570561	-0.205849	0.976919
		*TM_ROW3 -20.6701	11.9132	92.6719
		*TM_POS -20.6701	11.9132	92.6719
		*TM_ROTAXIS -0.106431	-0.13988	0.984432
		*TM_ROTANGLE 1.31512
		*TM_SCALE 1	1	1
		*TM_SCALEAXIS 0	0	0
		*TM_SCALEAXISANG 0	0	0
	}
	*TM_ANIMATION {
		*NODE_NAME "Bip01"
		*CONTROL_POS_TRACK {
			*CONTROL_POS_SAMPLE 192	-20.6701	11.9132	92.6719
			*CONTROL_POS_SAMPLE 384	-20.9419	10.6047	90.9462
			*CONTROL_POS_SAMPLE 576	-19.9715	8.08713	89.4912
			*CONTROL_POS_SAMPLE 768	-18.0884	4.65822	88.2601
			*CONTROL_POS_SAMPLE 960	-15.6223	0.615793	87.2057
			*CONTROL_POS_SAMPLE 1152	-12.9029	-3.74237	86.281
			*CONTROL_POS_SAMPLE 1344	-10.2598	-8.11847	85.4391
			*CONTROL_POS_SAMPLE 1536	-8.02266	-12.2147	84.633
			*CONTROL_POS_SAMPLE 1728	-6.1801	-16.5531	84.2228
			*CONTROL_POS_SAMPLE 1920	-4.15473	-21.5295	84.3486
			*CONTROL_POS_SAMPLE 2112	-1.42719	-26.6573	84.633
			*CONTROL_POS_SAMPLE 2304	2.30777	-32.0178	84.8652
			*CONTROL_POS_SAMPLE 2496	6.62816	-37.6481	85.0896
			*CONTROL_POS_SAMPLE 2688	10.9626	-42.9943	85.312
			*CONTROL_POS_SAMPLE 2880	14.7397	-47.5027	85.5385
			*CONTROL_POS_SAMPLE 3072	17.2169	-49.9538	85.7749
			*CONTROL_POS_SAMPLE 3264	19.0419	-51.2437	86.0271
			*CONTROL_POS_SAMPLE 3456	21.7288	-53.9917	86.3011
			*CONTROL_POS_SAMPLE 3648	25.9826	-59.3427	86.6027
			*CONTROL_POS_SAMPLE 3840	30.9804	-65.9079	86.9379
			*CONTROL_POS_SAMPLE 4032	35.9449	-72.5054	87.3127
			*CONTROL_POS_SAMPLE 4224	40.0987	-77.9538	87.7328
			*CONTROL_POS_SAMPLE 4416	41.4555	-79.9369	88.2044
			*CONTROL_POS_SAMPLE 4608	42.6659	-80.8714	88.9681
			*CONTROL_POS_SAMPLE 4800	46.5715	-83.5969	90.1097
			*CONTROL_POS_SAMPLE 4992	51.3275	-86.7331	91.4025
			*CONTROL_POS_SAMPLE 5184	56.0834	-89.8694	92.6197
		}
		*CONTROL_ROT_TRACK {
			*CONTROL_ROT_SAMPLE 192	-0.106431	-0.13988	0.984432	1.31512
			*CONTROL_ROT_SAMPLE 384	-0.106431	-0.13988	0.984432	1.31512
			*CONTROL_ROT_SAMPLE 576	-0.106431	-0.13988	0.984432	1.31512
			*CONTROL_ROT_SAMPLE 768	-0.106431	-0.13988	0.984432	1.31512
			*CONTROL_ROT_SAMPLE 960	-0.106431	-0.13988	0.984432	1.31512
			*CONTROL_ROT_SAMPLE 1152	-0.106431	-0.13988	0.984432	1.31512
			*CONTROL_ROT_SAMPLE 1344	-0.106431	-0.13988	0.984432	1.31512
			*CONTROL_ROT_SAMPLE 1536	-0.106431	-0.13988	0.984432	1.31512
			*CONTROL_ROT_SAMPLE 1728	-0.106431	-0.13988	0.984432	1.31512
			*CONTROL_ROT_SAMPLE 1920	-0.106431	-0.13988	0.984432	1.31512
			*CONTROL_ROT_SAMPLE 2112	-0.106431	-0.13988	0.984432	1.31512
			*CONTROL_ROT_SAMPLE 2304	-0.106431	-0.13988	0.984432	1.31512
			*CONTROL_ROT_SAMPLE 2496	-0.106431	-0.13988	0.984432	1.31512
			*CONTROL_ROT_SAMPLE 2688	-0.106431	-0.13988	0.984432	1.31512
			*CONTROL_ROT_SAMPLE 2880	-0.106431	-0.13988	0.984432	1.31512
			*CONTROL_ROT_SAMPLE 3072	-0.106431	-0.13988	0.984432	1.31512
			*CONTROL_ROT_SAMPLE 3264	-0.106431	-0.13988	0.984432	1.31512
			*CONTROL_ROT_SAMPLE 3456	-0.106431	-0.13988	0.984432	1.31512
			*CONTROL_ROT_SAMPLE 3648	-0.106431	-0.13988	0.984432	1.31512
			*CONTROL_ROT_SAMPLE 3840	-0.106431	-0.13988	0.984432	1.31512
			*CONTROL_ROT_SAMPLE 4032	-0.106431	-0.13988	0.984432	1.31512
			*CONTROL_ROT_SAMPLE 4224	-0.106431	-0.13988	0.984432	1.31512
			*CONTROL_ROT_SAMPLE 4416	-0.106431	-0.13988	0.984432	1.31512
			*CONTROL_ROT_SAMPLE 4608	-0.106431	-0.13988	0.984432	1.31512
			*CONTROL_ROT_SAMPLE 4800	-0.106431	-0.13988	0.984432	1.31512
			*CONTROL_ROT_SAMPLE 4992	-0.106431	-0.13988	0.984432	1.31512
			*CONTROL_ROT_SAMPLE 5184	-0.106431	-0.13988	0.984432	1.31512
		}
	}
}
*HELPEROBJECT {
	*NODE_NAME "Bip01 Footsteps"
	*NODE_PARENT "Bip01"
	*NODE_TM {
		*NODE_NAME "Bip01 Footsteps"
		*TM_ROW0 1	0	0
		*TM_ROW1 0	1	0
		*TM_ROW2 0	0	1
		*TM_ROW3 -20.6701	11.9132	-1.02798
		*TM_POS -20.6701	11.9132	-1.02798
		*TM_ROTAXIS 0	0	0
		*TM_ROTANGLE 0
		*TM_SCALE 1	1	1
		*TM_SCALEAXIS 0	0	0
		*TM_SCALEAXISANG 0	0	0
	}
}
*HELPEROBJECT {
	*NODE_NAME "Bip01 Pelvis"
	*NODE_PARENT "Bip01"
	*NODE_TM {
		*NODE_NAME "Bip01 Pelvis"
		*TM_ROW0 0.0530344	-0.206963	0.97691
		*TM_ROW1 0.261364	-0.941308	-0.21361
		*TM_ROW2 0.963782	0.266658	0.00417104
		*TM_ROW3 -22.3673	12.879	92.9745
		*TM_POS -22.3673	12.879	92.9745
		*TM_ROTAXIS -0.715813	-0.0195665	-0.698017
		*TM_ROTANGLE 3.4837
		*TM_SCALE 1	1	1
		*TM_SCALEAXIS 0	0	0
		*TM_SCALEAXISANG 0	0	0
	}
	*TM_ANIMATION {
		*NODE_NAME "Bip01 Pelvis"
		*CONTROL_POS_TRACK {
			*CONTROL_POS_SAMPLE 192	-22.3673	12.879	92.9745
			*CONTROL_POS_SAMPLE 384	-22.6391	11.5706	91.2488
			*CONTROL_POS_SAMPLE 576	-21.6687	9.05296	89.7939
			*CONTROL_POS_SAMPLE 768	-19.7856	5.62405	88.5627
			*CONTROL_POS_SAMPLE 960	-17.3195	1.58162	87.5083
			*CONTROL_POS_SAMPLE 1152	-14.6001	-2.77654	86.5836
			*CONTROL_POS_SAMPLE 1344	-11.957	-7.15264	85.7418
			*CONTROL_POS_SAMPLE 1536	-9.71989	-11.2489	84.9357
			*CONTROL_POS_SAMPLE 1728	-7.87733	-15.5872	84.5255
			*CONTROL_POS_SAMPLE 1920	-5.85196	-20.5637	84.6512
			*CONTROL_POS_SAMPLE 2112	-3.12442	-25.6914	84.9357
			*CONTROL_POS_SAMPLE 2304	0.610537	-31.052	85.1679
			*CONTROL_POS_SAMPLE 2496	4.93093	-36.6822	85.3922
			*CONTROL_POS_SAMPLE 2688	9.26538	-42.0284	85.6147
			*CONTROL_POS_SAMPLE 2880	13.0425	-46.5368	85.8411
			*CONTROL_POS_SAMPLE 3072	15.5197	-48.988	86.0775
			*CONTROL_POS_SAMPLE 3264	17.3446	-50.2779	86.3297
			*CONTROL_POS_SAMPLE 3456	20.0316	-53.0258	86.6037
			*CONTROL_POS_SAMPLE 3648	24.2854	-58.3769	86.9053
			*CONTROL_POS_SAMPLE 3840	29.2832	-64.942	87.2406
			*CONTROL_POS_SAMPLE 4032	34.2476	-71.5396	87.6153
			*CONTROL_POS_SAMPLE 4224	38.4015	-76.988	88.0355
			*CONTROL_POS_SAMPLE 4416	39.7582	-78.971	88.507
			*CONTROL_POS_SAMPLE 4608	40.9687	-79.9056	89.2707
			*CONTROL_POS_SAMPLE 4800	44.8743	-82.6311	90.4123
			*CONTROL_POS_SAMPLE 4992	49.6302	-85.7673	91.7051
			*CONTROL_POS_SAMPLE 5184	54.3862	-88.9035	92.9223
		}
		*CONTROL_ROT_TRACK {
			*CONTROL_ROT_SAMPLE 192	-0.715813	-0.0195665	-0.698017	3.4837
			*CONTROL_ROT_SAMPLE 384	-0.715813	-0.0195665	-0.698017	3.4837
			*CONTROL_ROT_SAMPLE 576	-0.715813	-0.0195665	-0.698017	3.4837
			*CONTROL_ROT_SAMPLE 768	-0.715813	-0.0195665	-0.698017	3.4837
			*CONTROL_ROT_SAMPLE 960	-0.715813	-0.0195665	-0.698017	3.4837
			*CONTROL_ROT_SAMPLE 1152	-0.715813	-0.0195665	-0.698017	3.4837
			*CONTROL_ROT_SAMPLE 1344	-0.715813	-0.0195665	-0.698017	3.4837
			*CONTROL_ROT_SAMPLE 1536	-0.715813	-0.0195665	-0.698017	3.4837
			*CONTROL_ROT_SAMPLE 1728	-0.715813	-0.0195665	-0.698017	3.4837
			*CONTROL_ROT_SAMPLE 1920	-0.715813	-0.0195665	-0.698017	3.4837
			*CONTROL_ROT_SAMPLE 2112	-0.715813	-0.0195665	-0.698017	3.4837
			*CONTROL_ROT_SAMPLE 2304	-0.715813	-0.0195665	-0.698017	3.4837
			*CONTROL_ROT_SAMPLE 2496	-0.715813	-0.0195665	-0.698017	3.4837
			*CONTROL_ROT_SAMPLE 2688	-0.715813	-0.0195665	-0.698017	3.4837
			*CONTROL_ROT_SAMPLE 2880	-0.715813	-0.0195665	-0.698017	3.4837
			*CONTROL_ROT_SAMPLE 3072	-0.715813	-0.0195665	-0.698017	3.4837
			*CONTROL_ROT_SAMPLE 3264	-0.715813	-0.0195665	-0.698017	3.4837
			*CONTROL_ROT_SAMPLE 3456	-0.715813	-0.0195665	-0.698017	3.4837
			*CONTROL_ROT_SAMPLE 3648	-0.715813	-0.0195665	-0.698017	3.4837
			*CONTROL_ROT_SAMPLE 3840	-0.715813	-0.0195665	-0.698017	3.4837
			*CONTROL_ROT_SAMPLE 4032	-0.715813	-0.0195665	-0.698017	3.4837
			*CONTROL_ROT_SAMPLE 4224	-0.715813	-0.0195665	-0.698017	3.4837
			*CONTROL_ROT_SAMPLE 4416	-0.715813	-0.0195665	-0.698017	3.4837
			*CONTROL_ROT_SAMPLE 4608	-0.715813	-0.0195665	-0.698017	3.4837
			*CONTROL_ROT_SAMPLE 4800	-0.715813	-0.0195665	-0.698017	3.4837
			*CONTROL_ROT_SAMPLE 4992	-0.715813	-0.0195665	-0.698017	3.4837
			*CONTROL_ROT_SAMPLE 5184	-0.715813	-0.0195665	-0.698017	3.4837
		}
	}
}
*HELPEROBJECT {
	*NODE_NAME "Bip01 Spine"
	*NODE_PARENT "Bip01 Pelvis"
	*NODE_TM {
		*NODE_NAME "Bip01 Spine"
		*TM_ROW0 0.0815145	-0.269258	0.959612
		*TM_ROW1 0.254457	-0.925286	-0.281241
		*TM_ROW2 0.963643	0.267105	-0.00690969
		*TM_ROW3 -22.2536	12.4687	95.339
		*TM_POS -22.2536	12.4687	95.339
		*TM_ROTAXIS -0.723152	0.00531509	-0.690668
		*TM_ROTANGLE 3.53046
		*TM_SCALE 1	1	1
		*TM_SCALEAXIS 0	0	0
		*TM_SCALEAXISANG 0	0	0
	}
}
*HELPEROBJECT {
	*NODE_NAME "Bip01 Spine1"
	*NODE_PARENT "Bip01 Spine"
	*NODE_TM {
		*NODE_NAME "Bip01 Spine1"
		*TM_ROW0 0.0706642	-0.292663	0.953601
		*TM_ROW1 0.235733	-0.924012	-0.301051
		*TM_ROW2 0.969245	0.246068	0.0036957
		*TM_ROW3 -21.455	9.83207	104.772
		*TM_POS -21.455	9.83207	104.772
		*TM_ROTAXIS -0.719155	0.0205638	-0.694545
		*TM_ROTANGLE 3.53181
		*TM_SCALE 1	1	1
		*TM_SCALEAXIS 0	0	0
		*TM_SCALEAXISANG 0	0	0
	}
}
*HELPEROBJECT {
	*NODE_NAME "Bip01 Spine2"
	*NODE_PARENT "Bip01 Spine1"
	*NODE_TM {
		*NODE_NAME "Bip01 Spine2"
		*TM_ROW0 0.244824	-0.139093	0.959539
		*TM_ROW1 0.0700209	-0.984536	-0.160582
		*TM_ROW2 0.967036	0.106502	-0.231299
		*TM_ROW3 -20.5529	6.11247	116.973
		*TM_POS -20.5529	6.11247	116.973
		*TM_ROTAXIS -0.787182	0.0220966	-0.616325
		*TM_ROTANGLE 3.31206
		*TM_SCALE 1	1	1
		*TM_SCALEAXIS 0	0	0
		*TM_SCALEAXISANG 0	0	0
	}
}
*HELPEROBJECT {
	*NODE_NAME "Bip01 Neck"
	*NODE_PARENT "Bip01 Spine2"
	*NODE_TM {
		*NODE_NAME "Bip01 Neck"
		*TM_ROW0 0.254392	-0.36404	0.895968
		*TM_ROW1 0.0112151	-0.925275	-0.379132
		*TM_ROW2 0.967036	0.106497	-0.2313
		*TM_ROW3 -13.2121	1.94694	145.745
		*TM_POS -13.2121	1.94694	145.745
		*TM_ROTAXIS -0.786035	0.11503	-0.607386
		*TM_ROTANGLE 3.45564
		*TM_SCALE 1	1	1
		*TM_SCALEAXIS 0	0	0
		*TM_SCALEAXISANG 0	0	0
	}
}
*HELPEROBJECT {
	*NODE_NAME "Bip01 Head"
	*NODE_PARENT "Bip01 Neck"
	*NODE_TM {
		*NODE_NAME "Bip01 Head"
		*TM_ROW0 0.0595127	-0.119331	0.991069
		*TM_ROW1 -0.0459044	-0.992106	-0.116699
		*TM_ROW2 0.997172	-0.0385493	-0.0645207
		*TM_ROW3 -11.4723	-0.542813	151.873
		*TM_POS -11.4723	-0.542813	151.873
		*TM_ROTAXIS -0.72761	0.0568142	-0.683634
		*TM_ROTANGLE 3.19532
		*TM_SCALE 1	1	1
		*TM_SCALEAXIS 0	0	0
		*TM_SCALEAXISANG 0	0	0
	}
}
*HELPEROBJECT {
	*NODE_NAME "zs_Helmet"
	*NODE_PARENT "Bip01 Head"
	*NODE_TM {
		*NODE_NAME "zs_Helmet"
		*TM_ROW0 0.997172	-0.0385485	-0.0645206
		*TM_ROW1 0.0410927	0.99841	0.0385818
		*TM_ROW2 0.0629307	-0.041124	0.99717
		*TM_ROW3 1.9806	-105.75	422.64
		*TM_POS 1.9806	-105.75	422.64
		*TM_ROTAXIS -0.468537	-0.749201	0.468157
		*TM_ROTANGLE 0.0851611
		*TM_SCALE 1	1	1
		*TM_SCALEAXIS 0	0	0
		*TM_SCALEAXISANG 0	0	0
	}
}
*HELPEROBJECT {
	*NODE_NAME "Bip01 L Clavicle"
	*NODE_PARENT "Bip01 Neck"
	*NODE_TM {
		*NODE_NAME "Bip01 L Clavicle"
		*TM_ROW0 0.973343	0.145279	-0.177472
		*TM_ROW1 -0.115005	0.978645	0.170377
		*TM_ROW2 0.198435	-0.145425	0.969265
		*TM_ROW3 -6.99767	5.97017	139.148
		*TM_POS -6.99767	5.97017	139.148
		*TM_ROTAXIS -0.568312	-0.676476	-0.468404
		*TM_ROTANGLE 0.281547
		*TM_SCALE 1	1	1
		*TM_SCALEAXIS 0	0	0
		*TM_SCALEAXISANG 0	0	0
	}
}
*HELPEROBJECT {
	*NODE_NAME "Bip01 L UpperArm"
	*NODE_PARENT "Bip01 L Clavicle"
	*NODE_TM {
		*NODE_NAME "Bip01 L UpperArm"
		*TM_ROW0 0.390015	0.315018	-0.865247
		*TM_ROW1 0.0936915	0.921207	0.377624
		*TM_ROW2 0.916029	-0.228345	0.32977
		*TM_ROW3 5.97311	7.90617	136.783
		*TM_POS 5.97311	7.90617	136.783
		*TM_ROTAXIS -0.319857	-0.940236	-0.116826
		*TM_ROTANGLE 1.24454
		*TM_SCALE 1	1	1
		*TM_SCALEAXIS 0	0	0
		*TM_SCALEAXISANG 0	0	0
	}
}
*HELPEROBJECT {
	*NODE_NAME "Bip01 L Forearm"
	*NODE_PARENT "Bip01 L UpperArm"
	*NODE_TM {
		*NODE_NAME "Bip01 L Forearm"
		*TM_ROW0 0.229671	-0.375435	-0.897942
		*TM_ROW1 0.328848	0.89828	-0.291465
		*TM_ROW2 0.916029	-0.228346	0.32977
		*TM_ROW3 16.857	16.6971	112.638
		*TM_POS 16.857	16.6971	112.638
		*TM_ROTAXIS 0.0324204	-0.931714	0.361743
		*TM_ROTANGLE 1.33989
		*TM_SCALE 1	1	1
		*TM_SCALEAXIS 0	0	0
		*TM_SCALEAXISANG 0	0	0
	}
}
*HELPEROBJECT {
	*NODE_NAME "Bip01 L Hand"
	*NODE_PARENT "Bip01 L Forearm"
	*NODE_TM {
		*NODE_NAME "Bip01 L Hand"
		*TM_ROW0 0.0704601	-0.527088	-0.846884
		*TM_ROW1 -0.952351	0.217025	-0.214308
		*TM_ROW2 0.296755	0.821631	-0.486681
		*TM_ROW3 23.2456	6.25392	87.6601
		*TM_POS 23.2456	6.25392	87.6601
		*TM_ROTAXIS 0.647218	-0.714505	-0.265689
		*TM_ROTANGLE 2.2138
		*TM_SCALE 1	1	1
		*TM_SCALEAXIS 0	0	0
		*TM_SCALEAXISANG 0	0	0
	}
}
*HELPEROBJECT {
	*NODE_NAME "Bip01 L Finger0"
	*NODE_PARENT "Bip01 L Hand"
	*NODE_TM {
		*NODE_NAME "Bip01 L Finger0"
		*TM_ROW0 0.0704592	-0.527088	-0.846885
		*TM_ROW1 -0.952577	0.216398	-0.213935
		*TM_ROW2 0.296026	0.821797	-0.486845
		*TM_ROW3 24.1524	-0.529633	76.7608
		*TM_POS 24.1524	-0.529633	76.7608
		*TM_ROTAXIS 0.647329	-0.714316	-0.265929
		*TM_ROTANGLE 2.21429
		*TM_SCALE 1	1	1
		*TM_SCALEAXIS 0	0	0
		*TM_SCALEAXISANG 0	0	0
	}
}
*HELPEROBJECT {
	*NODE_NAME "zs_LeftHand"
	*NODE_PARENT "Bip01 L Hand"
	*NODE_TM {
		*NODE_NAME "zs_LeftHand"
		*TM_ROW0 0.255061	0.880629	-0.399296
		*TM_ROW1 0.282739	-0.462832	-0.840146
		*TM_ROW2 -0.924663	0.101392	-0.367039
		*TM_ROW3 -37.143	-46.2469	-18.1898
		*TM_POS -37.143	-46.2469	-18.1898
		*TM_ROTAXIS -0.763694	-0.426133	0.484956
		*TM_ROTANGLE 3.8058
		*TM_SCALE 1	1	1
		*TM_SCALEAXIS 0	0	0
		*TM_SCALEAXISANG 0	0	0
	}
}
*HELPEROBJECT {
	*NODE_NAME "zs_LeftArm"
	*NODE_PARENT "Bip01 L Forearm"
	*NODE_TM {
		*NODE_NAME "zs_LeftArm"
		*TM_ROW0 0.218281	-0.148105	-0.964582
		*TM_ROW1 0.341018	0.93768	-0.0668033
		*TM_ROW2 0.914363	-0.314358	0.255185
		*TM_ROW3 64.6955	-250.773	-55.3156
		*TM_POS 64.6955	-250.773	-55.3156
		*TM_ROTAXIS -0.126479	-0.959976	0.249899
		*TM_ROTANGLE 1.36375
		*TM_SCALE 1	1	1
		*TM_SCALEAXIS 0	0	0
		*TM_SCALEAXISANG 0	0	0
	}
}
*HELPEROBJECT {
	*NODE_NAME "Bip01 R Clavicle"
	*NODE_PARENT "Bip01 Neck"
	*NODE_TM {
		*NODE_NAME "Bip01 R Clavicle"
		*TM_ROW0 -0.999479	-0.000746013	0.0322526
		*TM_ROW1 0.00383336	0.989904	0.141689
		*TM_ROW2 -0.0320327	0.141739	-0.989386
		*TM_ROW3 -22.4006	4.27377	142.832
		*TM_POS -22.4006	4.27377	142.832
		*TM_ROTAXIS -0.000773994	-0.997472	-0.071055
		*TM_ROTANGLE 3.17382
		*TM_SCALE 1	1	1
		*TM_SCALEAXIS 0	0	0
		*TM_SCALEAXISANG 0	0	0
	}
}
*HELPEROBJECT {
	*NODE_NAME "Bip01 R UpperArm"
	*NODE_PARENT "Bip01 R Clavicle"
	*NODE_TM {
		*NODE_NAME "Bip01 R UpperArm"
		*TM_ROW0 -0.330035	-0.0535069	-0.942451
		*TM_ROW1 0.0634931	0.994873	-0.0787176
		*TM_ROW2 0.941831	-0.0858187	-0.324945
		*TM_ROW3 -35.7197	4.26383	143.262
		*TM_POS -35.7197	4.26383	143.262
		*TM_ROTAXIS -0.00376132	-0.998071	0.0619728
		*TM_ROTANGLE 1.90716
		*TM_SCALE 1	1	1
		*TM_SCALEAXIS 0	0	0
		*TM_SCALEAXISANG 0	0	0
	}
}
*HELPEROBJECT {
	*NODE_NAME "Bip01 R Forearm"
	*NODE_PARENT "Bip01 R UpperArm"
	*NODE_TM {
		*NODE_NAME "Bip01 R Forearm"
		*TM_ROW0 -0.0853406	-0.996227	0.0157521
		*TM_ROW1 -0.325071	0.0128952	-0.945602
		*TM_ROW2 0.941831	-0.0858187	-0.324945
		*TM_ROW3 -44.9297	2.77065	116.962
		*TM_POS -44.9297	2.77065	116.962
		*TM_ROTAXIS 0.600894	-0.647228	0.469065
		*TM_ROTANGLE 2.34437
		*TM_SCALE 1	1	1
		*TM_SCALEAXIS 0	0	0
		*TM_SCALEAXISANG 0	0	0
	}
}
*HELPEROBJECT {
	*NODE_NAME "Bip01 R Hand"
	*NODE_PARENT "Bip01 R Forearm"
	*NODE_TM {
		*NODE_NAME "Bip01 R Hand"
		*TM_ROW0 -0.0866963	-0.996219	0.00569203
		*TM_ROW1 0.274349	-0.0183819	0.961455
		*TM_ROW2 -0.957714	0.0849161	0.274905
		*TM_ROW3 -47.3035	-24.9407	117.4
		*TM_POS -47.3035	-24.9407	117.4
		*TM_ROTAXIS -0.48173	0.529471	0.698281
		*TM_ROTANGLE 1.99883
		*TM_SCALE 1	1	1
		*TM_SCALEAXIS 0	0	0
		*TM_SCALEAXISANG 0	0	0
	}
}
*HELPEROBJECT {
	*NODE_NAME "Bip01 R Finger0"
	*NODE_PARENT "Bip01 R Hand"
	*NODE_TM {
		*NODE_NAME "Bip01 R Finger0"
		*TM_ROW0 -0.0866897	-0.996219	0.00569801
		*TM_ROW1 0.273623	-0.0183099	0.961663
		*TM_ROW2 -0.957923	0.0849254	0.274175
		*TM_ROW3 -48.4193	-37.7619	117.473
		*TM_POS -48.4193	-37.7619	117.473
		*TM_ROTAXIS -0.481918	0.529675	0.697996
		*TM_ROTANGLE 1.99919
		*TM_SCALE 1	1	1
		*TM_SCALEAXIS 0	0	0
		*TM_SCALEAXISANG 0	0	0
	}
}
*HELPEROBJECT {
	*NODE_NAME "zs_RightHand"
	*NODE_PARENT "Bip01 R Hand"
	*NODE_TM {
		*NODE_NAME "zs_RightHand"
		*TM_ROW0 0.851578	-0.0849048	-0.517307
		*TM_ROW1 0.135687	0.988868	0.0610636
		*TM_ROW2 0.506364	-0.122192	0.853619
		*TM_ROW3 -176.606	-116.461	250.375
		*TM_POS -176.606	-116.461	250.375
		*TM_ROTAXIS -0.172382	-0.962926	0.207502
		*TM_ROTANGLE 0.560419
		*TM_SCALE 1	1	1
		*TM_SCALEAXIS 0	0	0
		*TM_SCALEAXISANG 0	0	0
	}
}
*HELPEROBJECT {
	*NODE_NAME "zs_Crossbow"
	*NODE_PARENT "Bip01 Spine2"
	*NODE_TM {
		*NODE_NAME "zs_Crossbow"
		*TM_ROW0 -0.151426	-0.432637	0.88876
		*TM_ROW1 -0.988467	0.06812	-0.135254
		*TM_ROW2 -0.0020266	-0.898991	-0.437963
		*TM_ROW3 -37.9406	69.3384	1496.78
		*TM_POS -37.9406	69.3384	1496.78
		*TM_ROTAXIS 0.588232	-0.686086	0.4281
		*TM_ROTANGLE 3.8481
		*TM_SCALE 1	1	1
		*TM_SCALEAXIS 0	0	0
		*TM_SCALEAXISANG 0	0	0
	}
}
*HELPEROBJECT {
	*NODE_NAME "zs_Longsword"
	*NODE_PARENT "Bip01 Spine2"
	*NODE_TM {
		*NODE_NAME "zs_Longsword"
		*TM_ROW0 -0.273737	-0.408101	0.870931
		*TM_ROW1 -0.961238	0.147151	-0.233169
		*TM_ROW2 -0.0330024	-0.901	-0.432563
		*TM_ROW3 -181.373	43.7196	1252.68
		*TM_POS -181.373	43.7196	1252.68
		*TM_ROTAXIS 0.533147	-0.721635	0.441585
		*TM_ROTANGLE 3.8184
		*TM_SCALE 1	1	1
		*TM_SCALEAXIS 0	0	0
		*TM_SCALEAXISANG 0	0	0
	}
}
*HELPEROBJECT {
	*NODE_NAME "zs_Shield"
	*NODE_PARENT "Bip01 Spine2"
	*NODE_TM {
		*NODE_NAME "zs_Shield"
		*TM_ROW0 -0.264513	0.427631	-0.864387
		*TM_ROW1 -0.871142	0.278545	0.404382
		*TM_ROW2 0.413697	0.859968	0.298848
		*TM_ROW3 216.866	396.332	424.91
		*TM_POS 216.866	396.332	424.91
		*TM_ROTAXIS 0.242557	-0.680461	-0.691476
		*TM_ROTANGLE 1.9215
		*TM_SCALE 1	1	1
		*TM_SCALEAXIS 0	0	0
		*TM_SCALEAXISANG 0	0	0
	}
}
*HELPEROBJECT {
	*NODE_NAME "zs_Bow"
	*NODE_PARENT "Bip01 Spine2"
	*NODE_TM {
		*NODE_NAME "zs_Bow"
		*TM_ROW0 -0.08804	-0.414886	0.905604
		*TM_ROW1 0.0164082	0.908407	0.417765
		*TM_ROW2 -0.995982	0.0516393	-0.0731687
		*TM_ROW3 -22.0204	510.07	293.459
		*TM_POS -22.0204	510.07	293.459
		*TM_ROTAXIS -0.184543	0.958481	0.21739
		*TM_ROTANGLE 1.69754
		*TM_SCALE 1	1	1
		*TM_SCALEAXIS 0	0	0
		*TM_SCALEAXISANG 0	0	0
	}
}
*HELPEROBJECT {
	*NODE_NAME "zs_Sword"
	*NODE_PARENT "Bip01 Spine"
	*NODE_TM {
		*NODE_NAME "zs_Sword"
		*TM_ROW0 0.169969	-0.621769	0.764535
		*TM_ROW1 -0.205497	0.736405	0.644577
		*TM_ROW2 -0.963785	-0.266668	-0.00260593
		*TM_ROW3 264.148	154.139	151.14
		*TM_POS 264.148	154.139	151.14
		*TM_ROTAXIS -0.456151	0.865162	0.208377
		*TM_ROTANGLE 1.61893
		*TM_SCALE 1	1	1
		*TM_SCALEAXIS 0	0	0
		*TM_SCALEAXISANG 0	0	0
	}
}
*HELPEROBJECT {
	*NODE_NAME "Bip01 L Thigh"
	*NODE_PARENT "Bip01 Pelvis"
	*NODE_TM {
		*NODE_NAME "Bip01 L Thigh"
		*TM_ROW0 0.226565	-0.467037	-0.854719
		*TM_ROW1 0.277877	-0.810073	0.5163
		*TM_ROW2 -0.933516	-0.354482	-0.0537552
		*TM_ROW3 -13.6834	15.2817	93.0121
		*TM_POS -13.6834	15.2817	93.0121
		*TM_ROTAXIS -0.7581	0.0686006	0.64852
		*TM_ROTANGLE 2.52982
		*TM_SCALE 1	1	1
		*TM_SCALEAXIS 0	0	0
		*TM_SCALEAXISANG 0	0	0
	}
	*TM_ANIMATION {
		*NODE_NAME "Bip01 L Thigh"
		*CONTROL_POS_TRACK {
			*CONTROL_POS_SAMPLE 192	-13.6834	15.2817	93.0121
			*CONTROL_POS_SAMPLE 384	-13.9553	13.9732	91.2864
			*CONTROL_POS_SAMPLE 576	-12.9848	11.4556	89.8314
			*CONTROL_POS_SAMPLE 768	-11.1017	8.02668	88.6003
			*CONTROL_POS_SAMPLE 960	-8.63565	3.98425	87.5459
			*CONTROL_POS_SAMPLE 1152	-5.91624	-0.373908	86.6212
			*CONTROL_POS_SAMPLE 1344	-3.27314	-4.75001	85.7793
			*CONTROL_POS_SAMPLE 1536	-1.036	-8.84624	84.9732
			*CONTROL_POS_SAMPLE 1728	0.806564	-13.1846	84.563
			*CONTROL_POS_SAMPLE 1920	2.83193	-18.161	84.6888
			*CONTROL_POS_SAMPLE 2112	5.55948	-23.2888	84.9732
			*CONTROL_POS_SAMPLE 2304	9.29443	-28.6494	85.2054
			*CONTROL_POS_SAMPLE 2496	13.6148	-34.2796	85.4298
			*CONTROL_POS_SAMPLE 2688	17.9493	-39.6258	85.6522
			*CONTROL_POS_SAMPLE 2880	21.7264	-44.1342	85.8787
			*CONTROL_POS_SAMPLE 3072	24.2036	-46.5854	86.1151
			*CONTROL_POS_SAMPLE 3264	26.0285	-47.8752	86.3673
			*CONTROL_POS_SAMPLE 3456	28.7155	-50.6232	86.6413
			*CONTROL_POS_SAMPLE 3648	32.9693	-55.9743	86.9429
			*CONTROL_POS_SAMPLE 3840	37.9671	-62.5394	87.2781
			*CONTROL_POS_SAMPLE 4032	42.9315	-69.137	87.6529
			*CONTROL_POS_SAMPLE 4224	47.0854	-74.5854	88.0731
			*CONTROL_POS_SAMPLE 4416	48.4421	-76.5684	88.5446
			*CONTROL_POS_SAMPLE 4608	49.6526	-77.503	89.3083
			*CONTROL_POS_SAMPLE 4800	53.5582	-80.2284	90.4499
			*CONTROL_POS_SAMPLE 4992	58.3141	-83.3647	91.7427
			*CONTROL_POS_SAMPLE 5184	63.0701	-86.5009	92.9599
		}
		*CONTROL_ROT_TRACK {
			*CONTROL_ROT_SAMPLE 192	-0.7581	0.0686006	0.64852	2.52982
			*CONTROL_ROT_SAMPLE 384	-0.771819	0.125122	0.62341	2.41929
			*CONTROL_ROT_SAMPLE 576	-0.791403	0.18278	0.583329	2.34064
			*CONTROL_ROT_SAMPLE 768	-0.805436	0.220904	0.549976	2.29705
			*CONTROL_ROT_SAMPLE 960	-0.812964	0.236805	0.53199	2.27787
			*CONTROL_ROT_SAMPLE 1152	-0.818842	0.240973	0.520989	2.27761
			*CONTROL_ROT_SAMPLE 1344	-0.82337	0.238108	0.515137	2.28858
			*CONTROL_ROT_SAMPLE 1536	-0.826806	0.226436	0.514897	2.31377
			*CONTROL_ROT_SAMPLE 1728	-0.829998	0.20172	0.520012	2.3586
			*CONTROL_ROT_SAMPLE 1920	-0.83202	0.174267	0.526663	2.40681
			*CONTROL_ROT_SAMPLE 2112	-0.829149	0.180268	0.529165	2.40924
			*CONTROL_ROT_SAMPLE 2304	-0.825055	0.169616	0.538994	2.41921
			*CONTROL_ROT_SAMPLE 2496	-0.819134	0.148919	0.553934	2.43931
			*CONTROL_ROT_SAMPLE 2688	-0.811907	0.12053	0.571208	2.46854
			*CONTROL_ROT_SAMPLE 2880	-0.804323	0.0902666	0.587295	2.50206
			*CONTROL_ROT_SAMPLE 3072	-0.798171	0.0697736	0.598377	2.5252
			*CONTROL_ROT_SAMPLE 3264	-0.792812	0.0561028	0.606879	2.53976
			*CONTROL_ROT_SAMPLE 3456	-0.784845	0.0318685	0.618872	2.56956
			*CONTROL_ROT_SAMPLE 3648	-0.770814	-0.0136185	0.636915	2.63269
			*CONTROL_ROT_SAMPLE 3840	-0.745893	-0.0847195	0.660655	2.74261
			*CONTROL_ROT_SAMPLE 4032	-0.713072	-0.165192	0.681352	2.87876
			*CONTROL_ROT_SAMPLE 4224	-0.697343	-0.19547	0.689568	2.9318
			*CONTROL_ROT_SAMPLE 4416	-0.728848	-0.106012	0.676419	2.77213
			*CONTROL_ROT_SAMPLE 4608	-0.761434	0.0135706	0.6481	2.57795
			*CONTROL_ROT_SAMPLE 4800	-0.771923	0.0904511	0.629248	2.45785
			*CONTROL_ROT_SAMPLE 4992	-0.76986	0.110721	0.628535	2.43114
			*CONTROL_ROT_SAMPLE 5184	-0.763844	0.0795402	0.640481	2.48844
		}
	}
}
*HELPEROBJECT {
	*NODE_NAME "Bip01 L Calf"
	*NODE_PARENT "Bip01 L Thigh"
	*NODE_TM {
		*NODE_NAME "Bip01 L Calf"
		*TM_ROW0 0.0204113	0.0971432	-0.995061
		*TM_ROW1 0.357953	-0.930003	-0.0834493
		*TM_ROW2 -0.933516	-0.354482	-0.0537553
		*TM_ROW3 -4.76928	-3.09383	59.3833
		*TM_POS -4.76928	-3.09383	59.3833
		*TM_ROTAXIS -0.711109	-0.161475	0.684288
		*TM_ROTANGLE 2.94985
		*TM_SCALE 1	1	1
		*TM_SCALEAXIS 0	0	0
		*TM_SCALEAXISANG 0	0	0
	}
	*TM_ANIMATION {
		*NODE_NAME "Bip01 L Calf"
		*CONTROL_POS_TRACK {
			*CONTROL_POS_SAMPLE 192	-4.76928	-3.09383	59.3833
			*CONTROL_POS_SAMPLE 384	-2.45215	-8.89291	61.406
			*CONTROL_POS_SAMPLE 576	1.4244	-14.6763	64.1894
			*CONTROL_POS_SAMPLE 768	5.24437	-19.8011	66.0961
			*CONTROL_POS_SAMPLE 960	8.70104	-24.4238	66.5592
			*CONTROL_POS_SAMPLE 1152	12.0455	-28.7666	66.1458
			*CONTROL_POS_SAMPLE 1344	15.066	-32.8041	65.1721
			*CONTROL_POS_SAMPLE 1536	17.4393	-36.1149	63.4535
			*CONTROL_POS_SAMPLE 1728	19.2351	-38.8736	61.1435
			*CONTROL_POS_SAMPLE 1920	21.0847	-41.9908	59.2527
			*CONTROL_POS_SAMPLE 2112	23.4654	-47.4633	59.6161
			*CONTROL_POS_SAMPLE 2304	26.6525	-52.3074	58.9945
			*CONTROL_POS_SAMPLE 2496	30.1324	-56.8212	57.7339
			*CONTROL_POS_SAMPLE 2688	33.4004	-60.4965	56.0939
			*CONTROL_POS_SAMPLE 2880	36.034	-63.0736	54.5002
			*CONTROL_POS_SAMPLE 3072	37.6178	-64.1745	53.5775
			*CONTROL_POS_SAMPLE 3264	38.7119	-64.5862	53.0823
			*CONTROL_POS_SAMPLE 3456	40.2474	-65.6161	52.1413
			*CONTROL_POS_SAMPLE 3648	42.4017	-67.41	50.4975
			*CONTROL_POS_SAMPLE 3840	43.7727	-67.8601	48.7295
			*CONTROL_POS_SAMPLE 4032	44.2623	-66.9921	48.3891
			*CONTROL_POS_SAMPLE 4224	46.4495	-69.627	49.0471
			*CONTROL_POS_SAMPLE 4416	52.1433	-80.304	49.5527
			*CONTROL_POS_SAMPLE 4608	58.488	-91.8767	53.7647
			*CONTROL_POS_SAMPLE 4800	64.676	-100.744	58.7718
			*CONTROL_POS_SAMPLE 4992	69.4846	-105.389	61.1131
			*CONTROL_POS_SAMPLE 5184	73.0106	-106.103	60.3264
		}
		*CONTROL_ROT_TRACK {
			*CONTROL_ROT_SAMPLE 192	-0.711109	-0.161475	0.684288	2.94985
			*CONTROL_ROT_SAMPLE 384	-0.712204	-0.180084	0.67848	2.95594
			*CONTROL_ROT_SAMPLE 576	-0.728129	-0.186643	0.65954	2.94303
			*CONTROL_ROT_SAMPLE 768	-0.743138	-0.187553	0.642316	2.92185
			*CONTROL_ROT_SAMPLE 960	-0.751893	-0.185987	0.632508	2.90213
			*CONTROL_ROT_SAMPLE 1152	-0.760618	-0.180219	0.623683	2.88295
			*CONTROL_ROT_SAMPLE 1344	-0.768163	-0.173924	0.616179	2.86943
			*CONTROL_ROT_SAMPLE 1536	-0.775734	-0.163927	0.609397	2.85718
			*CONTROL_ROT_SAMPLE 1728	-0.783722	-0.151333	0.602394	2.8466
			*CONTROL_ROT_SAMPLE 1920	-0.788206	-0.147021	0.597592	2.85092
			*CONTROL_ROT_SAMPLE 2112	-0.773372	-0.190853	0.604542	2.93347
			*CONTROL_ROT_SAMPLE 2304	-0.754577	-0.233016	0.613447	3.00749
			*CONTROL_ROT_SAMPLE 2496	-0.732899	-0.273037	0.623145	3.08195
			*CONTROL_ROT_SAMPLE 2688	-0.711438	-0.306792	0.632246	3.1479
			*CONTROL_ROT_SAMPLE 2880	-0.693436	-0.331629	0.639663	3.19849
			*CONTROL_ROT_SAMPLE 3072	-0.682725	-0.343163	0.645078	3.22427
			*CONTROL_ROT_SAMPLE 3264	-0.675507	-0.348173	0.649973	3.2377
			*CONTROL_ROT_SAMPLE 3456	-0.66425	-0.358814	0.655762	3.26278
			*CONTROL_ROT_SAMPLE 3648	0.646835	0.376791	-0.663048	2.97922
			*CONTROL_ROT_SAMPLE 3840	0.626568	0.392969	-0.673044	2.93873
			*CONTROL_ROT_SAMPLE 4032	0.612913	0.39606	-0.683721	2.92952
			*CONTROL_ROT_SAMPLE 4224	0.606569	0.395876	-0.689461	2.92915
			*CONTROL_ROT_SAMPLE 4416	0.603462	0.410366	-0.68369	2.88956
			*CONTROL_ROT_SAMPLE 4608	0.620253	0.396647	-0.676725	2.91492
			*CONTROL_ROT_SAMPLE 4800	0.642441	0.355375	-0.678954	2.99566
			*CONTROL_ROT_SAMPLE 4992	0.672949	0.280913	-0.684272	3.13461
			*CONTROL_ROT_SAMPLE 5184	-0.708709	-0.177545	0.682795	2.95358
		}
	}
}
*HELPEROBJECT {
	*NODE_NAME "Bip01 L Foot"
	*NODE_PARENT "Bip01 L Calf"
	*NODE_TM {
		*NODE_NAME "Bip01 L Foot"
		*TM_ROW0 0.0195879	0.00534473	-0.999794
		*TM_ROW1 0.448578	-0.893735	0.00401075
		*TM_ROW2 -0.893529	-0.448564	-0.0199039
		*TM_ROW3 -3.76714	1.67567	10.5281
		*TM_POS -3.76714	1.67567	10.5281
		*TM_ROTAXIS -0.704597	-0.16544	0.690053
		*TM_ROTANGLE 2.81464
		*TM_SCALE 1	1	1
		*TM_SCALEAXIS 0	0	0
		*TM_SCALEAXISANG 0	0	0
	}
	*TM_ANIMATION {
		*NODE_NAME "Bip01 L Foot"
		*CONTROL_POS_TRACK {
			*CONTROL_POS_SAMPLE 192	-3.76714	1.67567	10.5281
			*CONTROL_POS_SAMPLE 384	-1.32599	-2.55588	12.7321
			*CONTROL_POS_SAMPLE 576	4.84034	-7.85045	15.6887
			*CONTROL_POS_SAMPLE 768	10.904	-13.1535	17.7809
			*CONTROL_POS_SAMPLE 960	15.7264	-18.2535	18.3601
			*CONTROL_POS_SAMPLE 1152	20.4461	-23.362	18.075
			*CONTROL_POS_SAMPLE 1344	24.6517	-28.0588	17.2537
			*CONTROL_POS_SAMPLE 1536	28.2174	-32.2741	15.7077
			*CONTROL_POS_SAMPLE 1728	31.2691	-36.0777	13.6256
			*CONTROL_POS_SAMPLE 1920	33.7727	-39.259	11.9015
			*CONTROL_POS_SAMPLE 2112	33.5246	-39.259	12.2655
			*CONTROL_POS_SAMPLE 2304	33.6557	-39.1463	12.215
			*CONTROL_POS_SAMPLE 2496	33.8199	-39.0125	12.1287
			*CONTROL_POS_SAMPLE 2688	34.0041	-38.8683	12.0208
			*CONTROL_POS_SAMPLE 2880	34.1951	-38.7247	11.9053
			*CONTROL_POS_SAMPLE 3072	34.3798	-38.5925	11.7964
			*CONTROL_POS_SAMPLE 3264	34.545	-38.4825	11.7083
			*CONTROL_POS_SAMPLE 3456	34.6775	-38.4054	11.6551
			*CONTROL_POS_SAMPLE 3648	34.7642	-38.3723	11.6509
			*CONTROL_POS_SAMPLE 3840	33.8368	-37.2724	11.6316
			*CONTROL_POS_SAMPLE 4032	32.7397	-36.3562	11.7933
			*CONTROL_POS_SAMPLE 4224	34.1781	-39.1753	12.5411
			*CONTROL_POS_SAMPLE 4416	39.7914	-48.0001	14.7035
			*CONTROL_POS_SAMPLE 4608	47.9403	-60.5604	17.4519
			*CONTROL_POS_SAMPLE 4800	56.4129	-73.5976	18.705
			*CONTROL_POS_SAMPLE 4992	64.8563	-86.5917	15.993
			*CONTROL_POS_SAMPLE 5184	73.6639	-100.122	11.5988
		}
		*CONTROL_ROT_TRACK {
			*CONTROL_ROT_SAMPLE 192	-0.704597	-0.16544	0.690053	2.81464
			*CONTROL_ROT_SAMPLE 384	-0.703733	-0.181193	0.686971	2.78419
			*CONTROL_ROT_SAMPLE 576	-0.703795	-0.180155	0.68718	2.78619
			*CONTROL_ROT_SAMPLE 768	-0.704002	-0.176629	0.687883	2.793
			*CONTROL_ROT_SAMPLE 960	-0.704142	-0.174141	0.688374	2.7978
			*CONTROL_ROT_SAMPLE 1152	-0.704409	-0.169167	0.689341	2.80742
			*CONTROL_ROT_SAMPLE 1344	-0.704597	-0.16544	0.690053	2.81464
			*CONTROL_ROT_SAMPLE 1536	-0.704637	-0.164612	0.69021	2.81624
			*CONTROL_ROT_SAMPLE 1728	-0.704617	-0.165026	0.690132	2.81544
			*CONTROL_ROT_SAMPLE 1920	-0.704597	-0.16544	0.690053	2.81464
			*CONTROL_ROT_SAMPLE 2112	-0.704597	-0.16544	0.690053	2.81464
			*CONTROL_ROT_SAMPLE 2304	-0.704597	-0.16544	0.690053	2.81464
			*CONTROL_ROT_SAMPLE 2496	-0.704597	-0.16544	0.690053	2.81464
			*CONTROL_ROT_SAMPLE 2688	-0.704597	-0.16544	0.690053	2.81464
			*CONTROL_ROT_SAMPLE 2880	-0.704597	-0.16544	0.690053	2.81464
			*CONTROL_ROT_SAMPLE 3072	-0.704597	-0.16544	0.690053	2.81464
			*CONTROL_ROT_SAMPLE 3264	-0.704597	-0.16544	0.690053	2.81464
			*CONTROL_ROT_SAMPLE 3456	-0.704597	-0.16544	0.690053	2.81464
			*CONTROL_ROT_SAMPLE 3648	-0.704597	-0.16544	0.690053	2.81464
			*CONTROL_ROT_SAMPLE 3840	-0.704597	-0.16544	0.690053	2.81464
			*CONTROL_ROT_SAMPLE 4032	-0.704597	-0.16544	0.690053	2.81464
			*CONTROL_ROT_SAMPLE 4224	-0.704597	-0.16544	0.690053	2.81464
			*CONTROL_ROT_SAMPLE 4416	-0.704597	-0.16544	0.690053	2.81464
			*CONTROL_ROT_SAMPLE 4608	-0.704597	-0.16544	0.690053	2.81464
			*CONTROL_ROT_SAMPLE 4800	-0.704597	-0.16544	0.690053	2.81464
			*CONTROL_ROT_SAMPLE 4992	-0.704597	-0.16544	0.690053	2.81464
			*CONTROL_ROT_SAMPLE 5184	-0.704597	-0.16544	0.690053	2.81464
		}
	}
}
*HELPEROBJECT {
	*NODE_NAME "Bip01 L Toe0"
	*NODE_PARENT "Bip01 L Foot"
	*NODE_TM {
		*NODE_NAME "Bip01 L Toe0"
		*TM_ROW0 0.448584	-0.893732	0.00393956
		*TM_ROW1 -0.0195529	-0.00540697	0.999794
		*TM_ROW2 -0.893527	-0.448569	-0.0199005
		*TM_ROW3 6.63771	-18.4944	-2.00521
		*TM_POS 6.63771	-18.4944	-2.00521
		*TM_ROTAXIS -0.756308	0.46864	0.45648
		*TM_ROTANGLE 1.86331
		*TM_SCALE 1	1	1
		*TM_SCALEAXIS 0	0	0
		*TM_SCALEAXISANG 0	0	0
	}
	*TM_ANIMATION {
		*NODE_NAME "Bip01 L Toe0"
		*CONTROL_POS_TRACK {
			*CONTROL_POS_SAMPLE 192	6.63771	-18.4944	-2.00521
			*CONTROL_POS_SAMPLE 384	9.99075	-22.2452	0.224477
			*CONTROL_POS_SAMPLE 576	16.0977	-27.5726	3.17933
			*CONTROL_POS_SAMPLE 768	21.959	-32.9861	5.26555
			*CONTROL_POS_SAMPLE 960	26.6378	-38.1628	5.84068
			*CONTROL_POS_SAMPLE 1152	31.0688	-43.4218	5.54748
			*CONTROL_POS_SAMPLE 1344	35.0565	-48.2289	4.72036
			*CONTROL_POS_SAMPLE 1536	38.5737	-52.4683	3.1731
			*CONTROL_POS_SAMPLE 1728	41.6497	-56.2598	1.09165
			*CONTROL_POS_SAMPLE 1920	44.1776	-59.4291	-0.631817
			*CONTROL_POS_SAMPLE 2112	43.9295	-59.4291	-0.267861
			*CONTROL_POS_SAMPLE 2304	44.0606	-59.3164	-0.318316
			*CONTROL_POS_SAMPLE 2496	44.2248	-59.1826	-0.404588
			*CONTROL_POS_SAMPLE 2688	44.409	-59.0384	-0.512552
			*CONTROL_POS_SAMPLE 2880	44.6	-58.8948	-0.62804
			*CONTROL_POS_SAMPLE 3072	44.7847	-58.7626	-0.736916
			*CONTROL_POS_SAMPLE 3264	44.9498	-58.6525	-0.825034
			*CONTROL_POS_SAMPLE 3456	45.0823	-58.5755	-0.878249
			*CONTROL_POS_SAMPLE 3648	45.169	-58.5424	-0.882433
			*CONTROL_POS_SAMPLE 3840	44.2417	-57.4425	-0.901759
			*CONTROL_POS_SAMPLE 4032	43.1445	-56.5262	-0.740003
			*CONTROL_POS_SAMPLE 4224	44.583	-59.3454	0.00773685
			*CONTROL_POS_SAMPLE 4416	50.1962	-68.1702	2.1702
			*CONTROL_POS_SAMPLE 4608	58.3452	-80.7305	4.91862
			*CONTROL_POS_SAMPLE 4800	66.8178	-93.7677	6.17166
			*CONTROL_POS_SAMPLE 4992	75.2612	-106.762	3.45971
			*CONTROL_POS_SAMPLE 5184	84.0688	-120.292	-0.934562
		}
		*CONTROL_ROT_TRACK {
			*CONTROL_ROT_SAMPLE 192	-0.756308	0.46864	0.45648	1.86331
			*CONTROL_ROT_SAMPLE 384	-0.772427	0.456071	0.441991	1.84531
			*CONTROL_ROT_SAMPLE 576	-0.771375	0.456912	0.442959	1.84648
			*CONTROL_ROT_SAMPLE 768	-0.767788	0.459756	0.446234	1.85046
			*CONTROL_ROT_SAMPLE 960	-0.765249	0.461751	0.448532	1.85329
			*CONTROL_ROT_SAMPLE 1152	-0.76015	0.465705	0.453091	1.85899
			*CONTROL_ROT_SAMPLE 1344	-0.756308	0.46864	0.45648	1.86331
			*CONTROL_ROT_SAMPLE 1536	-0.755453	0.469289	0.457229	1.86428
			*CONTROL_ROT_SAMPLE 1728	-0.755881	0.468965	0.456855	1.86379
			*CONTROL_ROT_SAMPLE 1920	-0.756308	0.46864	0.45648	1.86331
			*CONTROL_ROT_SAMPLE 2112	-0.756308	0.46864	0.45648	1.86331
			*CONTROL_ROT_SAMPLE 2304	-0.756308	0.46864	0.45648	1.86331
			*CONTROL_ROT_SAMPLE 2496	-0.756308	0.46864	0.45648	1.86331
			*CONTROL_ROT_SAMPLE 2688	-0.756308	0.46864	0.45648	1.86331
			*CONTROL_ROT_SAMPLE 2880	-0.756308	0.46864	0.45648	1.86331
			*CONTROL_ROT_SAMPLE 3072	-0.756308	0.46864	0.45648	1.86331
			*CONTROL_ROT_SAMPLE 3264	-0.756308	0.46864	0.45648	1.86331
			*CONTROL_ROT_SAMPLE 3456	-0.756308	0.46864	0.45648	1.86331
			*CONTROL_ROT_SAMPLE 3648	-0.756308	0.46864	0.45648	1.86331
			*CONTROL_ROT_SAMPLE 3840	-0.756308	0.46864	0.45648	1.86331
			*CONTROL_ROT_SAMPLE 4032	-0.756308	0.46864	0.45648	1.86331
			*CONTROL_ROT_SAMPLE 4224	-0.756308	0.46864	0.45648	1.86331
			*CONTROL_ROT_SAMPLE 4416	-0.756308	0.46864	0.45648	1.86331
			*CONTROL_ROT_SAMPLE 4608	-0.756308	0.46864	0.45648	1.86331
			*CONTROL_ROT_SAMPLE 4800	-0.756308	0.46864	0.45648	1.86331
			*CONTROL_ROT_SAMPLE 4992	-0.756308	0.46864	0.45648	1.86331
			*CONTROL_ROT_SAMPLE 5184	-0.756308	0.46864	0.45648	1.86331
		}
	}
}
*HELPEROBJECT {
	*NODE_NAME "Bip01 R Thigh"
	*NODE_PARENT "Bip01 Pelvis"
	*NODE_TM {
		*NODE_NAME "Bip01 R Thigh"
		*TM_ROW0 -0.274283	-0.240731	-0.93103
		*TM_ROW1 -0.327495	-0.886905	0.325802
		*TM_ROW2 -0.904166	0.39427	0.164425
		*TM_ROW3 -31.0512	10.4764	92.9369
		*TM_POS -31.0512	10.4764	92.9369
		*TM_ROTAXIS 0.601949	-0.236185	-0.762807
		*TM_ROTANGLE 3.08469
		*TM_SCALE 1	1	1
		*TM_SCALEAXIS 0	0	0
		*TM_SCALEAXISANG 0	0	0
	}
	*TM_ANIMATION {
		*NODE_NAME "Bip01 R Thigh"
		*CONTROL_POS_TRACK {
			*CONTROL_POS_SAMPLE 192	-31.0512	10.4764	92.9369
			*CONTROL_POS_SAMPLE 384	-31.323	9.16791	91.2112
			*CONTROL_POS_SAMPLE 576	-30.3526	6.65032	89.7563
			*CONTROL_POS_SAMPLE 768	-28.4695	3.22141	88.5251
			*CONTROL_POS_SAMPLE 960	-26.0034	-0.821015	87.4707
			*CONTROL_POS_SAMPLE 1152	-23.284	-5.17918	86.5461
			*CONTROL_POS_SAMPLE 1344	-20.6409	-9.55528	85.7042
			*CONTROL_POS_SAMPLE 1536	-18.4038	-13.6515	84.8981
			*CONTROL_POS_SAMPLE 1728	-16.5612	-17.9899	84.4879
			*CONTROL_POS_SAMPLE 1920	-14.5359	-22.9663	84.6136
			*CONTROL_POS_SAMPLE 2112	-11.8083	-28.0941	84.8981
			*CONTROL_POS_SAMPLE 2304	-8.07335	-33.4546	85.1303
			*CONTROL_POS_SAMPLE 2496	-3.75296	-39.0849	85.3547
			*CONTROL_POS_SAMPLE 2688	0.581489	-44.4311	85.5771
			*CONTROL_POS_SAMPLE 2880	4.35862	-48.9395	85.8036
			*CONTROL_POS_SAMPLE 3072	6.83578	-51.3906	86.0399
			*CONTROL_POS_SAMPLE 3264	8.66074	-52.6805	86.2922
			*CONTROL_POS_SAMPLE 3456	11.3477	-55.4285	86.5661
			*CONTROL_POS_SAMPLE 3648	15.6015	-60.7795	86.8678
			*CONTROL_POS_SAMPLE 3840	20.5993	-67.3447	87.203
			*CONTROL_POS_SAMPLE 4032	25.5637	-73.9422	87.5777
			*CONTROL_POS_SAMPLE 4224	29.7176	-79.3906	87.9979
			*CONTROL_POS_SAMPLE 4416	31.0743	-81.3737	88.4694
			*CONTROL_POS_SAMPLE 4608	32.2848	-82.3083	89.2331
			*CONTROL_POS_SAMPLE 4800	36.1904	-85.0337	90.3748
			*CONTROL_POS_SAMPLE 4992	40.9463	-88.1699	91.6675
			*CONTROL_POS_SAMPLE 5184	45.7023	-91.3062	92.8847
		}
		*CONTROL_ROT_TRACK {
			*CONTROL_ROT_SAMPLE 192	0.601949	-0.236185	-0.762807	3.08469
			*CONTROL_ROT_SAMPLE 384	0.577356	-0.273707	-0.769249	3.0537
			*CONTROL_ROT_SAMPLE 576	0.566037	-0.273162	-0.777808	3.05458
			*CONTROL_ROT_SAMPLE 768	0.555886	-0.25917	-0.789823	3.0435
			*CONTROL_ROT_SAMPLE 960	0.5464	-0.235239	-0.803809	3.01899
			*CONTROL_ROT_SAMPLE 1152	0.536993	-0.204685	-0.818378	2.97902
			*CONTROL_ROT_SAMPLE 1344	0.526935	-0.165513	-0.833634	2.92861
			*CONTROL_ROT_SAMPLE 1536	0.522474	-0.122494	-0.84381	2.86962
			*CONTROL_ROT_SAMPLE 1728	0.535545	-0.0481992	-0.84313	2.70933
			*CONTROL_ROT_SAMPLE 1920	0.553851	0.0221092	-0.832322	2.53894
			*CONTROL_ROT_SAMPLE 2112	0.546579	-0.0449347	-0.836201	2.73938
			*CONTROL_ROT_SAMPLE 2304	0.541638	-0.0839108	-0.836413	2.85641
			*CONTROL_ROT_SAMPLE 2496	0.536931	-0.116547	-0.835537	2.95707
			*CONTROL_ROT_SAMPLE 2688	0.53493	-0.149034	-0.831648	3.0559
			*CONTROL_ROT_SAMPLE 2880	0.538603	-0.185628	-0.821857	3.15645
			*CONTROL_ROT_SAMPLE 3072	0.551145	-0.234966	-0.800644	3.26567
			*CONTROL_ROT_SAMPLE 3264	0.571191	-0.288337	-0.768506	3.36324
			*CONTROL_ROT_SAMPLE 3456	0.592584	-0.32445	-0.737277	3.42334
			*CONTROL_ROT_SAMPLE 3648	0.610453	-0.33628	-0.717122	3.44424
			*CONTROL_ROT_SAMPLE 3840	0.626176	-0.336092	-0.703524	3.44551
			*CONTROL_ROT_SAMPLE 4032	0.641832	-0.332197	-0.691156	3.43964
			*CONTROL_ROT_SAMPLE 4224	0.65992	-0.330103	-0.674935	3.43596
			*CONTROL_ROT_SAMPLE 4416	0.656027	-0.317244	-0.684825	3.41957
			*CONTROL_ROT_SAMPLE 4608	0.653431	-0.305669	-0.692528	3.4035
			*CONTROL_ROT_SAMPLE 4800	0.641117	-0.27995	-0.714561	3.37352
			*CONTROL_ROT_SAMPLE 4992	0.626635	-0.246628	-0.739259	3.33009
			*CONTROL_ROT_SAMPLE 5184	0.612967	-0.209621	-0.761794	3.27448
		}
	}
}
*HELPEROBJECT {
	*NODE_NAME "Bip01 R Calf"
	*NODE_PARENT "Bip01 R Thigh"
	*NODE_TM {
		*NODE_NAME "Bip01 R Calf"
		*TM_ROW0 -0.000230068	0.384457	-0.923143
		*TM_ROW1 -0.427182	-0.834712	-0.347523
		*TM_ROW2 -0.904166	0.39427	0.164425
		*TM_ROW3 -41.8429	1.00488	56.3057
		*TM_POS -41.8429	1.00488	56.3057
		*TM_ROTAXIS 0.674531	-0.0172562	-0.738045
		*TM_ROTANGLE 2.5594
		*TM_SCALE 1	1	1
		*TM_SCALEAXIS 0	0	0
		*TM_SCALEAXISANG 0	0	0
	}
	*TM_ANIMATION {
		*NODE_NAME "Bip01 R Calf"
		*CONTROL_POS_TRACK {
			*CONTROL_POS_SAMPLE 192	-41.8429	1.00488	56.3057
			*CONTROL_POS_SAMPLE 384	-44.3362	-0.586336	55.3849
			*CONTROL_POS_SAMPLE 576	-44.3843	-2.83417	54.2433
			*CONTROL_POS_SAMPLE 768	-43.3678	-5.04463	53.0606
			*CONTROL_POS_SAMPLE 960	-41.648	-7.02986	51.9079
			*CONTROL_POS_SAMPLE 1152	-39.5686	-8.55948	50.8893
			*CONTROL_POS_SAMPLE 1344	-37.4946	-9.40776	50.1522
			*CONTROL_POS_SAMPLE 1536	-35.2166	-9.67669	49.5492
			*CONTROL_POS_SAMPLE 1728	-30.7562	-6.03071	49.7965
			*CONTROL_POS_SAMPLE 1920	-24.9375	-3.52527	52.0273
			*CONTROL_POS_SAMPLE 2112	-25.4429	-17.0707	49.676
			*CONTROL_POS_SAMPLE 2304	-23.2099	-27.7006	49.2724
			*CONTROL_POS_SAMPLE 2496	-19.9366	-37.9357	49.5108
			*CONTROL_POS_SAMPLE 2688	-16.1432	-47.8923	50.1325
			*CONTROL_POS_SAMPLE 2880	-12.1558	-57.287	51.0817
			*CONTROL_POS_SAMPLE 3072	-8.39564	-65.4402	52.594
			*CONTROL_POS_SAMPLE 3264	-4.36236	-72.1289	54.6666
			*CONTROL_POS_SAMPLE 3456	0.641795	-78.3247	56.4138
			*CONTROL_POS_SAMPLE 3648	6.70243	-84.9756	57.1462
			*CONTROL_POS_SAMPLE 3840	13.2045	-91.8092	57.2894
			*CONTROL_POS_SAMPLE 4032	19.6551	-98.3357	57.2782
			*CONTROL_POS_SAMPLE 4224	25.5971	-103.868	57.4713
			*CONTROL_POS_SAMPLE 4416	26.4556	-104.83	57.2207
			*CONTROL_POS_SAMPLE 4608	27.3071	-104.812	57.3457
			*CONTROL_POS_SAMPLE 4800	29.8099	-105.43	57.34
			*CONTROL_POS_SAMPLE 4992	32.9239	-105.674	57.356
			*CONTROL_POS_SAMPLE 5184	36.14	-105.344	57.3949
		}
		*CONTROL_ROT_TRACK {
			*CONTROL_ROT_SAMPLE 192	0.674531	-0.0172562	-0.738045	2.5594
			*CONTROL_ROT_SAMPLE 384	0.67743	-0.0310525	-0.734932	2.4529
			*CONTROL_ROT_SAMPLE 576	0.672419	-0.0179027	-0.739954	2.40796
			*CONTROL_ROT_SAMPLE 768	0.660471	-0.00375873	-0.750842	2.37533
			*CONTROL_ROT_SAMPLE 960	0.642941	0.00928366	-0.76586	2.35383
			*CONTROL_ROT_SAMPLE 1152	0.62134	0.0189374	-0.783312	2.34345
			*CONTROL_ROT_SAMPLE 1344	0.593779	0.0257007	-0.804218	2.35703
			*CONTROL_ROT_SAMPLE 1536	0.571367	0.0354309	-0.819929	2.38215
			*CONTROL_ROT_SAMPLE 1728	0.557356	0.0376412	-0.82942	2.44622
			*CONTROL_ROT_SAMPLE 1920	0.553917	0.0224147	-0.83227	2.53803
			*CONTROL_ROT_SAMPLE 2112	0.573472	0.0776099	-0.815541	2.38114
			*CONTROL_ROT_SAMPLE 2304	0.584003	0.106768	-0.804699	2.30533
			*CONTROL_ROT_SAMPLE 2496	0.591832	0.128621	-0.795733	2.25493
