*3DSMAX_ASCIIEXPORT	110
*COMMENT "This file is part of Gothic Free Aim Copyright (C) 2016-2018  mud-freak (@szapp)"
*COMMENT "<http://github.com/szapp/GothicFreeAim>"
*COMMENT "Animations: first iteration"
*SCENE {
	*SCENE_FILENAME "cbowIK_T2_frontLeft.max"
	*SCENE_FIRSTFRAME 1
	*SCENE_LASTFRAME 26
	*SCENE_FRAMESPEED 25
	*SCENE_TICKSPERFRAME 192
	*SCENE_BACKGROUND_STATIC 0	0	0
	*SCENE_AMBIENT_STATIC 0.2	0.2	0.2
}
*HELPEROBJECT {
	*NODE_NAME "Bip01"
	*NODE_TM {
		*NODE_NAME "Bip01"
		*TM_ROW0 -0.223483	-0.973914	-0.0393292
		*TM_ROW1 0.974662	-0.222899	-0.0187185
		*TM_ROW2 0.00946376	-0.0425159	0.999051
		*TM_ROW3 69.057	-93.1945	55.0074
		*TM_POS 69.057	-93.1945	55.0074
		*TM_ROTAXIS -0.012208	-0.0250306	0.999612
		*TM_ROTANGLE 1.79637
		*TM_SCALE 1	1	1
		*TM_SCALEAXIS 0	0	0
		*TM_SCALEAXISANG 0	0	0
	}
	*TM_ANIMATION {
		*NODE_NAME "Bip01"
		*CONTROL_POS_TRACK {
			*CONTROL_POS_SAMPLE 192	-5.92776	6.99236	48.4179
			*CONTROL_POS_SAMPLE 384	-4.3871	3.74484	50.0468
			*CONTROL_POS_SAMPLE 576	-2.84644	0.497317	51.6757
			*CONTROL_POS_SAMPLE 768	-1.30578	-2.7502	53.3046
			*CONTROL_POS_SAMPLE 960	0.234879	-5.99773	54.9335
			*CONTROL_POS_SAMPLE 1152	1.77554	-9.24525	53.964
			*CONTROL_POS_SAMPLE 1344	3.3162	-12.4928	52.9945
			*CONTROL_POS_SAMPLE 1536	4.85686	-15.7403	52.0249
			*CONTROL_POS_SAMPLE 1728	6.39751	-18.9878	51.0554
			*CONTROL_POS_SAMPLE 1920	10.3425	-22.6835	51.6114
			*CONTROL_POS_SAMPLE 2112	14.2875	-26.3792	52.1675
			*CONTROL_POS_SAMPLE 2304	18.2324	-30.0748	52.7235
			*CONTROL_POS_SAMPLE 2496	22.1774	-33.7705	53.2795
			*CONTROL_POS_SAMPLE 2688	26.1224	-37.4662	53.8356
			*CONTROL_POS_SAMPLE 2880	30.0674	-41.1618	54.3916
			*CONTROL_POS_SAMPLE 3072	34.0123	-44.8575	54.9477
			*CONTROL_POS_SAMPLE 3264	37.9573	-48.5532	54.4946
			*CONTROL_POS_SAMPLE 3456	41.9023	-52.2488	54.0415
			*CONTROL_POS_SAMPLE 3648	45.8472	-55.9445	53.5885
			*CONTROL_POS_SAMPLE 3840	49.7922	-59.6402	53.1354
			*CONTROL_POS_SAMPLE 4032	53.7372	-63.3358	52.6824
			*CONTROL_POS_SAMPLE 4224	56.8012	-69.3076	53.2636
			*CONTROL_POS_SAMPLE 4416	59.8651	-75.2793	53.8449
			*CONTROL_POS_SAMPLE 4608	62.9291	-81.251	54.4261
			*CONTROL_POS_SAMPLE 4800	65.9931	-87.2228	55.0074
			*CONTROL_POS_SAMPLE 4992	69.057	-93.1945	55.0074
		}
		*CONTROL_ROT_TRACK {
			*CONTROL_ROT_SAMPLE 192	-0.012208	-0.0250306	0.999612	1.79637
			*CONTROL_ROT_SAMPLE 384	-0.012208	-0.0250306	0.999612	1.79637
			*CONTROL_ROT_SAMPLE 576	-0.012208	-0.0250306	0.999612	1.79637
			*CONTROL_ROT_SAMPLE 768	-0.012208	-0.0250306	0.999612	1.79637
			*CONTROL_ROT_SAMPLE 960	-0.012208	-0.0250306	0.999612	1.79637
			*CONTROL_ROT_SAMPLE 1152	-0.012208	-0.0250306	0.999612	1.79637
			*CONTROL_ROT_SAMPLE 1344	-0.012208	-0.0250306	0.999612	1.79637
			*CONTROL_ROT_SAMPLE 1536	-0.012208	-0.0250306	0.999612	1.79637
			*CONTROL_ROT_SAMPLE 1728	-0.012208	-0.0250306	0.999612	1.79637
			*CONTROL_ROT_SAMPLE 1920	-0.012208	-0.0250306	0.999612	1.79637
			*CONTROL_ROT_SAMPLE 2112	-0.012208	-0.0250306	0.999612	1.79637
			*CONTROL_ROT_SAMPLE 2304	-0.012208	-0.0250306	0.999612	1.79637
			*CONTROL_ROT_SAMPLE 2496	-0.012208	-0.0250306	0.999612	1.79637
			*CONTROL_ROT_SAMPLE 2688	-0.012208	-0.0250306	0.999612	1.79637
			*CONTROL_ROT_SAMPLE 2880	-0.012208	-0.0250306	0.999612	1.79637
			*CONTROL_ROT_SAMPLE 3072	-0.012208	-0.0250306	0.999612	1.79637
			*CONTROL_ROT_SAMPLE 3264	-0.012208	-0.0250306	0.999612	1.79637
			*CONTROL_ROT_SAMPLE 3456	-0.012208	-0.0250306	0.999612	1.79637
			*CONTROL_ROT_SAMPLE 3648	-0.012208	-0.0250306	0.999612	1.79637
			*CONTROL_ROT_SAMPLE 3840	-0.012208	-0.0250306	0.999612	1.79637
			*CONTROL_ROT_SAMPLE 4032	-0.012208	-0.0250306	0.999612	1.79637
			*CONTROL_ROT_SAMPLE 4224	-0.012208	-0.0250306	0.999612	1.79637
			*CONTROL_ROT_SAMPLE 4416	-0.012208	-0.0250306	0.999612	1.79637
			*CONTROL_ROT_SAMPLE 4608	-0.012208	-0.0250306	0.999612	1.79637
			*CONTROL_ROT_SAMPLE 4800	-0.012208	-0.0250306	0.999612	1.79637
			*CONTROL_ROT_SAMPLE 4992	-0.012208	-0.0250306	0.999612	1.79637
		}
	}
}
*HELPEROBJECT {
	*NODE_NAME "Bip01 Footsteps"
	*NODE_PARENT "Bip01"
	*NODE_TM {
		*NODE_NAME "Bip01 Footsteps"
		*TM_ROW0 1	0	0
		*TM_ROW1 0	1	0
		*TM_ROW2 0	0	1
		*TM_ROW3 69.057	-93.1945	1.77336
		*TM_POS 69.057	-93.1945	1.77336
		*TM_ROTAXIS 0	0	0
		*TM_ROTANGLE 0
		*TM_SCALE 1	1	1
		*TM_SCALEAXIS 0	0	0
		*TM_SCALEAXISANG 0	0	0
	}
}
*HELPEROBJECT {
	*NODE_NAME "Bip01 Pelvis"
	*NODE_PARENT "Bip01"
	*NODE_TM {
		*NODE_NAME "Bip01 Pelvis"
		*TM_ROW0 -0.244782	0.0170215	0.969429
		*TM_ROW1 -0.223482	-0.973914	-0.0393292
		*TM_ROW2 0.943471	-0.226277	0.242201
		*TM_ROW3 68.785	-92.0241	55.0598
		*TM_POS 68.785	-92.0241	55.0598
		*TM_ROTAXIS -0.611498	0.0849064	-0.786677
		*TM_ROTANGLE 2.98813
		*TM_SCALE 1	1	1
		*TM_SCALEAXIS 0	0	0
		*TM_SCALEAXISANG 0	0	0
	}
	*TM_ANIMATION {
		*NODE_NAME "Bip01 Pelvis"
		*CONTROL_POS_TRACK {
			*CONTROL_POS_SAMPLE 192	-6.19978	8.16274	48.4703
			*CONTROL_POS_SAMPLE 384	-4.65912	4.91522	50.0992
			*CONTROL_POS_SAMPLE 576	-3.11846	1.6677	51.7281
			*CONTROL_POS_SAMPLE 768	-1.5778	-1.57982	53.357
			*CONTROL_POS_SAMPLE 960	-0.0371417	-4.82734	54.9859
			*CONTROL_POS_SAMPLE 1152	1.50352	-8.07487	54.0164
			*CONTROL_POS_SAMPLE 1344	3.04418	-11.3224	53.0469
			*CONTROL_POS_SAMPLE 1536	4.58484	-14.5699	52.0773
			*CONTROL_POS_SAMPLE 1728	6.12549	-17.8174	51.1078
			*CONTROL_POS_SAMPLE 1920	10.0705	-21.5131	51.6638
			*CONTROL_POS_SAMPLE 2112	14.0154	-25.2088	52.2199
			*CONTROL_POS_SAMPLE 2304	17.9604	-28.9044	52.7759
			*CONTROL_POS_SAMPLE 2496	21.9054	-32.6001	53.3319
			*CONTROL_POS_SAMPLE 2688	25.8504	-36.2958	53.888
			*CONTROL_POS_SAMPLE 2880	29.7953	-39.9914	54.444
			*CONTROL_POS_SAMPLE 3072	33.7403	-43.6871	55
			*CONTROL_POS_SAMPLE 3264	37.6853	-47.3828	54.547
			*CONTROL_POS_SAMPLE 3456	41.6302	-51.0784	54.0939
			*CONTROL_POS_SAMPLE 3648	45.5752	-54.7741	53.6409
			*CONTROL_POS_SAMPLE 3840	49.5202	-58.4698	53.1878
			*CONTROL_POS_SAMPLE 4032	53.4652	-62.1654	52.7347
			*CONTROL_POS_SAMPLE 4224	56.5291	-68.1372	53.316
			*CONTROL_POS_SAMPLE 4416	59.5931	-74.1089	53.8973
			*CONTROL_POS_SAMPLE 4608	62.6571	-80.0807	54.4785
			*CONTROL_POS_SAMPLE 4800	65.721	-86.0524	55.0598
			*CONTROL_POS_SAMPLE 4992	68.785	-92.0241	55.0598
		}
		*CONTROL_ROT_TRACK {
			*CONTROL_ROT_SAMPLE 192	-0.611498	0.0849064	-0.786677	2.98813
			*CONTROL_ROT_SAMPLE 384	-0.611498	0.0849064	-0.786677	2.98813
			*CONTROL_ROT_SAMPLE 576	-0.611498	0.0849064	-0.786677	2.98813
			*CONTROL_ROT_SAMPLE 768	-0.611498	0.0849064	-0.786677	2.98813
			*CONTROL_ROT_SAMPLE 960	-0.611498	0.0849064	-0.786677	2.98813
			*CONTROL_ROT_SAMPLE 1152	-0.611498	0.0849064	-0.786677	2.98813
			*CONTROL_ROT_SAMPLE 1344	-0.611498	0.0849064	-0.786677	2.98813
			*CONTROL_ROT_SAMPLE 1536	-0.611498	0.0849064	-0.786677	2.98813
			*CONTROL_ROT_SAMPLE 1728	-0.611498	0.0849064	-0.786677	2.98813
			*CONTROL_ROT_SAMPLE 1920	-0.611498	0.0849064	-0.786677	2.98813
			*CONTROL_ROT_SAMPLE 2112	-0.611498	0.0849064	-0.786677	2.98813
			*CONTROL_ROT_SAMPLE 2304	-0.611498	0.0849064	-0.786677	2.98813
			*CONTROL_ROT_SAMPLE 2496	-0.611498	0.0849064	-0.786677	2.98813
			*CONTROL_ROT_SAMPLE 2688	-0.611498	0.0849064	-0.786677	2.98813
			*CONTROL_ROT_SAMPLE 2880	-0.611498	0.0849064	-0.786677	2.98813
			*CONTROL_ROT_SAMPLE 3072	-0.611498	0.0849064	-0.786677	2.98813
			*CONTROL_ROT_SAMPLE 3264	-0.611498	0.0849064	-0.786677	2.98813
			*CONTROL_ROT_SAMPLE 3456	-0.611498	0.0849064	-0.786677	2.98813
			*CONTROL_ROT_SAMPLE 3648	-0.611498	0.0849064	-0.786677	2.98813
			*CONTROL_ROT_SAMPLE 3840	-0.611498	0.0849064	-0.786677	2.98813
			*CONTROL_ROT_SAMPLE 4032	-0.611498	0.0849064	-0.786677	2.98813
			*CONTROL_ROT_SAMPLE 4224	-0.611498	0.0849064	-0.786677	2.98813
			*CONTROL_ROT_SAMPLE 4416	-0.611498	0.0849064	-0.786677	2.98813
			*CONTROL_ROT_SAMPLE 4608	-0.611498	0.0849064	-0.786677	2.98813
			*CONTROL_ROT_SAMPLE 4800	-0.611498	0.0849064	-0.786677	2.98813
			*CONTROL_ROT_SAMPLE 4992	-0.611498	0.0849064	-0.786677	2.98813
		}
	}
}
*HELPEROBJECT {
	*NODE_NAME "Bip01 Spine"
	*NODE_PARENT "Bip01 Pelvis"
	*NODE_TM {
		*NODE_NAME "Bip01 Spine"
		*TM_ROW0 0.0615986	0.0199475	0.997902
		*TM_ROW1 -0.58775	-0.807343	0.052419
		*TM_ROW2 0.806694	-0.589745	-0.038007
		*TM_ROW3 68.8305	-92.0407	57.4606
		*TM_POS 68.8305	-92.0407	57.4606
		*TM_ROTAXIS -0.709918	0.211381	-0.671814
		*TM_ROTANGLE 2.67227
		*TM_SCALE 1	1	1
		*TM_SCALEAXIS 0	0	0
		*TM_SCALEAXISANG 0	0	0
	}
}
*HELPEROBJECT {
	*NODE_NAME "Bip01 Spine1"
	*NODE_PARENT "Bip01 Spine"
	*NODE_TM {
		*NODE_NAME "Bip01 Spine1"
		*TM_ROW0 0.0362389	-0.0686068	0.996985
		*TM_ROW1 -0.769827	-0.638054	-0.0159252
		*TM_ROW2 0.637223	-0.766929	-0.0759377
		*TM_ROW3 69.4437	-91.8382	67.2673
		*TM_POS 69.4437	-91.8382	67.2673
		*TM_ROTAXIS -0.689853	0.330468	-0.644123
		*TM_ROTANGLE 2.56601
		*TM_SCALE 1	1	1
		*TM_SCALEAXIS 0	0	0
		*TM_SCALEAXISANG 0	0	0
	}
}
*HELPEROBJECT {
	*NODE_NAME "Bip01 Spine2"
	*NODE_PARENT "Bip01 Spine1"
	*NODE_TM {
		*NODE_NAME "Bip01 Spine2"
		*TM_ROW0 -0.0121297	-0.182261	0.983175
		*TM_ROW1 -0.92638	-0.368069	-0.0796618
		*TM_ROW2 0.376396	-0.91176	-0.164379
		*TM_ROW3 69.9293	-92.7068	80.0205
		*TM_POS 69.9293	-92.7068	80.0205
		*TM_ROTAXIS -0.654915	0.477575	-0.585669
		*TM_ROTANGLE 2.45323
		*TM_SCALE 1	1	1
		*TM_SCALEAXIS 0	0	0
		*TM_SCALEAXISANG 0	0	0
	}
}
*HELPEROBJECT {
	*NODE_NAME "Bip01 Neck"
	*NODE_PARENT "Bip01 Spine2"
	*NODE_TM {
		*NODE_NAME "Bip01 Neck"
		*TM_ROW0 -0.338468	-0.300489	0.89171
		*TM_ROW1 -0.862421	-0.279994	-0.421703
		*TM_ROW2 0.37639	-0.911762	-0.164379
		*TM_ROW3 69.5703	-98.1702	109.502
		*TM_POS 69.5703	-98.1702	109.502
		*TM_ROTAXIS -0.540692	0.568562	-0.619991
		*TM_ROTANGLE 2.67127
		*TM_SCALE 1	1	1
		*TM_SCALEAXIS 0	0	0
		*TM_SCALEAXISANG 0	0	0
	}
}
*HELPEROBJECT {
	*NODE_NAME "Bip01 Head"
	*NODE_PARENT "Bip01 Neck"
	*NODE_TM {
		*NODE_NAME "Bip01 Head"
		*TM_ROW0 -0.0939628	-0.0912125	0.991389
		*TM_ROW1 -0.253519	-0.960775	-0.112424
		*TM_ROW2 0.962756	-0.2619	0.067153
		*TM_ROW3 67.2554	-100.225	115.601
		*TM_POS 67.2554	-100.225	115.601
		*TM_ROTAXIS -0.6718	0.128686	-0.729469
		*TM_ROTANGLE 3.03011
		*TM_SCALE 1	1	1
		*TM_SCALEAXIS 0	0	0
		*TM_SCALEAXISANG 0	0	0
	}
}
*HELPEROBJECT {
	*NODE_NAME "zs_Helmet"
	*NODE_PARENT "Bip01 Head"
	*NODE_TM {
		*NODE_NAME "zs_Helmet"
		*TM_ROW0 0.962756	-0.261899	0.0671531
		*TM_ROW1 0.260109	0.96497	0.0342951
		*TM_ROW2 -0.0737825	-0.0155507	0.997153
		*TM_ROW3 22.492	-195.25	386.767
		*TM_POS 22.492	-195.25	386.767
		*TM_ROTAXIS -0.0917984	0.259554	0.961356
		*TM_ROTANGLE 0.274947
		*TM_SCALE 1	1	1
		*TM_SCALEAXIS 0	0	0
		*TM_SCALEAXISANG 0	0	0
	}
}
*HELPEROBJECT {
	*NODE_NAME "Bip01 L Clavicle"
	*NODE_PARENT "Bip01 Neck"
	*NODE_TM {
		*NODE_NAME "Bip01 L Clavicle"
		*TM_ROW0 0.392173	-0.885572	-0.248921
		*TM_ROW1 0.919598	0.384257	0.0817693
		*TM_ROW2 0.0232373	-0.260975	0.965066
		*TM_ROW3 74.9181	-103.545	103.111
		*TM_POS 74.9181	-103.545	103.111
		*TM_ROTAXIS -0.184523	-0.146521	0.971845
		*TM_ROTANGLE 1.19098
		*TM_SCALE 1	1	1
		*TM_SCALEAXIS 0	0	0
		*TM_SCALEAXISANG 0	0	0
	}
}
*HELPEROBJECT {
	*NODE_NAME "Bip01 L UpperArm"
	*NODE_PARENT "Bip01 L Clavicle"
	*NODE_TM {
		*NODE_NAME "Bip01 L UpperArm"
		*TM_ROW0 -0.512908	-0.737503	-0.439336
		*TM_ROW1 0.445851	0.208483	-0.870489
		*TM_ROW2 0.733582	-0.642359	0.221883
		*TM_ROW3 80.1442	-115.346	99.7939
		*TM_POS 80.1442	-115.346	99.7939
		*TM_ROTAXIS -0.135655	0.697461	-0.703666
		*TM_ROTANGLE 4.14044
		*TM_SCALE 1	1	1
		*TM_SCALEAXIS 0	0	0
		*TM_SCALEAXISANG 0	0	0
	}
}
*HELPEROBJECT {
	*NODE_NAME "Bip01 L Forearm"
	*NODE_PARENT "Bip01 L UpperArm"
	*NODE_TM {
		*NODE_NAME "Bip01 L Forearm"
		*TM_ROW0 -0.436474	-0.195072	0.878315
		*TM_ROW1 -0.52091	-0.741163	-0.423475
		*TM_ROW2 0.733582	-0.642359	0.221883
		*TM_ROW3 65.8309	-135.927	87.5337
		*TM_POS 65.8309	-135.927	87.5337
		*TM_ROTAXIS -0.523191	0.345949	-0.778839
		*TM_ROTANGLE 2.93085
		*TM_SCALE 1	1	1
		*TM_SCALEAXIS 0	0	0
		*TM_SCALEAXISANG 0	0	0
	}
}
*HELPEROBJECT {
	*NODE_NAME "Bip01 L Hand"
	*NODE_PARENT "Bip01 L Forearm"
	*NODE_TM {
		*NODE_NAME "Bip01 L Hand"
		*TM_ROW0 -0.985851	0.0836732	-0.145248
		*TM_ROW1 -0.126203	0.199785	0.971678
		*TM_ROW2 0.110322	0.97626	-0.186399
		*TM_ROW3 53.6898	-141.353	111.965
		*TM_POS 53.6898	-141.353	111.965
		*TM_ROTAXIS 0.0138549	-0.772735	-0.634578
		*TM_ROTANGLE 2.97546
		*TM_SCALE 1	1	1
		*TM_SCALEAXIS 0	0	0
		*TM_SCALEAXISANG 0	0	0
	}
}
*HELPEROBJECT {
	*NODE_NAME "Bip01 L Finger0"
	*NODE_PARENT "Bip01 L Hand"
	*NODE_TM {
		*NODE_NAME "Bip01 L Finger0"
		*TM_ROW0 -0.98585	0.0836757	-0.145251
		*TM_ROW1 -0.12629	0.199039	0.97182
		*TM_ROW2 0.110228	0.976413	-0.185655
		*TM_ROW3 41.002	-140.276	110.096
		*TM_POS 41.002	-140.276	110.096
		*TM_ROTAXIS 0.0138868	-0.772492	-0.634873
		*TM_ROTANGLE 2.97547
		*TM_SCALE 1	1	1
		*TM_SCALEAXIS 0	0	0
		*TM_SCALEAXISANG 0	0	0
	}
}
*HELPEROBJECT {
	*NODE_NAME "zs_LeftHand"
	*NODE_PARENT "Bip01 L Hand"
	*NODE_TM {
		*NODE_NAME "zs_LeftHand"
		*TM_ROW0 0.0396813	0.999053	-0.0178466
		*TM_ROW1 -0.0560705	-0.0156062	-0.998305
		*TM_ROW2 -0.997638	0.0406147	0.0553981
		*TM_ROW3 -71.4586	-278.997	308.172
		*TM_POS -71.4586	-278.997	308.172
		*TM_ROTAXIS 0.585121	0.55182	-0.594247
		*TM_ROTANGLE 2.04909
		*TM_SCALE 1	1	1
		*TM_SCALEAXIS 0	0	0
		*TM_SCALEAXISANG 0	0	0
	}
}
*HELPEROBJECT {
	*NODE_NAME "zs_LeftArm"
	*NODE_PARENT "Bip01 L Forearm"
	*NODE_TM {
		*NODE_NAME "zs_LeftArm"
		*TM_ROW0 -0.577534	-0.218322	0.786632
		*TM_ROW1 -0.410044	-0.755634	-0.510766
		*TM_ROW2 0.705917	-0.617538	0.346882
		*TM_ROW3 79.1612	-88.7497	403.181
		*TM_POS 79.1612	-88.7497	403.181
		*TM_ROTAXIS -0.456639	0.3452	-0.81995
		*TM_ROTANGLE 3.02441
		*TM_SCALE 1	1	1
		*TM_SCALEAXIS 0	0	0
		*TM_SCALEAXISANG 0	0	0
	}
}
*HELPEROBJECT {
	*NODE_NAME "Bip01 R Clavicle"
	*NODE_PARENT "Bip01 Neck"
	*NODE_TM {
		*NODE_NAME "Bip01 R Clavicle"
		*TM_ROW0 -0.874707	0.475434	-0.0940752
		*TM_ROW1 0.456922	0.873692	0.166988
		*TM_ROW2 0.161585	0.103081	-0.981461
		*TM_ROW3 68.9229	-89.0225	105.729
		*TM_POS 68.9229	-89.0225	105.729
		*TM_ROTAXIS -0.241913	-0.967764	-0.0700733
		*TM_ROTANGLE 3.00912
		*TM_SCALE 1	1	1
		*TM_SCALEAXIS 0	0	0
		*TM_SCALEAXISANG 0	0	0
	}
}
*HELPEROBJECT {
	*NODE_NAME "Bip01 R UpperArm"
	*NODE_PARENT "Bip01 R Clavicle"
	*NODE_TM {
		*NODE_NAME "Bip01 R UpperArm"
		*TM_ROW0 -0.916774	-0.33527	-0.217069
		*TM_ROW1 -0.289976	0.932453	-0.215514
		*TM_ROW2 0.274662	-0.134633	-0.952069
		*TM_ROW3 57.2665	-82.6869	104.476
		*TM_POS 57.2665	-82.6869	104.476
		*TM_ROTAXIS 0.161635	-0.98269	0.0905183
		*TM_ROTANGLE 2.88871
		*TM_SCALE 1	1	1
		*TM_SCALEAXIS 0	0	0
		*TM_SCALEAXISANG 0	0	0
	}
}
*HELPEROBJECT {
	*NODE_NAME "Bip01 R Forearm"
	*NODE_PARENT "Bip01 R UpperArm"
	*NODE_TM {
		*NODE_NAME "Bip01 R Forearm"
		*TM_ROW0 0.483406	-0.836587	0.25776
		*TM_ROW1 -0.831192	-0.531033	-0.164696
		*TM_ROW2 0.274662	-0.134633	-0.952069
		*TM_ROW3 31.6828	-92.043	98.418
		*TM_POS 31.6828	-92.043	98.418
		*TM_ROTAXIS -0.86121	0.484175	-0.154568
		*TM_ROTANGLE 3.15905
		*TM_SCALE 1	1	1
		*TM_SCALEAXIS 0	0	0
		*TM_SCALEAXISANG 0	0	0
	}
}
*HELPEROBJECT {
	*NODE_NAME "Bip01 R Hand"
	*NODE_PARENT "Bip01 R Forearm"
	*NODE_TM {
		*NODE_NAME "Bip01 R Hand"
		*TM_ROW0 0.755101	-0.626242	0.194021
		*TM_ROW1 -0.132232	0.144381	0.980647
		*TM_ROW2 -0.642135	-0.766143	0.0262131
		*TM_ROW3 45.1294	-115.314	105.588
		*TM_POS 45.1294	-115.314	105.588
		*TM_ROTAXIS -0.873998	0.418367	0.247176
		*TM_ROTANGLE 1.60796
		*TM_SCALE 1	1	1
		*TM_SCALEAXIS 0	0	0
		*TM_SCALEAXISANG 0	0	0
	}
}
*HELPEROBJECT {
	*NODE_NAME "Bip01 R Finger0"
	*NODE_PARENT "Bip01 R Hand"
	*NODE_TM {
		*NODE_NAME "Bip01 R Finger0"
		*TM_ROW0 0.7551	-0.626243	0.194021
		*TM_ROW1 -0.132722	0.143796	0.980667
		*TM_ROW2 -0.642035	-0.766252	0.0254636
		*TM_ROW3 54.8474	-123.373	108.085
		*TM_POS 54.8474	-123.373	108.085
		*TM_ROTAXIS -0.874085	0.418327	0.246937
		*TM_ROTANGLE 1.60863
		*TM_SCALE 1	1	1
		*TM_SCALEAXIS 0	0	0
		*TM_SCALEAXISANG 0	0	0
	}
}
*HELPEROBJECT {
	*NODE_NAME "zs_RightHand"
	*NODE_PARENT "Bip01 R Hand"
	*NODE_TM {
		*NODE_NAME "zs_RightHand"
		*TM_ROW0 0.0155467	0.988446	0.150772
		*TM_ROW1 -0.991167	0.0350971	-0.12789
		*TM_ROW2 -0.131704	-0.147452	0.980261
		*TM_ROW3 117.673	-182.841	180.333
		*TM_POS 117.673	-182.841	180.333
		*TM_ROTAXIS -0.00978217	0.141255	-0.989925
		*TM_ROTANGLE 1.55534
		*TM_SCALE 1	1	1
		*TM_SCALEAXIS 0	0	0
		*TM_SCALEAXISANG 0	0	0
	}
}
*HELPEROBJECT {
	*NODE_NAME "zs_Crossbow"
	*NODE_PARENT "Bip01 Spine2"
	*NODE_TM {
		*NODE_NAME "zs_Crossbow"
		*TM_ROW0 -0.253445	0.149312	0.955757
		*TM_ROW1 -0.306457	0.924732	-0.225731
		*TM_ROW2 -0.917523	-0.350109	-0.188611
		*TM_ROW3 338.157	120.439	1514.95
		*TM_POS 338.157	120.439	1514.95
		*TM_ROTAXIS -0.06438	0.969639	-0.235914
		*TM_ROTANGLE 1.83243
		*TM_SCALE 1	1	1
		*TM_SCALEAXIS 0	0	0
		*TM_SCALEAXISANG 0	0	0
	}
}
*HELPEROBJECT {
	*NODE_NAME "zs_Longsword"
	*NODE_PARENT "Bip01 Spine2"
	*NODE_TM {
		*NODE_NAME "zs_Longsword"
		*TM_ROW0 -0.424498	0.215992	0.879289
		*TM_ROW1 -0.161995	0.937342	-0.308459
		*TM_ROW2 -0.890819	-0.27338	-0.36291
		*TM_ROW3 115.028	179.353	1194.05
		*TM_POS 115.028	179.353	1194.05
		*TM_ROTAXIS 0.0193769	0.977768	-0.208791
		*TM_ROTANGLE 2.00979
		*TM_SCALE 1	1	1
		*TM_SCALEAXIS 0	0	0
		*TM_SCALEAXISANG 0	0	0
	}
}
*HELPEROBJECT {
	*NODE_NAME "zs_Shield"
	*NODE_PARENT "Bip01 Spine2"
	*NODE_TM {
		*NODE_NAME "zs_Shield"
		*TM_ROW0 0.289681	0.298765	-0.909299
		*TM_ROW1 0.0224913	0.947646	0.31853
		*TM_ROW2 0.956859	-0.112724	0.267796
		*TM_ROW3 527.859	-176.059	374.668
		*TM_POS 527.859	-176.059	374.668
		*TM_ROTAXIS -0.222852	-0.964342	-0.142765
		*TM_ROTANGLE 1.31547
		*TM_SCALE 1	1	1
		*TM_SCALEAXIS 0	0	0
		*TM_SCALEAXISANG 0	0	0
	}
}
*HELPEROBJECT {
	*NODE_NAME "zs_Bow"
	*NODE_PARENT "Bip01 Spine2"
	*NODE_TM {
		*NODE_NAME "zs_Bow"
		*TM_ROW0 -0.374724	0.0524396	0.925652
		*TM_ROW1 0.891974	0.292743	0.344506
		*TM_ROW2 -0.252912	0.954752	-0.156472
		*TM_ROW3 559.019	71.9379	217.158
		*TM_POS 559.019	71.9379	217.158
		*TM_ROTAXIS -0.388587	-0.750475	-0.534591
		*TM_ROTANGLE 4.04463
		*TM_SCALE 1	1	1
		*TM_SCALEAXIS 0	0	0
		*TM_SCALEAXISANG 0	0	0
	}
}
*HELPEROBJECT {
	*NODE_NAME "zs_Sword"
	*NODE_PARENT "Bip01 Spine"
	*NODE_TM {
		*NODE_NAME "zs_Sword"
		*TM_ROW0 -0.155721	-0.277755	0.947947
		*TM_ROW1 0.571355	0.757506	0.315812
		*TM_ROW2 -0.805794	0.590793	0.0407376
		*TM_ROW3 367.507	-216.455	80.3393
		*TM_POS 367.507	-216.455	80.3393
		*TM_ROTAXIS 0.139741	0.891222	0.431504
		*TM_ROTANGLE 1.7505
		*TM_SCALE 1	1	1
		*TM_SCALEAXIS 0	0	0
		*TM_SCALEAXISANG 0	0	0
	}
}
*HELPEROBJECT {
	*NODE_NAME "Bip01 L Thigh"
	*NODE_PARENT "Bip01 Pelvis"
	*NODE_TM {
		*NODE_NAME "Bip01 L Thigh"
		*TM_ROW0 0.148759	-0.980261	-0.130225
		*TM_ROW1 -0.177475	-0.156017	0.97168
		*TM_ROW2 -0.972817	-0.121434	-0.197181
		*TM_ROW3 77.2859	-94.063	57.242
		*TM_POS 77.2859	-94.063	57.242
		*TM_ROTAXIS -0.684625	0.527722	0.502791
		*TM_ROTANGLE 2.21707
		*TM_SCALE 1	1	1
		*TM_SCALEAXIS 0	0	0
		*TM_SCALEAXISANG 0	0	0
	}
	*TM_ANIMATION {
		*NODE_NAME "Bip01 L Thigh"
		*CONTROL_POS_TRACK {
			*CONTROL_POS_SAMPLE 192	2.3011	6.12393	50.6526
			*CONTROL_POS_SAMPLE 384	3.84176	2.87641	52.2815
			*CONTROL_POS_SAMPLE 576	5.38242	-0.371115	53.9104
			*CONTROL_POS_SAMPLE 768	6.92308	-3.61864	55.5393
			*CONTROL_POS_SAMPLE 960	8.46374	-6.86616	57.1682
			*CONTROL_POS_SAMPLE 1152	10.0044	-10.1137	56.1987
			*CONTROL_POS_SAMPLE 1344	11.5451	-13.3612	55.2291
			*CONTROL_POS_SAMPLE 1536	13.0857	-16.6087	54.2596
			*CONTROL_POS_SAMPLE 1728	14.6264	-19.8562	53.29
			*CONTROL_POS_SAMPLE 1920	18.5713	-23.5519	53.8461
			*CONTROL_POS_SAMPLE 2112	22.5163	-27.2476	54.4021
			*CONTROL_POS_SAMPLE 2304	26.4613	-30.9432	54.9582
			*CONTROL_POS_SAMPLE 2496	30.4063	-34.6389	55.5142
			*CONTROL_POS_SAMPLE 2688	34.3512	-38.3346	56.0702
			*CONTROL_POS_SAMPLE 2880	38.2962	-42.0303	56.6263
			*CONTROL_POS_SAMPLE 3072	42.2412	-45.7259	57.1823
			*CONTROL_POS_SAMPLE 3264	46.1862	-49.4216	56.7292
			*CONTROL_POS_SAMPLE 3456	50.1311	-53.1173	56.2762
			*CONTROL_POS_SAMPLE 3648	54.0761	-56.8129	55.8231
			*CONTROL_POS_SAMPLE 3840	58.0211	-60.5086	55.3701
			*CONTROL_POS_SAMPLE 4032	61.966	-64.2043	54.917
			*CONTROL_POS_SAMPLE 4224	65.03	-70.176	55.4983
			*CONTROL_POS_SAMPLE 4416	68.094	-76.1477	56.0795
			*CONTROL_POS_SAMPLE 4608	71.158	-82.1195	56.6608
			*CONTROL_POS_SAMPLE 4800	74.2219	-88.0912	57.242
			*CONTROL_POS_SAMPLE 4992	77.2859	-94.063	57.242
		}
		*CONTROL_ROT_TRACK {
			*CONTROL_ROT_SAMPLE 192	-0.724207	0.491506	0.483681	2.28484
			*CONTROL_ROT_SAMPLE 384	-0.717789	0.529871	0.451681	2.22093
			*CONTROL_ROT_SAMPLE 576	-0.709292	0.575315	0.407329	2.17578
			*CONTROL_ROT_SAMPLE 768	-0.702846	0.619959	0.348796	2.18184
			*CONTROL_ROT_SAMPLE 960	-0.708338	0.634284	0.309744	2.22331
			*CONTROL_ROT_SAMPLE 1152	-0.717553	0.637687	0.280129	2.27038
			*CONTROL_ROT_SAMPLE 1344	-0.740151	0.60955	0.283945	2.32842
			*CONTROL_ROT_SAMPLE 1536	-0.768357	0.563859	0.302805	2.39675
			*CONTROL_ROT_SAMPLE 1728	-0.78552	0.533291	0.313942	2.43751
			*CONTROL_ROT_SAMPLE 1920	-0.775564	0.539134	0.328381	2.42503
			*CONTROL_ROT_SAMPLE 2112	-0.75832	0.555664	0.340863	2.39144
			*CONTROL_ROT_SAMPLE 2304	-0.740318	0.569529	0.357164	2.35556
			*CONTROL_ROT_SAMPLE 2496	-0.725755	0.573542	0.379907	2.33003
			*CONTROL_ROT_SAMPLE 2688	-0.714441	0.568532	0.407855	2.31382
			*CONTROL_ROT_SAMPLE 2880	-0.704179	0.556768	0.440616	2.30186
			*CONTROL_ROT_SAMPLE 3072	-0.694361	0.538007	0.477924	2.29578
			*CONTROL_ROT_SAMPLE 3264	-0.681271	0.521696	0.51352	2.28799
			*CONTROL_ROT_SAMPLE 3456	-0.667163	0.497972	0.554001	2.28818
			*CONTROL_ROT_SAMPLE 3648	-0.648762	0.46888	0.599382	2.30309
			*CONTROL_ROT_SAMPLE 3840	0.627977	-0.433061	-0.646609	3.95615
			*CONTROL_ROT_SAMPLE 4032	0.611669	-0.3863	-0.690387	3.93456
			*CONTROL_ROT_SAMPLE 4224	0.626526	-0.406952	-0.664722	3.95536
			*CONTROL_ROT_SAMPLE 4416	-0.642631	0.436073	0.629973	2.29917
			*CONTROL_ROT_SAMPLE 4608	-0.658503	0.46831	0.589118	2.26925
			*CONTROL_ROT_SAMPLE 4800	-0.673166	0.498363	0.546335	2.24285
			*CONTROL_ROT_SAMPLE 4992	-0.684625	0.527722	0.502791	2.21707
		}
	}
}
*HELPEROBJECT {
	*NODE_NAME "Bip01 L Calf"
	*NODE_PARENT "Bip01 L Thigh"
	*NODE_TM {
		*NODE_NAME "Bip01 L Calf"
		*TM_ROW0 0.0696203	0.658724	-0.749157
		*TM_ROW1 0.220861	-0.742521	-0.632364
		*TM_ROW2 -0.972817	-0.121434	-0.197181
		*TM_ROW3 83.1388	-132.631	52.1184
		*TM_POS 83.1388	-132.631	52.1184
		*TM_ROTAXIS -0.720551	-0.315423	0.617507
		*TM_ROTANGLE 3.50402
		*TM_SCALE 1	1	1
		*TM_SCALEAXIS 0	0	0
		*TM_SCALEAXISANG 0	0	0
	}
	*TM_ANIMATION {
		*NODE_NAME "Bip01 L Calf"
		*CONTROL_POS_TRACK {
			*CONTROL_POS_SAMPLE 192	10.6837	-31.4342	42.4592
			*CONTROL_POS_SAMPLE 384	12.568	-35.2916	48.3992
			*CONTROL_POS_SAMPLE 576	14.0572	-38.7397	54.6959
			*CONTROL_POS_SAMPLE 768	14.9371	-41.8385	60.3387
			*CONTROL_POS_SAMPLE 960	16.3015	-44.9598	63.1231
			*CONTROL_POS_SAMPLE 1152	17.9723	-48.1419	62.3941
			*CONTROL_POS_SAMPLE 1344	20.8733	-51.4263	58.7007
			*CONTROL_POS_SAMPLE 1536	24.4649	-54.2626	53.4137
			*CONTROL_POS_SAMPLE 1728	27.4193	-56.8967	49.7744
			*CONTROL_POS_SAMPLE 1920	30.4143	-60.8946	50.2017
			*CONTROL_POS_SAMPLE 2112	32.9098	-65.0983	51.6968
			*CONTROL_POS_SAMPLE 2304	35.4599	-69.1981	53.0581
			*CONTROL_POS_SAMPLE 2496	38.3117	-73.1321	53.567
			*CONTROL_POS_SAMPLE 2688	41.4026	-76.9447	53.3226
			*CONTROL_POS_SAMPLE 2880	44.5629	-80.6611	52.5762
			*CONTROL_POS_SAMPLE 3072	47.6995	-84.2455	51.3117
			*CONTROL_POS_SAMPLE 3264	50.5896	-87.8236	49.3871
			*CONTROL_POS_SAMPLE 3456	53.2909	-91.2068	46.9372
			*CONTROL_POS_SAMPLE 3648	55.4025	-94.3201	44.0134
			*CONTROL_POS_SAMPLE 3840	57.1857	-97.0569	40.8256
			*CONTROL_POS_SAMPLE 4032	59.4067	-99.3769	37.4713
			*CONTROL_POS_SAMPLE 4224	64.0602	-106.107	39.4978
			*CONTROL_POS_SAMPLE 4416	68.9682	-113.01	42.3522
			*CONTROL_POS_SAMPLE 4608	73.8896	-119.806	45.6938
			*CONTROL_POS_SAMPLE 4800	78.6555	-126.33	49.1072
			*CONTROL_POS_SAMPLE 4992	83.1388	-132.631	52.1184
		}
		*CONTROL_ROT_TRACK {
			*CONTROL_ROT_SAMPLE 192	-0.718446	-0.376715	0.58474	3.52759
			*CONTROL_ROT_SAMPLE 384	-0.717187	-0.379557	0.584448	3.48776
			*CONTROL_ROT_SAMPLE 576	-0.73144	-0.362385	0.577643	3.41186
			*CONTROL_ROT_SAMPLE 768	-0.77464	-0.306778	0.55301	3.27423
			*CONTROL_ROT_SAMPLE 960	-0.818147	-0.239027	0.522973	3.1452
			*CONTROL_ROT_SAMPLE 1152	-0.852835	-0.178389	0.490764	3.04689
			*CONTROL_ROT_SAMPLE 1344	-0.874898	-0.121067	0.468932	2.98922
			*CONTROL_ROT_SAMPLE 1536	-0.889345	-0.064489	0.452666	2.95303
			*CONTROL_ROT_SAMPLE 1728	-0.895197	-0.0356882	0.444239	2.93676
			*CONTROL_ROT_SAMPLE 1920	-0.886121	-0.0538922	0.46031	2.97197
			*CONTROL_ROT_SAMPLE 2112	-0.871216	-0.0932138	0.481968	3.02718
			*CONTROL_ROT_SAMPLE 2304	-0.852075	-0.137168	0.505127	3.09681
			*CONTROL_ROT_SAMPLE 2496	-0.832144	-0.173295	0.526788	3.17043
			*CONTROL_ROT_SAMPLE 2688	-0.812515	-0.201072	0.547165	3.2428
			*CONTROL_ROT_SAMPLE 2880	-0.791134	-0.226803	0.568038	3.32013
			*CONTROL_ROT_SAMPLE 3072	-0.768115	-0.250292	0.589367	3.40224
			*CONTROL_ROT_SAMPLE 3264	-0.7444	-0.273562	0.609124	3.48955
			*CONTROL_ROT_SAMPLE 3456	-0.718898	-0.294068	0.629849	3.58311
			*CONTROL_ROT_SAMPLE 3648	-0.693426	-0.309043	0.650886	3.68683
			*CONTROL_ROT_SAMPLE 3840	0.66605	0.320368	-0.673603	2.49178
			*CONTROL_ROT_SAMPLE 4032	0.632248	0.334737	-0.698723	2.40422
			*CONTROL_ROT_SAMPLE 4224	0.645882	0.337969	-0.684553	2.45231
			*CONTROL_ROT_SAMPLE 4416	0.663731	0.336729	-0.667888	2.52115
			*CONTROL_ROT_SAMPLE 4608	-0.683519	-0.331394	0.650369	3.67866
			*CONTROL_ROT_SAMPLE 4800	-0.702983	-0.3232	0.633527	3.58932
			*CONTROL_ROT_SAMPLE 4992	-0.720551	-0.315423	0.617507	3.50402
		}
	}
}
*HELPEROBJECT {
	*NODE_NAME "Bip01 L Foot"
	*NODE_PARENT "Bip01 L Calf"
	*NODE_TM {
		*NODE_NAME "Bip01 L Foot"
		*TM_ROW0 0.000569515	-0.000255938	-1
		*TM_ROW1 0.173637	-0.98481	0.000350937
		*TM_ROW2 -0.98481	-0.173637	-0.000516424
		*TM_ROW3 86.557	-100.289	15.3365
		*TM_POS 86.557	-100.289	15.3365
		*TM_ROTAXIS -0.705955	-0.0616344	0.705569
		*TM_ROTANGLE 3.01805
		*TM_SCALE 1	1	1
		*TM_SCALEAXIS 0	0	0
		*TM_SCALEAXISANG 0	0	0
	}
	*TM_ANIMATION {
		*NODE_NAME "Bip01 L Foot"
		*CONTROL_POS_TRACK {
			*CONTROL_POS_SAMPLE 192	14.0188	4.97309	9.68774
			*CONTROL_POS_SAMPLE 384	15.3923	0.381721	14.7834
			*CONTROL_POS_SAMPLE 576	18.3233	-5.61213	18.7106
			*CONTROL_POS_SAMPLE 768	24.9357	-15.0148	20.4501
			*CONTROL_POS_SAMPLE 960	32.9325	-25.6642	21.1508
			*CONTROL_POS_SAMPLE 1152	40.3549	-35.5148	20.5592
			*CONTROL_POS_SAMPLE 1344	47.0723	-44.5801	17.7455
			*CONTROL_POS_SAMPLE 1536	53.2153	-52.8466	13.6394
			*CONTROL_POS_SAMPLE 1728	57.217	-58.2288	10.7757
			*CONTROL_POS_SAMPLE 1920	58.572	-60.0541	9.98958
			*CONTROL_POS_SAMPLE 2112	58.4214	-59.8513	10.077
			*CONTROL_POS_SAMPLE 2304	57.6686	-58.8374	10.5139
			*CONTROL_POS_SAMPLE 2496	57.217	-58.229	10.776
			*CONTROL_POS_SAMPLE 2688	57.217	-58.229	10.776
			*CONTROL_POS_SAMPLE 2880	57.217	-58.229	10.776
			*CONTROL_POS_SAMPLE 3072	57.217	-58.229	10.776
			*CONTROL_POS_SAMPLE 3264	57.217	-58.229	10.776
			*CONTROL_POS_SAMPLE 3456	57.217	-58.229	10.776
			*CONTROL_POS_SAMPLE 3648	57.217	-58.229	10.776
			*CONTROL_POS_SAMPLE 3840	57.217	-58.229	10.776
			*CONTROL_POS_SAMPLE 4032	57.217	-58.229	10.776
			*CONTROL_POS_SAMPLE 4224	62.4591	-65.7438	11.5908
			*CONTROL_POS_SAMPLE 4416	68.2488	-74.0437	12.4908
			*CONTROL_POS_SAMPLE 4608	74.3516	-82.7923	13.4393
			*CONTROL_POS_SAMPLE 4800	80.5325	-91.653	14.4001
			*CONTROL_POS_SAMPLE 4992	86.557	-100.289	15.3365
		}
		*CONTROL_ROT_TRACK {
			*CONTROL_ROT_SAMPLE 192	-0.698136	-0.270994	0.662698	3.19318
			*CONTROL_ROT_SAMPLE 384	-0.705084	-0.189691	0.683282	3.12414
			*CONTROL_ROT_SAMPLE 576	-0.707043	-0.124476	0.696129	3.06968
			*CONTROL_ROT_SAMPLE 768	-0.706929	-0.0966859	0.700644	3.04674
			*CONTROL_ROT_SAMPLE 960	-0.7067	-0.0844121	0.702459	3.03666
			*CONTROL_ROT_SAMPLE 1152	-0.706478	-0.0759401	0.703649	3.02972
			*CONTROL_ROT_SAMPLE 1344	-0.706227	-0.0681034	0.704702	3.02331
			*CONTROL_ROT_SAMPLE 1536	-0.70608	-0.0640862	0.705226	3.02003
			*CONTROL_ROT_SAMPLE 1728	-0.705984	-0.0616187	0.705543	3.01802
			*CONTROL_ROT_SAMPLE 1920	-0.705912	-0.0598625	0.705766	3.01659
			*CONTROL_ROT_SAMPLE 2112	-0.705881	-0.0591511	0.705856	3.01601
			*CONTROL_ROT_SAMPLE 2304	0.705872	0.058968	-0.705881	3.26732
			*CONTROL_ROT_SAMPLE 2496	0.705863	0.0587966	-0.705904	3.26746
			*CONTROL_ROT_SAMPLE 2688	0.705852	0.0585631	-0.705935	3.26765
			*CONTROL_ROT_SAMPLE 2880	0.705847	0.0584929	-0.705945	3.26771
			*CONTROL_ROT_SAMPLE 3072	0.705846	0.0585176	-0.705944	3.26769
			*CONTROL_ROT_SAMPLE 3264	0.705847	0.0585688	-0.705939	3.26764
			*CONTROL_ROT_SAMPLE 3456	0.705845	0.0585784	-0.70594	3.26763
			*CONTROL_ROT_SAMPLE 3648	0.705842	0.0585428	-0.705946	3.26766
			*CONTROL_ROT_SAMPLE 3840	0.705841	0.058558	-0.705945	3.26765
			*CONTROL_ROT_SAMPLE 4032	0.705849	0.0587807	-0.705919	3.26747
			*CONTROL_ROT_SAMPLE 4224	-0.705869	-0.0593143	0.705854	3.01615
			*CONTROL_ROT_SAMPLE 4416	-0.705891	-0.0598805	0.705785	3.01662
			*CONTROL_ROT_SAMPLE 4608	-0.705912	-0.0604652	0.705714	3.01709
			*CONTROL_ROT_SAMPLE 4800	-0.705934	-0.0610545	0.705641	3.01758
			*CONTROL_ROT_SAMPLE 4992	-0.705955	-0.0616344	0.705569	3.01805
		}
	}
}
*HELPEROBJECT {
	*NODE_NAME "Bip01 L Toe0"
	*NODE_PARENT "Bip01 L Foot"
	*NODE_TM {
		*NODE_NAME "Bip01 L Toe0"
		*TM_ROW0 0.173635	-0.98481	0.000271828
		*TM_ROW1 -0.000553809	0.000178377	1
		*TM_ROW2 -0.98481	-0.173635	-0.000514411
		*TM_ROW3 90.496	-122.592	2.71773
		*TM_POS 90.496	-122.592	2.71773
		*TM_ROTAXIS -0.644449	0.540914	0.54046
		*TM_ROTANGLE 1.99693
		*TM_SCALE 1	1	1
		*TM_SCALEAXIS 0	0	0
		*TM_SCALEAXISANG 0	0	0
	}
	*TM_ANIMATION {
		*NODE_NAME "Bip01 L Toe0"
		*CONTROL_POS_TRACK {
			*CONTROL_POS_SAMPLE 192	21.4976	-9.11104	-10.7544
			*CONTROL_POS_SAMPLE 384	21.6478	-17.4024	-3.01459
			*CONTROL_POS_SAMPLE 576	23.4505	-25.9085	3.41526
			*CONTROL_POS_SAMPLE 768	29.5488	-36.2502	6.30948
			*CONTROL_POS_SAMPLE 960	37.313	-47.2884	7.53532
			*CONTROL_POS_SAMPLE 1152	44.5729	-57.398	7.31116
			*CONTROL_POS_SAMPLE 1344	51.1387	-66.6961	4.84105
			*CONTROL_POS_SAMPLE 1536	57.2035	-75.0793	0.912354
			*CONTROL_POS_SAMPLE 1728	61.157	-80.5324	-1.84198
			*CONTROL_POS_SAMPLE 1920	62.4776	-82.4077	-2.55004
			*CONTROL_POS_SAMPLE 2112	62.313	-82.2251	-2.43094
			*CONTROL_POS_SAMPLE 2304	61.5565	-81.2163	-1.98595
			*CONTROL_POS_SAMPLE 2496	61.1014	-80.6127	-1.71623
			*CONTROL_POS_SAMPLE 2688	61.0968	-80.6193	-1.70582
			*CONTROL_POS_SAMPLE 2880	61.0953	-80.6213	-1.7027
			*CONTROL_POS_SAMPLE 3072	61.0958	-80.6206	-1.70382
			*CONTROL_POS_SAMPLE 3264	61.0967	-80.6191	-1.70613
			*CONTROL_POS_SAMPLE 3456	61.0968	-80.6189	-1.70659
			*CONTROL_POS_SAMPLE 3648	61.096	-80.6199	-1.70502
			*CONTROL_POS_SAMPLE 3840	61.0963	-80.6195	-1.70574
			*CONTROL_POS_SAMPLE 4032	61.1005	-80.6132	-1.71571
			*CONTROL_POS_SAMPLE 4224	66.353	-88.1129	-0.924695
			*CONTROL_POS_SAMPLE 4416	72.1538	-96.3967	-0.0499862
			*CONTROL_POS_SAMPLE 4608	78.2679	-105.129	0.872568
			*CONTROL_POS_SAMPLE 4800	84.4602	-113.973	1.80709
			*CONTROL_POS_SAMPLE 4992	90.496	-122.592	2.71773
		}
		*CONTROL_ROT_TRACK {
			*CONTROL_ROT_SAMPLE 192	-0.767195	0.338147	0.54504	2.20759
			*CONTROL_ROT_SAMPLE 384	-0.725453	0.417855	0.546915	2.11902
			*CONTROL_ROT_SAMPLE 576	-0.686621	0.481024	0.545131	2.05415
			*CONTROL_ROT_SAMPLE 768	-0.668563	0.507659	0.54342	2.0282
			*CONTROL_ROT_SAMPLE 960	-0.660294	0.519354	0.542478	2.01707
			*CONTROL_ROT_SAMPLE 1152	-0.654481	0.5274	0.54176	2.00951
			*CONTROL_ROT_SAMPLE 1344	-0.649025	0.534823	0.541046	2.0026
			*CONTROL_ROT_SAMPLE 1536	-0.6462	0.538618	0.540662	1.99909
			*CONTROL_ROT_SAMPLE 1728	-0.644455	0.540946	0.540421	1.99695
			*CONTROL_ROT_SAMPLE 1920	-0.643207	0.542603	0.540247	1.99543
			*CONTROL_ROT_SAMPLE 2112	-0.6427	0.543273	0.540177	1.99481
			*CONTROL_ROT_SAMPLE 2304	-0.642569	0.543444	0.540161	1.99465
			*CONTROL_ROT_SAMPLE 2496	-0.642446	0.543605	0.540145	1.9945
			*CONTROL_ROT_SAMPLE 2688	-0.642278	0.543824	0.540124	1.99429
			*CONTROL_ROT_SAMPLE 2880	-0.642227	0.543889	0.540119	1.99423
			*CONTROL_ROT_SAMPLE 3072	-0.642244	0.543865	0.540124	1.99425
			*CONTROL_ROT_SAMPLE 3264	-0.64228	0.543816	0.540131	1.99429
			*CONTROL_ROT_SAMPLE 3456	-0.642285	0.543805	0.540134	1.9943
			*CONTROL_ROT_SAMPLE 3648	-0.642259	0.543838	0.540133	1.99427
			*CONTROL_ROT_SAMPLE 3840	-0.642269	0.543823	0.540136	1.99428
			*CONTROL_ROT_SAMPLE 4032	-0.642427	0.543612	0.540161	1.99447
			*CONTROL_ROT_SAMPLE 4224	-0.642806	0.543107	0.540218	1.99493
			*CONTROL_ROT_SAMPLE 4416	-0.643207	0.542572	0.540278	1.99541
			*CONTROL_ROT_SAMPLE 4608	-0.643622	0.542019	0.540339	1.99592
			*CONTROL_ROT_SAMPLE 4800	-0.644039	0.541462	0.5404	1.99643
			*CONTROL_ROT_SAMPLE 4992	-0.644449	0.540914	0.54046	1.99693
		}
	}
}
*HELPEROBJECT {
	*NODE_NAME "Bip01 R Thigh"
	*NODE_PARENT "Bip01 Pelvis"
	*NODE_TM {
		*NODE_NAME "Bip01 R Thigh"
		*TM_ROW0 -0.237189	0.321656	-0.916667
		*TM_ROW1 -0.2033	-0.939135	-0.276936
		*TM_ROW2 -0.949953	0.120672	0.288145
		*TM_ROW3 60.2841	-89.9853	52.8775
		*TM_POS 60.2841	-89.9853	52.8775
		*TM_ROTAXIS 0.603005	0.0504806	-0.796138
		*TM_ROTANGLE 2.80562
		*TM_SCALE 1	1	1
		*TM_SCALEAXIS 0	0	0
		*TM_SCALEAXISANG 0	0	0
	}
	*TM_ANIMATION {
		*NODE_NAME "Bip01 R Thigh"
		*CONTROL_POS_TRACK {
			*CONTROL_POS_SAMPLE 192	-14.7007	10.2016	46.288
			*CONTROL_POS_SAMPLE 384	-13.16	6.95403	47.9169
			*CONTROL_POS_SAMPLE 576	-11.6193	3.70651	49.5458
			*CONTROL_POS_SAMPLE 768	-10.0787	0.45899	51.1748
			*CONTROL_POS_SAMPLE 960	-8.53802	-2.78853	52.8037
			*CONTROL_POS_SAMPLE 1152	-6.99736	-6.03605	51.8341
			*CONTROL_POS_SAMPLE 1344	-5.4567	-9.28358	50.8646
			*CONTROL_POS_SAMPLE 1536	-3.91604	-12.5311	49.895
			*CONTROL_POS_SAMPLE 1728	-2.37539	-15.7786	48.9255
			*CONTROL_POS_SAMPLE 1920	1.56958	-19.4743	49.4815
			*CONTROL_POS_SAMPLE 2112	5.51456	-23.17	50.0376
			*CONTROL_POS_SAMPLE 2304	9.45953	-26.8656	50.5936
			*CONTROL_POS_SAMPLE 2496	13.4045	-30.5613	51.1497
			*CONTROL_POS_SAMPLE 2688	17.3495	-34.257	51.7057
			*CONTROL_POS_SAMPLE 2880	21.2945	-37.9526	52.2617
			*CONTROL_POS_SAMPLE 3072	25.2394	-41.6483	52.8178
			*CONTROL_POS_SAMPLE 3264	29.1844	-45.344	52.3647
			*CONTROL_POS_SAMPLE 3456	33.1294	-49.0396	51.9116
			*CONTROL_POS_SAMPLE 3648	37.0743	-52.7353	51.4586
			*CONTROL_POS_SAMPLE 3840	41.0193	-56.431	51.0055
			*CONTROL_POS_SAMPLE 4032	44.9643	-60.1266	50.5525
			*CONTROL_POS_SAMPLE 4224	48.0283	-66.0984	51.1337
			*CONTROL_POS_SAMPLE 4416	51.0922	-72.0701	51.715
			*CONTROL_POS_SAMPLE 4608	54.1562	-78.0418	52.2962
			*CONTROL_POS_SAMPLE 4800	57.2202	-84.0136	52.8775
			*CONTROL_POS_SAMPLE 4992	60.2841	-89.9853	52.8775
		}
		*CONTROL_ROT_TRACK {
			*CONTROL_ROT_SAMPLE 192	0.579575	0.0532042	-0.81318	3.07235
			*CONTROL_ROT_SAMPLE 384	0.58531	0.102028	-0.804364	2.91011
			*CONTROL_ROT_SAMPLE 576	0.609062	0.0781876	-0.789259	2.93476
			*CONTROL_ROT_SAMPLE 768	0.618024	0.119978	-0.77695	2.90031
			*CONTROL_ROT_SAMPLE 960	0.615097	0.153077	-0.773449	2.8492
			*CONTROL_ROT_SAMPLE 1152	0.595063	0.179514	-0.783374	2.77366
			*CONTROL_ROT_SAMPLE 1344	0.572163	0.204607	-0.794207	2.68912
			*CONTROL_ROT_SAMPLE 1536	0.550518	0.233588	-0.801478	2.59817
			*CONTROL_ROT_SAMPLE 1728	0.53726	0.278642	-0.796059	2.50629
			*CONTROL_ROT_SAMPLE 1920	0.56288	0.184242	-0.805743	2.83208
			*CONTROL_ROT_SAMPLE 2112	0.582235	0.102735	-0.806504	3.13145
			*CONTROL_ROT_SAMPLE 2304	0.595373	0.0376839	-0.802565	3.32406
			*CONTROL_ROT_SAMPLE 2496	0.60818	-0.0148035	-0.793661	3.39043
			*CONTROL_ROT_SAMPLE 2688	0.621431	-0.0678822	-0.780523	3.409
			*CONTROL_ROT_SAMPLE 2880	0.633691	-0.118607	-0.76444	3.38812
			*CONTROL_ROT_SAMPLE 3072	0.644185	-0.163917	-0.747099	3.34243
			*CONTROL_ROT_SAMPLE 3264	0.653553	-0.198968	-0.73026	3.28291
			*CONTROL_ROT_SAMPLE 3456	0.661333	-0.232338	-0.713203	3.23305
			*CONTROL_ROT_SAMPLE 3648	0.666647	-0.26689	-0.695954	3.1892
			*CONTROL_ROT_SAMPLE 3840	0.668161	-0.284526	-0.687463	3.14661
			*CONTROL_ROT_SAMPLE 4032	0.662529	-0.272125	-0.697857	3.12028
			*CONTROL_ROT_SAMPLE 4224	0.656966	-0.213549	-0.723044	3.06653
			*CONTROL_ROT_SAMPLE 4416	0.645499	-0.147529	-0.749377	3.0135
			*CONTROL_ROT_SAMPLE 4608	0.630943	-0.0791382	-0.771782	2.95462
			*CONTROL_ROT_SAMPLE 4800	0.616213	-0.012597	-0.787479	2.88592
			*CONTROL_ROT_SAMPLE 4992	0.603005	0.0504806	-0.796138	2.80562
		}
	}
}
*HELPEROBJECT {
	*NODE_NAME "Bip01 R Calf"
	*NODE_PARENT "Bip01 R Thigh"
	*NODE_TM {
		*NODE_NAME "Bip01 R Calf"
		*TM_ROW0 0.163	0.978332	0.127661
		*TM_ROW1 -0.266496	0.16824	-0.949039
		*TM_ROW2 -0.949953	0.120672	0.288145
		*TM_ROW3 50.952	-77.3298	16.8114
		*TM_POS 50.952	-77.3298	16.8114
		*TM_ROTAXIS 0.544812	0.548837	-0.634001
		*TM_ROTANGLE 1.76227
		*TM_SCALE 1	1	1
		*TM_SCALEAXIS 0	0	0
		*TM_SCALEAXISANG 0	0	0
	}
	*TM_ANIMATION {
		*NODE_NAME "Bip01 R Calf"
		*CONTROL_POS_TRACK {
			*CONTROL_POS_SAMPLE 192	-27.5505	14.8388	9.39096
			*CONTROL_POS_SAMPLE 384	-24.8568	18.8513	12.2847
			*CONTROL_POS_SAMPLE 576	-21.2462	13.7911	12.754
			*CONTROL_POS_SAMPLE 768	-18.6633	13.5138	15.0653
			*CONTROL_POS_SAMPLE 960	-17.073	13.2351	17.8979
			*CONTROL_POS_SAMPLE 1152	-16.7773	13.1747	18.9204
			*CONTROL_POS_SAMPLE 1344	-16.3777	13.1263	20.4254
			*CONTROL_POS_SAMPLE 1536	-15.4623	13.1643	22.4278
			*CONTROL_POS_SAMPLE 1728	-13.5459	13.4387	25.0596
			*CONTROL_POS_SAMPLE 1920	-11.5664	-1.85124	16.8489
			*CONTROL_POS_SAMPLE 2112	-7.15334	-18.1414	13.1289
			*CONTROL_POS_SAMPLE 2304	-1.57058	-30.8447	13.0367
			*CONTROL_POS_SAMPLE 2496	3.92928	-38.9493	13.8954
			*CONTROL_POS_SAMPLE 2688	9.25108	-45.6319	14.922
			*CONTROL_POS_SAMPLE 2880	14.2604	-51.1173	15.858
			*CONTROL_POS_SAMPLE 3072	19.0114	-55.7377	16.6139
			*CONTROL_POS_SAMPLE 3264	23.6751	-59.5723	16.0988
			*CONTROL_POS_SAMPLE 3456	28.2928	-63.6681	15.709
			*CONTROL_POS_SAMPLE 3648	32.7254	-68.0309	15.4705
			*CONTROL_POS_SAMPLE 3840	36.8049	-71.5262	14.9169
			*CONTROL_POS_SAMPLE 4032	40.1648	-73.7269	13.9463
			*CONTROL_POS_SAMPLE 4224	42.7092	-74.9892	13.1775
			*CONTROL_POS_SAMPLE 4416	44.723	-75.7668	13.0655
			*CONTROL_POS_SAMPLE 4608	46.5496	-76.2921	13.7334
			*CONTROL_POS_SAMPLE 4800	48.5486	-76.7791	15.1882
			*CONTROL_POS_SAMPLE 4992	50.952	-77.3298	16.8114
		}
		*CONTROL_ROT_TRACK {
			*CONTROL_ROT_SAMPLE 192	0.4061	0.67719	-0.613593	1.65616
			*CONTROL_ROT_SAMPLE 384	0.446741	0.62939	-0.635838	1.74094
			*CONTROL_ROT_SAMPLE 576	0.495089	0.588181	-0.639476	1.83619
			*CONTROL_ROT_SAMPLE 768	0.491827	0.589164	-0.641086	1.90321
			*CONTROL_ROT_SAMPLE 960	0.496102	0.570235	-0.654763	1.95705
			*CONTROL_ROT_SAMPLE 1152	0.488925	0.552563	-0.675001	1.95179
			*CONTROL_ROT_SAMPLE 1344	0.481972	0.528648	-0.698738	1.95021
			*CONTROL_ROT_SAMPLE 1536	0.47602	0.502851	-0.721489	1.96534
			*CONTROL_ROT_SAMPLE 1728	0.475762	0.484304	-0.734234	2.02017
			*CONTROL_ROT_SAMPLE 1920	0.42643	0.587403	-0.687834	1.87537
			*CONTROL_ROT_SAMPLE 2112	0.374025	0.658113	-0.653446	1.79264
			*CONTROL_ROT_SAMPLE 2304	0.356425	0.682911	-0.637647	1.76147
			*CONTROL_ROT_SAMPLE 2496	0.380815	0.687724	-0.618074	1.7511
			*CONTROL_ROT_SAMPLE 2688	0.423254	0.688314	-0.589135	1.74748
			*CONTROL_ROT_SAMPLE 2880	0.47656	0.684026	-0.552267	1.74973
			*CONTROL_ROT_SAMPLE 3072	0.532652	0.673637	-0.512343	1.75806
			*CONTROL_ROT_SAMPLE 3264	0.579085	0.667578	-0.467975	1.76117
			*CONTROL_ROT_SAMPLE 3456	0.621385	0.655445	-0.42927	1.77435
			*CONTROL_ROT_SAMPLE 3648	0.668045	0.625358	-0.403291	1.80381
			*CONTROL_ROT_SAMPLE 3840	0.704582	0.586977	-0.398776	1.82785
			*CONTROL_ROT_SAMPLE 4032	0.708956	0.569192	-0.416415	1.81428
			*CONTROL_ROT_SAMPLE 4224	0.683219	0.571942	-0.453977	1.77265
			*CONTROL_ROT_SAMPLE 4416	0.647225	0.574556	-0.500984	1.73747
			*CONTROL_ROT_SAMPLE 4608	0.607863	0.571934	-0.550812	1.72218
			*CONTROL_ROT_SAMPLE 4800	0.57255	0.561806	-0.597126	1.73309
			*CONTROL_ROT_SAMPLE 4992	0.544812	0.548837	-0.634001	1.76227
		}
	}
}
*HELPEROBJECT {
	*NODE_NAME "Bip01 R Foot"
	*NODE_PARENT "Bip01 R Calf"
	*NODE_TM {
		*NODE_NAME "Bip01 R Foot"
