*3DSMAX_ASCIIEXPORT	110
*COMMENT "This file is part of Gothic Free Aim Copyright (C) 2016-2018  mud-freak (@szapp)"
*COMMENT "<http://github.com/szapp/GothicFreeAim>"
*COMMENT "Animations: third iteration"
*SCENE {
	*SCENE_FILENAME "bowIK_T2_left.max"
	*SCENE_FIRSTFRAME 1
	*SCENE_LASTFRAME 26
	*SCENE_FRAMESPEED 25
	*SCENE_TICKSPERFRAME 192
	*SCENE_BACKGROUND_STATIC 0	0	0
	*SCENE_AMBIENT_STATIC 0.2	0.2	0.2
}
*HELPEROBJECT {
	*NODE_NAME "Bip01"
	*NODE_TM {
		*NODE_NAME "Bip01"
		*TM_ROW0 -0.835871	-0.548808	0.0113485
		*TM_ROW1 0.548007	-0.835489	-0.0405727
		*TM_ROW2 0.0317482	-0.0276945	0.999112
		*TM_ROW3 -0.0498829	24.2813	74.638
		*TM_POS -0.0498829	24.2813	74.638
		*TM_ROTAXIS -0.0117386	0.0185945	-0.999758
		*TM_ROTANGLE 3.72221
		*TM_SCALE 1	1	1
		*TM_SCALEAXIS 0	0	0
		*TM_SCALEAXISANG 0	0	0
	}
	*TM_ANIMATION {
		*NODE_NAME "Bip01"
		*CONTROL_POS_TRACK {
			*CONTROL_POS_SAMPLE 192	-0.0498829	24.2813	74.638
			*CONTROL_POS_SAMPLE 384	4.34031	24.2322	75.1706
			*CONTROL_POS_SAMPLE 576	8.73051	24.1832	75.7041
			*CONTROL_POS_SAMPLE 768	13.1207	24.1341	76.2371
			*CONTROL_POS_SAMPLE 960	17.5109	24.085	76.7682
			*CONTROL_POS_SAMPLE 1152	21.9011	24.036	76.4884
			*CONTROL_POS_SAMPLE 1344	26.2913	23.9869	76.2041
			*CONTROL_POS_SAMPLE 1536	30.6815	23.9378	75.9165
			*CONTROL_POS_SAMPLE 1728	35.0717	23.8888	75.6271
			*CONTROL_POS_SAMPLE 1920	39.4619	23.8397	75.3376
			*CONTROL_POS_SAMPLE 2112	43.8521	23.7906	75.0496
			*CONTROL_POS_SAMPLE 2304	48.2423	23.7416	75.371
			*CONTROL_POS_SAMPLE 2496	52.037	23.7416	75.6924
			*CONTROL_POS_SAMPLE 2688	55.8317	23.7416	76.014
			*CONTROL_POS_SAMPLE 2880	59.6264	23.7416	76.3363
			*CONTROL_POS_SAMPLE 3072	63.4212	23.7416	76.6595
			*CONTROL_POS_SAMPLE 3264	67.2159	23.7416	76.4703
			*CONTROL_POS_SAMPLE 3456	71.0106	23.7416	76.257
			*CONTROL_POS_SAMPLE 3648	74.8053	23.7416	76.0581
			*CONTROL_POS_SAMPLE 3840	78.6	23.7416	75.9119
			*CONTROL_POS_SAMPLE 4032	82.3947	23.7416	75.8567
			*CONTROL_POS_SAMPLE 4224	86.1894	23.7416	75.9179
			*CONTROL_POS_SAMPLE 4416	92.1543	23.7416	76.0702
			*CONTROL_POS_SAMPLE 4608	98.1192	23.7416	76.2753
			*CONTROL_POS_SAMPLE 4800	104.084	23.7416	76.4938
			*CONTROL_POS_SAMPLE 4992	110.049	23.7416	76.6863
		}
		*CONTROL_ROT_TRACK {
			*CONTROL_ROT_SAMPLE 192	-0.0117386	0.0185945	-0.999758	3.72221
			*CONTROL_ROT_SAMPLE 384	-0.0130591	0.0192986	-0.999729	3.72202
			*CONTROL_ROT_SAMPLE 576	-0.0145736	0.0200962	-0.999692	3.72181
			*CONTROL_ROT_SAMPLE 768	-0.015991	0.020847	-0.999655	3.7216
			*CONTROL_ROT_SAMPLE 960	-0.0170199	0.0214105	-0.999626	3.72143
			*CONTROL_ROT_SAMPLE 1152	-0.0173694	0.0216466	-0.999615	3.72131
			*CONTROL_ROT_SAMPLE 1344	-0.0168199	0.0213261	-0.999631	3.72126
			*CONTROL_ROT_SAMPLE 1536	-0.0155654	0.0205425	-0.999668	3.72126
			*CONTROL_ROT_SAMPLE 1728	-0.0139353	0.0196395	-0.99971	3.7213
			*CONTROL_ROT_SAMPLE 1920	-0.0122593	0.0189611	-0.999745	3.72134
			*CONTROL_ROT_SAMPLE 2112	-0.0108669	0.0188512	-0.999763	3.72137
			*CONTROL_ROT_SAMPLE 2304	-0.0096742	0.0194802	-0.999763	3.7214
			*CONTROL_ROT_SAMPLE 2496	-0.00843696	0.0206116	-0.999752	3.72143
			*CONTROL_ROT_SAMPLE 2688	-0.00724407	0.0219785	-0.999732	3.72146
			*CONTROL_ROT_SAMPLE 2880	-0.00618449	0.0233142	-0.999709	3.72149
			*CONTROL_ROT_SAMPLE 3072	-0.0053472	0.0243519	-0.999689	3.7215
			*CONTROL_ROT_SAMPLE 3264	-0.00482116	0.0248249	-0.99968	3.72151
			*CONTROL_ROT_SAMPLE 3456	-0.00471905	0.0244961	-0.999689	3.72151
			*CONTROL_ROT_SAMPLE 3648	-0.00501567	0.023522	-0.999711	3.72149
			*CONTROL_ROT_SAMPLE 3840	-0.00559309	0.022227	-0.999737	3.72147
			*CONTROL_ROT_SAMPLE 4032	-0.00633338	0.0209352	-0.999761	3.72143
			*CONTROL_ROT_SAMPLE 4224	-0.00711863	0.0199708	-0.999775	3.7214
			*CONTROL_ROT_SAMPLE 4416	-0.00805602	0.0194304	-0.999779	3.72136
			*CONTROL_ROT_SAMPLE 4608	-0.00923475	0.0191074	-0.999775	3.72131
			*CONTROL_ROT_SAMPLE 4800	-0.01051	0.0188713	-0.999767	3.72126
			*CONTROL_ROT_SAMPLE 4992	-0.0117369	0.0185917	-0.999758	3.72121
		}
	}
}
*HELPEROBJECT {
	*NODE_NAME "Bip01 Footsteps"
	*NODE_PARENT "Bip01"
	*NODE_TM {
		*NODE_NAME "Bip01 Footsteps"
		*TM_ROW0 1	0	0
		*TM_ROW1 0	1	0
		*TM_ROW2 0	0	1
		*TM_ROW3 -0.0498829	24.2813	-2.87373
		*TM_POS -0.0498829	24.2813	-2.87373
		*TM_ROTAXIS 0	0	0
		*TM_ROTANGLE 0
		*TM_SCALE 1	1	1
		*TM_SCALEAXIS 0	0	0
		*TM_SCALEAXISANG 0	0	0
	}
}
*HELPEROBJECT {
	*NODE_NAME "Bip01 Pelvis"
	*NODE_PARENT "Bip01"
	*NODE_TM {
		*NODE_NAME "Bip01 Pelvis"
		*TM_ROW0 0.0317474	-0.0276932	0.999112
		*TM_ROW1 -0.83587	-0.54881	0.0113484
		*TM_ROW2 0.548008	-0.835489	-0.0405712
		*TM_ROW3 2.29816	24.7552	74.5766
		*TM_POS 2.29816	24.7552	74.5766
		*TM_ROTAXIS -0.675038	0.359588	-0.644221
		*TM_ROTANGLE 2.46357
		*TM_SCALE 1	1	1
		*TM_SCALEAXIS 0	0	0
		*TM_SCALEAXISANG 0	0	0
	}
	*TM_ANIMATION {
		*NODE_NAME "Bip01 Pelvis"
		*CONTROL_POS_TRACK {
			*CONTROL_POS_SAMPLE 192	2.29816	24.7552	74.5766
			*CONTROL_POS_SAMPLE 384	6.68824	24.7058	75.1028
			*CONTROL_POS_SAMPLE 576	11.0783	24.6564	75.629
			*CONTROL_POS_SAMPLE 768	15.4683	24.607	76.1552
			*CONTROL_POS_SAMPLE 960	19.8584	24.5577	76.6814
			*CONTROL_POS_SAMPLE 1152	24.2486	24.5084	76.3998
			*CONTROL_POS_SAMPLE 1344	28.6389	24.4591	76.1182
			*CONTROL_POS_SAMPLE 1536	33.0293	24.4099	75.8367
			*CONTROL_POS_SAMPLE 1728	37.4198	24.3607	75.5551
			*CONTROL_POS_SAMPLE 1920	41.8103	24.3116	75.2735
			*CONTROL_POS_SAMPLE 2112	46.2006	24.2625	74.992
			*CONTROL_POS_SAMPLE 2304	50.5909	24.2135	75.3185
			*CONTROL_POS_SAMPLE 2496	54.3857	24.2135	75.6451
			*CONTROL_POS_SAMPLE 2688	58.1805	24.2136	75.9716
			*CONTROL_POS_SAMPLE 2880	61.9753	24.2137	76.2982
			*CONTROL_POS_SAMPLE 3072	65.7701	24.2137	76.6248
			*CONTROL_POS_SAMPLE 3264	69.5648	24.2137	76.4378
			*CONTROL_POS_SAMPLE 3456	73.3596	24.2137	76.2251
			*CONTROL_POS_SAMPLE 3648	77.1543	24.2136	76.0252
			*CONTROL_POS_SAMPLE 3840	80.949	24.2135	75.8769
			*CONTROL_POS_SAMPLE 4032	84.7437	24.2134	75.8189
			*CONTROL_POS_SAMPLE 4224	88.5384	24.2133	75.8769
			*CONTROL_POS_SAMPLE 4416	94.5032	24.2133	76.0252
			*CONTROL_POS_SAMPLE 4608	100.468	24.2132	76.2251
			*CONTROL_POS_SAMPLE 4800	106.433	24.2132	76.4378
			*CONTROL_POS_SAMPLE 4992	112.398	24.2131	76.6247
		}
		*CONTROL_ROT_TRACK {
			*CONTROL_ROT_SAMPLE 192	-0.675038	0.359588	-0.644221	2.46357
			*CONTROL_ROT_SAMPLE 384	-0.676103	0.35937	-0.643224	2.46285
			*CONTROL_ROT_SAMPLE 576	-0.677322	0.359109	-0.642087	2.46202
			*CONTROL_ROT_SAMPLE 768	-0.678462	0.358868	-0.641017	2.46124
			*CONTROL_ROT_SAMPLE 960	-0.679293	0.35871	-0.640225	2.46069
			*CONTROL_ROT_SAMPLE 1152	-0.679586	0.358698	-0.639921	2.4605
			*CONTROL_ROT_SAMPLE 1344	-0.679121	0.358827	-0.640342	2.46069
			*CONTROL_ROT_SAMPLE 1536	-0.678052	0.359055	-0.641347	2.46113
			*CONTROL_ROT_SAMPLE 1728	-0.676706	0.359389	-0.64258	2.46185
			*CONTROL_ROT_SAMPLE 1920	-0.675414	0.359836	-0.643688	2.46286
			*CONTROL_ROT_SAMPLE 2112	-0.67451	0.360403	-0.644318	2.46416
			*CONTROL_ROT_SAMPLE 2304	-0.674007	0.361202	-0.644397	2.46603
			*CONTROL_ROT_SAMPLE 2496	-0.673665	0.362234	-0.644175	2.46847
			*CONTROL_ROT_SAMPLE 2688	-0.673439	0.363346	-0.643786	2.4711
			*CONTROL_ROT_SAMPLE 2880	-0.673282	0.364384	-0.643362	2.47358
			*CONTROL_ROT_SAMPLE 3072	-0.673152	0.365196	-0.643039	2.47551
			*CONTROL_ROT_SAMPLE 3264	-0.673002	0.36563	-0.642948	2.47654
			*CONTROL_ROT_SAMPLE 3456	-0.672815	0.365537	-0.643197	2.4763
			*CONTROL_ROT_SAMPLE 3648	-0.672634	0.364993	-0.643696	2.47497
			*CONTROL_ROT_SAMPLE 3840	-0.672505	0.364188	-0.644285	2.47303
			*CONTROL_ROT_SAMPLE 4032	-0.672478	0.363313	-0.644808	2.47093
			*CONTROL_ROT_SAMPLE 4224	-0.672602	0.362558	-0.645104	2.46911
			*CONTROL_ROT_SAMPLE 4416	-0.672978	0.36192	-0.645069	2.46758
			*CONTROL_ROT_SAMPLE 4608	-0.673586	0.361269	-0.6448	2.46603
			*CONTROL_ROT_SAMPLE 4800	-0.674285	0.360614	-0.644436	2.46447
			*CONTROL_ROT_SAMPLE 4992	-0.674938	0.35996	-0.644118	2.46291
		}
	}
}
*HELPEROBJECT {
	*NODE_NAME "Bip01 Spine"
	*NODE_PARENT "Bip01 Pelvis"
	*NODE_TM {
		*NODE_NAME "Bip01 Spine"
		*TM_ROW0 -0.0266511	-0.0659159	0.997469
		*TM_ROW1 -0.836049	-0.545538	-0.0583891
		*TM_ROW2 0.548007	-0.83549	-0.0405698
		*TM_ROW3 2.44888	24.7376	76.9743
		*TM_POS 2.44888	24.7376	76.9743
		*TM_ROTAXIS -0.657003	0.38	-0.651112
		*TM_ROTANGLE 2.5088
		*TM_SCALE 1	1	1
		*TM_SCALEAXIS 0	0	0
		*TM_SCALEAXISANG 0	0	0
	}
}
*HELPEROBJECT {
	*NODE_NAME "Bip01 Spine1"
	*NODE_PARENT "Bip01 Spine"
	*NODE_TM {
		*NODE_NAME "Bip01 Spine1"
		*TM_ROW0 -0.0391243	-0.0786238	0.996136
		*TM_ROW1 -0.938305	-0.339895	-0.0636804
		*TM_ROW2 0.343589	-0.937171	-0.060475
		*TM_ROW3 2.19653	24.0933	86.7773
		*TM_POS 2.19653	24.0933	86.7773
		*TM_ROTAXIS -0.629102	0.469975	-0.619156
		*TM_ROTANGLE 2.37423
		*TM_SCALE 1	1	1
		*TM_SCALEAXIS 0	0	0
		*TM_SCALEAXISANG 0	0	0
	}
}
*HELPEROBJECT {
	*NODE_NAME "Bip01 Spine2"
	*NODE_PARENT "Bip01 Spine1"
	*NODE_TM {
		*NODE_NAME "Bip01 Spine2"
		*TM_ROW0 -0.13079	0.0234169	0.991134
		*TM_ROW1 -0.984787	-0.118436	-0.127154
		*TM_ROW2 0.114409	-0.992685	0.0385509
		*TM_ROW3 1.71965	23.0905	99.5207
		*TM_POS 1.71965	23.0905	99.5207
		*TM_ROTAXIS -0.543697	0.550728	-0.633318
		*TM_ROTANGLE 2.22099
		*TM_SCALE 1	1	1
		*TM_SCALEAXIS 0	0	0
		*TM_SCALEAXISANG 0	0	0
	}
}
*HELPEROBJECT {
	*NODE_NAME "Bip01 Neck"
	*NODE_PARENT "Bip01 Spine2"
	*NODE_TM {
		*NODE_NAME "Bip01 Neck"
		*TM_ROW0 -0.418393	-0.324406	0.848356
		*TM_ROW1 -0.133141	-0.902043	-0.410598
		*TM_ROW2 0.898454	-0.284743	0.334217
		*TM_ROW3 -2.20123	23.7976	129.241
		*TM_POS -2.20123	23.7976	129.241
		*TM_ROTAXIS -0.536984	0.213754	-0.816062
		*TM_ROTANGLE 3.25905
		*TM_SCALE 1	1	1
		*TM_SCALEAXIS 0	0	0
		*TM_SCALEAXISANG 0	0	0
	}
}
*HELPEROBJECT {
	*NODE_NAME "Bip01 Head"
	*NODE_PARENT "Bip01 Neck"
	*NODE_TM {
		*NODE_NAME "Bip01 Head"
		*TM_ROW0 -0.477622	0.0242671	0.87823
		*TM_ROW1 0.328692	-0.922089	0.204237
		*TM_ROW2 0.814763	0.386215	0.432433
		*TM_ROW3 -5.06271	21.5789	135.043
		*TM_POS -5.06271	21.5789	135.043
		*TM_ROTAXIS -0.50507	-0.176149	-0.844912
		*TM_ROTANGLE 3.32273
		*TM_SCALE 1	1	1
		*TM_SCALEAXIS 0	0	0
		*TM_SCALEAXISANG 0	0	0
	}
}
*HELPEROBJECT {
	*NODE_NAME "zs_Helmet"
	*NODE_PARENT "Bip01 Head"
	*NODE_TM {
		*NODE_NAME "zs_Helmet"
		*TM_ROW0 0.814763	0.386216	0.432433
		*TM_ROW1 -0.290206	0.917343	-0.272512
		*TM_ROW2 -0.501938	0.0965376	0.859499
		*TM_ROW3 -115.892	-38.1232	397.182
		*TM_POS -115.892	-38.1232	397.182
		*TM_ROTAXIS 0.304719	0.771498	-0.558513
		*TM_ROTANGLE 0.650465
		*TM_SCALE 1	1	1
		*TM_SCALEAXIS 0	0	0
		*TM_SCALEAXISANG 0	0	0
	}
}
*HELPEROBJECT {
	*NODE_NAME "Bip01 L Clavicle"
	*NODE_PARENT "Bip01 Neck"
	*NODE_TM {
		*NODE_NAME "Bip01 L Clavicle"
		*TM_ROW0 0.345527	-0.887018	0.306285
		*TM_ROW1 0.912629	0.393611	0.11036
		*TM_ROW2 -0.218448	0.241392	0.945521
		*TM_ROW3 1.84534	16.054	124.541
		*TM_POS 1.84534	16.054	124.541
		*TM_ROTAXIS 0.0697292	0.279238	0.957687
		*TM_ROTANGLE 1.2214
		*TM_SCALE 1	1	1
		*TM_SCALEAXIS 0	0	0
		*TM_SCALEAXISANG 0	0	0
	}
}
*HELPEROBJECT {
	*NODE_NAME "Bip01 L UpperArm"
	*NODE_PARENT "Bip01 L Clavicle"
	*NODE_TM {
		*NODE_NAME "Bip01 L UpperArm"
		*TM_ROW0 0.294291	-0.955445	0.0227458
		*TM_ROW1 0.93971	0.284943	-0.189083
		*TM_ROW2 0.174177	0.0770201	0.981698
		*TM_ROW3 6.44984	4.23361	128.622
		*TM_POS 6.44984	4.23361	128.622
		*TM_ROTAXIS 0.138615	-0.0788818	0.9872
		*TM_ROTANGLE 1.28652
		*TM_SCALE 1	1	1
		*TM_SCALEAXIS 0	0	0
		*TM_SCALEAXISANG 0	0	0
	}
}
*HELPEROBJECT {
	*NODE_NAME "Bip01 L Forearm"
	*NODE_PARENT "Bip01 L UpperArm"
	*NODE_TM {
		*NODE_NAME "Bip01 L Forearm"
		*TM_ROW0 0.183546	-0.982004	0.0444786
		*TM_ROW1 0.967457	0.172439	-0.18518
		*TM_ROW2 0.174177	0.0770201	0.981698
		*TM_ROW3 14.6624	-22.4293	129.257
		*TM_POS 14.6624	-22.4293	129.257
		*TM_ROTAXIS 0.133009	-0.065794	0.988929
		*TM_ROTANGLE 1.40114
		*TM_SCALE 1	1	1
		*TM_SCALEAXIS 0	0	0
		*TM_SCALEAXISANG 0	0	0
	}
}
*HELPEROBJECT {
	*NODE_NAME "Bip01 L Hand"
	*NODE_PARENT "Bip01 L Forearm"
	*NODE_TM {
		*NODE_NAME "Bip01 L Hand"
		*TM_ROW0 0.238789	-0.963516	0.120899
		*TM_ROW1 -0.303365	-0.192287	-0.933271
		*TM_ROW2 0.922469	0.186178	-0.338213
		*TM_ROW3 19.768	-49.745	130.494
		*TM_POS 19.768	-49.745	130.494
		*TM_ROTAXIS -0.733143	0.524959	-0.432342
		*TM_ROTANGLE 4.01024
		*TM_SCALE 1	1	1
		*TM_SCALEAXIS 0	0	0
		*TM_SCALEAXISANG 0	0	0
	}
}
*HELPEROBJECT {
	*NODE_NAME "Bip01 L Finger0"
	*NODE_PARENT "Bip01 L Hand"
	*NODE_TM {
		*NODE_NAME "Bip01 L Finger0"
		*TM_ROW0 0.238786	-0.963516	0.120904
		*TM_ROW1 -0.304072	-0.192434	-0.933011
		*TM_ROW2 0.922237	0.186026	-0.338929
		*TM_ROW3 22.8411	-62.1453	132.05
		*TM_POS 22.8411	-62.1453	132.05
		*TM_ROTAXIS -0.733224	0.525056	-0.432086
		*TM_ROTANGLE 4.00968
		*TM_SCALE 1	1	1
		*TM_SCALEAXIS 0	0	0
		*TM_SCALEAXISANG 0	0	0
	}
}
*HELPEROBJECT {
	*NODE_NAME "zs_LeftHand"
	*NODE_PARENT "Bip01 L Hand"
	*NODE_TM {
		*NODE_NAME "zs_LeftHand"
		*TM_ROW0 0.877208	0.284668	-0.386615
		*TM_ROW1 0.36984	-0.914135	0.166062
		*TM_ROW2 -0.306145	-0.288656	-0.907167
		*TM_ROW3 70.2067	-156.72	48.1467
		*TM_POS 70.2067	-156.72	48.1467
		*TM_ROTAXIS -0.968367	-0.171367	0.181383
		*TM_ROTANGLE 2.90459
		*TM_SCALE 1	1	1
		*TM_SCALEAXIS 0	0	0
		*TM_SCALEAXISANG 0	0	0
	}
}
*HELPEROBJECT {
	*NODE_NAME "zs_LeftArm"
	*NODE_PARENT "Bip01 L Forearm"
	*NODE_TM {
		*NODE_NAME "zs_LeftArm"
		*TM_ROW0 0.311226	-0.950048	-0.0234041
		*TM_ROW1 0.942039	0.311662	-0.124216
		*TM_ROW2 0.125305	0.0166117	0.991979
		*TM_ROW3 -98.4497	-306.391	222.039
		*TM_POS -98.4497	-306.391	222.039
		*TM_ROTAXIS 0.0739975	-0.078139	0.994192
		*TM_ROTANGLE 1.2583
		*TM_SCALE 1	1	1
		*TM_SCALEAXIS 0	0	0
		*TM_SCALEAXISANG 0	0	0
	}
}
*HELPEROBJECT {
	*NODE_NAME "Bip01 R Clavicle"
	*NODE_PARENT "Bip01 Neck"
	*NODE_TM {
		*NODE_NAME "Bip01 R Clavicle"
		*TM_ROW0 -0.738591	0.5947	-0.317516
		*TM_ROW1 0.60987	0.790131	0.0612463
		*TM_ROW2 0.287302	-0.148407	-0.946273
		*TM_ROW3 0.0229989	31.8655	123.927
		*TM_POS 0.0229989	31.8655	123.927
		*TM_ROTAXIS -0.327428	-0.944579	0.0236923
		*TM_ROTANGLE 2.8157
		*TM_SCALE 1	1	1
		*TM_SCALEAXIS 0	0	0
		*TM_SCALEAXISANG 0	0	0
	}
}
*HELPEROBJECT {
	*NODE_NAME "Bip01 R UpperArm"
	*NODE_PARENT "Bip01 R Clavicle"
	*NODE_TM {
		*NODE_NAME "Bip01 R UpperArm"
		*TM_ROW0 -0.58301	-0.785845	-0.20627
		*TM_ROW1 -0.587643	0.583184	-0.560867
		*TM_ROW2 0.561048	-0.205778	-0.801799
		*TM_ROW3 -9.81946	39.7904	119.695
		*TM_POS -9.81946	39.7904	119.695
		*TM_ROTAXIS 0.408892	-0.883582	0.228233
		*TM_ROTANGLE 2.69243
		*TM_SCALE 1	1	1
		*TM_SCALEAXIS 0	0	0
		*TM_SCALEAXISANG 0	0	0
	}
}
*HELPEROBJECT {
	*NODE_NAME "Bip01 R Forearm"
	*NODE_PARENT "Bip01 R UpperArm"
	*NODE_TM {
		*NODE_NAME "Bip01 R Forearm"
		*TM_ROW0 0.684031	-0.430242	0.589061
		*TM_ROW1 -0.466183	-0.878947	-0.100627
		*TM_ROW2 0.561048	-0.205778	-0.801798
		*TM_ROW3 -26.0891	17.8605	113.939
		*TM_POS -26.0891	17.8605	113.939
		*TM_ROTAXIS -0.917543	0.244447	-0.313624
		*TM_ROTANGLE 3.08426
		*TM_SCALE 1	1	1
		*TM_SCALEAXIS 0	0	0
		*TM_SCALEAXISANG 0	0	0
	}
}
*HELPEROBJECT {
	*NODE_NAME "Bip01 R Hand"
	*NODE_PARENT "Bip01 R Forearm"
	*NODE_TM {
		*NODE_NAME "Bip01 R Hand"
		*TM_ROW0 0.394433	-0.902819	0.171289
		*TM_ROW1 0.775748	0.227222	-0.588716
		*TM_ROW2 0.492583	0.365086	0.789984
		*TM_ROW3 -7.06184	5.89275	130.325
		*TM_POS -7.06184	5.89275	130.325
		*TM_ROTAXIS 0.487335	-0.164162	0.857646
		*TM_ROTANGLE 1.3635
		*TM_SCALE 1	1	1
		*TM_SCALEAXIS 0	0	0
		*TM_SCALEAXISANG 0	0	0
	}
}
*HELPEROBJECT {
	*NODE_NAME "Bip01 R Finger0"
	*NODE_PARENT "Bip01 R Hand"
	*NODE_TM {
		*NODE_NAME "Bip01 R Finger0"
		*TM_ROW0 0.394427	-0.902821	0.171291
		*TM_ROW1 0.776125	0.227494	-0.588112
		*TM_ROW2 0.491993	0.364911	0.790432
		*TM_ROW3 -1.98555	-5.7264	132.529
		*TM_POS -1.98555	-5.7264	132.529
		*TM_ROTAXIS 0.486974	-0.163872	0.857906
		*TM_ROTANGLE 1.36313
		*TM_SCALE 1	1	1
		*TM_SCALEAXIS 0	0	0
		*TM_SCALEAXISANG 0	0	0
	}
}
*HELPEROBJECT {
	*NODE_NAME "zs_RightHand"
	*NODE_PARENT "Bip01 R Hand"
	*NODE_TM {
		*NODE_NAME "zs_RightHand"
		*TM_ROW0 -0.372368	0.919578	-0.125369
		*TM_ROW1 -0.855736	-0.392482	-0.337155
		*TM_ROW2 -0.359246	-0.0182635	0.933064
		*TM_ROW3 181.8	-448.8	209.845
		*TM_POS 181.8	-448.8	209.845
		*TM_ROTAXIS 0.175328	0.128587	-0.976077
		*TM_ROTANGLE 1.99972
		*TM_SCALE 1	1	1
		*TM_SCALEAXIS 0	0	0
		*TM_SCALEAXISANG 0	0	0
	}
}
*HELPEROBJECT {
	*NODE_NAME "zs_Crossbow"
	*NODE_PARENT "Bip01 Spine2"
	*NODE_TM {
		*NODE_NAME "zs_Crossbow"
		*TM_ROW0 -0.429903	0.367979	0.824485
		*TM_ROW1 0.0542407	0.922054	-0.383243
		*TM_ROW2 -0.901244	-0.120036	-0.416353
		*TM_ROW3 73.2989	414.369	1422.38
		*TM_POS 73.2989	414.369	1422.38
		*TM_ROTAXIS 0.148398	0.972979	-0.176888
		*TM_ROTANGLE 2.05116
		*TM_SCALE 1	1	1
		*TM_SCALEAXIS 0	0	0
		*TM_SCALEAXISANG 0	0	0
	}
}
*HELPEROBJECT {
	*NODE_NAME "zs_Longsword"
	*NODE_PARENT "Bip01 Spine2"
	*NODE_TM {
		*NODE_NAME "zs_Longsword"
		*TM_ROW0 -0.407339	0.48658	0.772862
		*TM_ROW1 0.130344	0.868562	-0.478133
		*TM_ROW2 -0.903928	-0.0940241	-0.417222
		*TM_ROW3 44.7878	486.055	1148.77
		*TM_POS 44.7878	486.055	1148.77
		*TM_ROTAXIS 0.218651	0.9545	-0.202785
		*TM_ROTANGLE 2.06917
		*TM_SCALE 1	1	1
		*TM_SCALEAXIS 0	0	0
		*TM_SCALEAXISANG 0	0	0
	}
}
*HELPEROBJECT {
	*NODE_NAME "zs_Shield"
	*NODE_PARENT "Bip01 Spine2"
	*NODE_TM {
		*NODE_NAME "zs_Shield"
		*TM_ROW0 0.410454	0.025877	-0.911514
		*TM_ROW1 0.268662	0.951797	0.147999
		*TM_ROW2 0.871406	-0.305636	0.383717
		*TM_ROW3 396.11	-118.975	456.925
		*TM_POS 396.11	-118.975	456.925
		*TM_ROTAXIS -0.244458	-0.960793	0.130834
		*TM_ROTANGLE 1.18857
		*TM_SCALE 1	1	1
		*TM_SCALEAXIS 0	0	0
		*TM_SCALEAXISANG 0	0	0
	}
}
*HELPEROBJECT {
	*NODE_NAME "zs_Bow"
	*NODE_PARENT "Bip01 Spine2"
	*NODE_TM {
		*NODE_NAME "zs_Bow"
		*TM_ROW0 -0.178535	0.274954	0.944736
		*TM_ROW1 0.951928	0.291168	0.0951535
		*TM_ROW2 -0.248914	0.916309	-0.31372
		*TM_ROW3 514.166	162.145	144.639
		*TM_POS 514.166	162.145	144.639
		*TM_ROTAXIS -0.513484	-0.746412	-0.423325
		*TM_ROTANGLE 4.06821
		*TM_SCALE 1	1	1
		*TM_SCALEAXIS 0	0	0
		*TM_SCALEAXISANG 0	0	0
	}
}
*HELPEROBJECT {
	*NODE_NAME "zs_Sword"
	*NODE_PARENT "Bip01 Spine"
	*NODE_TM {
		*NODE_NAME "zs_Sword"
		*TM_ROW0 -0.299223	-0.241092	0.923223
		*TM_ROW1 0.781127	0.493788	0.382118
		*TM_ROW2 -0.548002	0.835493	0.0405707
		*TM_ROW3 234.971	-199.379	107.222
		*TM_POS 234.971	-199.379	107.222
		*TM_ROTAXIS 0.245337	0.796131	0.553159
		*TM_ROTANGLE 1.96322
		*TM_SCALE 1	1	1
		*TM_SCALEAXIS 0	0	0
		*TM_SCALEAXISANG 0	0	0
	}
}
*HELPEROBJECT {
	*NODE_NAME "Bip01 L Thigh"
	*NODE_PARENT "Bip01 Pelvis"
	*NODE_TM {
		*NODE_NAME "Bip01 L Thigh"
		*TM_ROW0 -0.0164748	-0.853123	-0.521449
		*TM_ROW1 -0.214193	-0.506402	0.835272
		*TM_ROW2 -0.976653	0.125452	-0.17439
		*TM_ROW3 7.23582	17.2272	74.211
		*TM_POS 7.23582	17.2272	74.211
		*TM_ROTAXIS -0.670931	0.430264	0.603925
		*TM_ROTANGLE 2.58419
		*TM_SCALE 1	1	1
		*TM_SCALEAXIS 0	0	0
		*TM_SCALEAXISANG 0	0	0
	}
	*TM_ANIMATION {
		*NODE_NAME "Bip01 L Thigh"
		*CONTROL_POS_TRACK {
			*CONTROL_POS_SAMPLE 192	7.23582	17.2272	74.211
			*CONTROL_POS_SAMPLE 384	11.6237	17.1773	74.719
			*CONTROL_POS_SAMPLE 576	16.0113	17.1274	75.2246
			*CONTROL_POS_SAMPLE 768	20.399	17.0776	75.7314
			*CONTROL_POS_SAMPLE 960	24.7871	17.0277	76.2432
			*CONTROL_POS_SAMPLE 1152	29.1761	16.978	75.956
			*CONTROL_POS_SAMPLE 1344	33.5664	16.9283	75.6824
			*CONTROL_POS_SAMPLE 1536	37.9577	16.8786	75.42
			*CONTROL_POS_SAMPLE 1728	42.3494	16.8289	75.1614
			*CONTROL_POS_SAMPLE 1920	46.7411	16.7796	74.8993
			*CONTROL_POS_SAMPLE 2112	51.1322	16.7306	74.6264
			*CONTROL_POS_SAMPLE 2304	55.523	16.6821	74.9485
			*CONTROL_POS_SAMPLE 2496	59.3182	16.683	75.2624
			*CONTROL_POS_SAMPLE 2688	63.1134	16.6842	75.5723
			*CONTROL_POS_SAMPLE 2880	66.9085	16.6854	75.882
			*CONTROL_POS_SAMPLE 3072	70.7035	16.6864	76.1955
			*CONTROL_POS_SAMPLE 3264	74.4985	16.6868	76.0033
			*CONTROL_POS_SAMPLE 3456	78.2933	16.6865	75.7965
			*CONTROL_POS_SAMPLE 3648	82.088	16.6856	75.6113
			*CONTROL_POS_SAMPLE 3840	85.8825	16.6844	75.4816
			*CONTROL_POS_SAMPLE 4032	89.6769	16.6832	75.4413
			*CONTROL_POS_SAMPLE 4224	93.4713	16.6823	75.5114
			*CONTROL_POS_SAMPLE 4416	99.4356	16.6817	75.664
			*CONTROL_POS_SAMPLE 4608	105.4	16.6812	75.8633
			*CONTROL_POS_SAMPLE 4800	111.364	16.6807	76.0737
			*CONTROL_POS_SAMPLE 4992	117.328	16.6802	76.2592
		}
		*CONTROL_ROT_TRACK {
			*CONTROL_ROT_SAMPLE 192	-0.670931	0.430264	0.603925	2.58419
			*CONTROL_ROT_SAMPLE 384	-0.686648	0.375919	0.622254	2.45704
			*CONTROL_ROT_SAMPLE 576	-0.667349	0.36751	0.647751	2.43812
			*CONTROL_ROT_SAMPLE 768	0.650951	-0.351645	-0.672762	3.86822
			*CONTROL_ROT_SAMPLE 960	0.629862	-0.340445	-0.69812	3.87308
			*CONTROL_ROT_SAMPLE 1152	0.607044	-0.332994	-0.721535	3.88501
			*CONTROL_ROT_SAMPLE 1344	0.586536	-0.31904	-0.744438	3.89276
			*CONTROL_ROT_SAMPLE 1536	0.566916	-0.302656	-0.766163	3.8935
			*CONTROL_ROT_SAMPLE 1728	0.549214	-0.286769	-0.784938	3.88996
			*CONTROL_ROT_SAMPLE 1920	0.518698	-0.256084	-0.815704	3.85599
			*CONTROL_ROT_SAMPLE 2112	0.499963	-0.248796	-0.82954	3.84133
			*CONTROL_ROT_SAMPLE 2304	0.501564	-0.285167	-0.81677	3.87478
			*CONTROL_ROT_SAMPLE 2496	0.508029	-0.333247	-0.794262	3.9194
			*CONTROL_ROT_SAMPLE 2688	0.518301	-0.383504	-0.764388	3.95727
			*CONTROL_ROT_SAMPLE 2880	0.534115	-0.429893	-0.727951	3.97863
			*CONTROL_ROT_SAMPLE 3072	0.556066	-0.466539	-0.687846	3.97616
			*CONTROL_ROT_SAMPLE 3264	0.58078	-0.49216	-0.648439	3.95366
			*CONTROL_ROT_SAMPLE 3456	0.611477	-0.499681	-0.613527	3.89574
			*CONTROL_ROT_SAMPLE 3648	-0.646238	0.490426	0.584687	2.47729
			*CONTROL_ROT_SAMPLE 3840	-0.679686	0.469074	0.563912	2.5835
			*CONTROL_ROT_SAMPLE 4032	-0.709165	0.441175	0.549955	2.69107
			*CONTROL_ROT_SAMPLE 4224	-0.733393	0.412611	0.540266	2.784
			*CONTROL_ROT_SAMPLE 4416	-0.712648	0.408804	0.570099	2.71408
			*CONTROL_ROT_SAMPLE 4608	-0.694562	0.399913	0.598042	2.6245
			*CONTROL_ROT_SAMPLE 4800	-0.67737	0.383965	0.627487	2.54037
			*CONTROL_ROT_SAMPLE 4992	-0.660415	0.360815	0.658532	2.46607
		}
	}
}
*HELPEROBJECT {
	*NODE_NAME "Bip01 L Calf"
	*NODE_PARENT "Bip01 L Thigh"
	*NODE_TM {
		*NODE_NAME "Bip01 L Calf"
		*TM_ROW0 0.21088	0.404992	-0.889669
		*TM_ROW1 -0.0409838	-0.905673	-0.421992
		*TM_ROW2 -0.976653	0.125451	-0.17439
		*TM_ROW3 6.58762	-16.3387	53.6947
		*TM_POS 6.58762	-16.3387	53.6947
		*TM_ROTAXIS -0.76948	-0.122263	0.626859
		*TM_ROTANGLE 3.50528
		*TM_SCALE 1	1	1
		*TM_SCALEAXIS 0	0	0
		*TM_SCALEAXISANG 0	0	0
	}
	*TM_ANIMATION {
		*NODE_NAME "Bip01 L Calf"
		*CONTROL_POS_TRACK {
			*CONTROL_POS_SAMPLE 192	6.58762	-16.3387	53.6947
			*CONTROL_POS_SAMPLE 384	14.0648	-16.3272	54.2372
			*CONTROL_POS_SAMPLE 576	16.8919	-16.3669	54.6
			*CONTROL_POS_SAMPLE 768	20.1247	-16.2453	54.8142
			*CONTROL_POS_SAMPLE 960	22.7325	-16.0353	55.0151
			*CONTROL_POS_SAMPLE 1152	25.3841	-16.0438	54.9038
			*CONTROL_POS_SAMPLE 1344	28.2383	-15.8056	54.5137
			*CONTROL_POS_SAMPLE 1536	31.1019	-15.3927	53.9823
			*CONTROL_POS_SAMPLE 1728	34.0822	-14.9231	53.4479
			*CONTROL_POS_SAMPLE 1920	35.5994	-13.4215	52.2769
			*CONTROL_POS_SAMPLE 2112	38.3915	-12.927	52.1294
			*CONTROL_POS_SAMPLE 2304	43.5405	-14.6335	54.3628
			*CONTROL_POS_SAMPLE 2496	48.6763	-16.6526	57.2763
			*CONTROL_POS_SAMPLE 2688	53.9609	-18.3965	60.2887
			*CONTROL_POS_SAMPLE 2880	59.3014	-19.6691	62.9015
			*CONTROL_POS_SAMPLE 3072	64.6187	-20.4287	64.6431
			*CONTROL_POS_SAMPLE 3264	69.831	-20.8116	65.0443
			*CONTROL_POS_SAMPLE 3456	75.0501	-20.6243	63.7383
			*CONTROL_POS_SAMPLE 3648	80.4783	-19.7844	60.936
			*CONTROL_POS_SAMPLE 3840	86.1021	-18.2499	57.3829
			*CONTROL_POS_SAMPLE 4032	91.8578	-16.1298	53.8411
			*CONTROL_POS_SAMPLE 4224	97.601	-13.8167	51.0007
			*CONTROL_POS_SAMPLE 4416	101.797	-14.5114	51.8012
			*CONTROL_POS_SAMPLE 4608	106.678	-15.3793	53.0925
			*CONTROL_POS_SAMPLE 4800	111.858	-15.956	54.1052
			*CONTROL_POS_SAMPLE 4992	117.175	-16.2132	54.6717
		}
		*CONTROL_ROT_TRACK {
			*CONTROL_ROT_SAMPLE 192	-0.76948	-0.122263	0.626859	3.50528
			*CONTROL_ROT_SAMPLE 384	-0.72616	-0.163167	0.667883	3.41333
			*CONTROL_ROT_SAMPLE 576	-0.705748	-0.154366	0.691441	3.42468
			*CONTROL_ROT_SAMPLE 768	0.682416	0.149068	-0.715603	2.85936
			*CONTROL_ROT_SAMPLE 960	0.661976	0.135729	-0.737133	2.85093
			*CONTROL_ROT_SAMPLE 1152	0.640541	0.124566	-0.757754	2.83915
			*CONTROL_ROT_SAMPLE 1344	0.617761	0.116097	-0.777748	2.83383
			*CONTROL_ROT_SAMPLE 1536	0.595338	0.107712	-0.796223	2.83185
			*CONTROL_ROT_SAMPLE 1728	0.575043	0.0996478	-0.812032	2.83353
			*CONTROL_ROT_SAMPLE 1920	0.542067	0.0793457	-0.836581	2.84815
			*CONTROL_ROT_SAMPLE 2112	0.52616	0.0668494	-0.847754	2.84619
			*CONTROL_ROT_SAMPLE 2304	0.54227	0.0681867	-0.837433	2.80082
			*CONTROL_ROT_SAMPLE 2496	0.568063	0.0756544	-0.8195	2.75134
			*CONTROL_ROT_SAMPLE 2688	0.599433	0.087671	-0.795609	2.71176
			*CONTROL_ROT_SAMPLE 2880	0.634343	0.10392	-0.766035	2.6896
			*CONTROL_ROT_SAMPLE 3072	0.670037	0.122343	-0.732176	2.6867
			*CONTROL_ROT_SAMPLE 3264	-0.703274	-0.139826	0.697032	3.58649
			*CONTROL_ROT_SAMPLE 3456	-0.735548	-0.151757	0.660257	3.56596
			*CONTROL_ROT_SAMPLE 3648	-0.767136	-0.15443	0.622619	3.5417
			*CONTROL_ROT_SAMPLE 3840	-0.79516	-0.145459	0.588695	3.52051
			*CONTROL_ROT_SAMPLE 4032	-0.81787	-0.126856	0.561245	3.50407
			*CONTROL_ROT_SAMPLE 4224	-0.834271	-0.104877	0.541288	3.49043
			*CONTROL_ROT_SAMPLE 4416	-0.807502	-0.111155	0.579297	3.4886
			*CONTROL_ROT_SAMPLE 4608	-0.775798	-0.123799	0.618718	3.4734
			*CONTROL_ROT_SAMPLE 4800	-0.740845	-0.135054	0.657959	3.45698
			*CONTROL_ROT_SAMPLE 4992	-0.703314	-0.144555	0.696027	3.44011
		}
	}
}
*HELPEROBJECT {
	*NODE_NAME "Bip01 L Foot"
	*NODE_PARENT "Bip01 L Calf"
	*NODE_TM {
		*NODE_NAME "Bip01 L Foot"
		*TM_ROW0 0.14908	0.224479	-0.963008
		*TM_ROW1 0.0842782	-0.973232	-0.213816
		*TM_ROW2 -0.985227	-0.049285	-0.164008
		*TM_ROW3 16.9413	3.54542	10.014
		*TM_POS 16.9413	3.54542	10.014
		*TM_ROTAXIS -0.75715	-0.10225	0.645189
		*TM_ROTANGLE 3.25046
		*TM_SCALE 1	1	1
		*TM_SCALEAXIS 0	0	0
		*TM_SCALEAXISANG 0	0	0
	}
	*TM_ANIMATION {
		*NODE_NAME "Bip01 L Foot"
		*CONTROL_POS_TRACK {
			*CONTROL_POS_SAMPLE 192	16.9413	3.54542	10.014
			*CONTROL_POS_SAMPLE 384	17.598	3.89544	9.63739
			*CONTROL_POS_SAMPLE 576	17.6843	3.60041	9.75295
			*CONTROL_POS_SAMPLE 768	17.7937	3.33128	9.8486
			*CONTROL_POS_SAMPLE 960	17.8222	2.97431	10.014
			*CONTROL_POS_SAMPLE 1152	17.8893	2.6946	10.1457
			*CONTROL_POS_SAMPLE 1344	18.0413	2.63882	10.1695
			*CONTROL_POS_SAMPLE 1536	18.3157	2.67027	10.1551
			*CONTROL_POS_SAMPLE 1728	19.0023	2.65992	10.158
			*CONTROL_POS_SAMPLE 1920	16.8372	2.59245	9.82554
			*CONTROL_POS_SAMPLE 2112	18.0165	2.56948	10.233
			*CONTROL_POS_SAMPLE 2304	25.3108	2.63441	12.1718
			*CONTROL_POS_SAMPLE 2496	33.7661	2.71531	14.6952
			*CONTROL_POS_SAMPLE 2688	43.0082	2.80739	17.3817
			*CONTROL_POS_SAMPLE 2880	52.6632	2.90585	19.8099
			*CONTROL_POS_SAMPLE 3072	62.3571	3.00592	21.5585
			*CONTROL_POS_SAMPLE 3264	71.7158	3.10281	22.2059
			*CONTROL_POS_SAMPLE 3456	81.078	3.19821	21.2326
			*CONTROL_POS_SAMPLE 3648	90.7641	3.2965	18.8402
			*CONTROL_POS_SAMPLE 3840	100.372	3.39679	15.6891
			*CONTROL_POS_SAMPLE 4032	109.5	3.49826	12.4399
			*CONTROL_POS_SAMPLE 4224	117.747	3.60001	9.75299
			*CONTROL_POS_SAMPLE 4416	117.747	3.71253	9.09204
			*CONTROL_POS_SAMPLE 4608	117.747	3.69	9.22422
			*CONTROL_POS_SAMPLE 4800	117.747	3.64687	9.47759
			*CONTROL_POS_SAMPLE 4992	117.747	3.60001	9.753
		}
		*CONTROL_ROT_TRACK {
			*CONTROL_ROT_SAMPLE 192	-0.75715	-0.10225	0.645189	3.25046
			*CONTROL_ROT_SAMPLE 384	-0.758193	-0.0530864	0.649866	3.23286
			*CONTROL_ROT_SAMPLE 576	-0.745938	0.0013534	0.666014	3.18715
			*CONTROL_ROT_SAMPLE 768	-0.732792	0.027215	0.679908	3.20167
			*CONTROL_ROT_SAMPLE 960	-0.717856	0.0441117	0.694793	3.23056
			*CONTROL_ROT_SAMPLE 1152	-0.706137	0.0560896	0.70585	3.25342
			*CONTROL_ROT_SAMPLE 1344	0.704034	-0.0586732	-0.707739	3.02677
			*CONTROL_ROT_SAMPLE 1536	-0.70615	0.0557505	0.705864	3.25275
			*CONTROL_ROT_SAMPLE 1728	-0.706154	0.0556652	0.705867	3.25258
			*CONTROL_ROT_SAMPLE 1920	-0.706219	0.0539323	0.705936	3.24912
			*CONTROL_ROT_SAMPLE 2112	-0.706281	0.0522143	0.706003	3.2457
			*CONTROL_ROT_SAMPLE 2304	-0.70632	0.0511201	0.706044	3.24352
			*CONTROL_ROT_SAMPLE 2496	-0.706355	0.0501176	0.706082	3.24152
			*CONTROL_ROT_SAMPLE 2688	-0.706387	0.0491792	0.706116	3.23965
			*CONTROL_ROT_SAMPLE 2880	-0.706417	0.0482772	0.706148	3.23785
			*CONTROL_ROT_SAMPLE 3072	-0.706446	0.0473839	0.706179	3.23607
			*CONTROL_ROT_SAMPLE 3264	-0.706475	0.0464714	0.706211	3.23425
			*CONTROL_ROT_SAMPLE 3456	-0.706504	0.0455515	0.706242	3.23242
			*CONTROL_ROT_SAMPLE 3648	-0.706532	0.044649	0.706272	3.23062
			*CONTROL_ROT_SAMPLE 3840	-0.706558	0.0437564	0.706301	3.22884
			*CONTROL_ROT_SAMPLE 4032	-0.706585	0.0428662	0.706329	3.22707
			*CONTROL_ROT_SAMPLE 4224	-0.706611	0.0419709	0.706357	3.22528
			*CONTROL_ROT_SAMPLE 4416	-0.706636	0.0410688	0.706384	3.22348
			*CONTROL_ROT_SAMPLE 4608	-0.706661	0.0401622	0.706412	3.22167
			*CONTROL_ROT_SAMPLE 4800	-0.706685	0.039255	0.706438	3.21986
			*CONTROL_ROT_SAMPLE 4992	-0.706709	0.0383477	0.706464	3.21805
		}
	}
}
*HELPEROBJECT {
	*NODE_NAME "Bip01 L Toe0"
	*NODE_PARENT "Bip01 L Foot"
	*NODE_TM {
		*NODE_NAME "Bip01 L Toe0"
		*TM_ROW0 0.0842698	-0.973235	-0.213804
		*TM_ROW1 -0.149074	-0.224466	0.963012
		*TM_ROW2 -0.985229	-0.0492802	-0.164
		*TM_ROW3 20.7321	-15.6578	-6.98728
		*TM_POS 20.7321	-15.6578	-6.98728
		*TM_ROTAXIS -0.66762	0.508765	0.543545
		*TM_ROTANGLE 2.28114
		*TM_SCALE 1	1	1
		*TM_SCALEAXIS 0	0	0
		*TM_SCALEAXISANG 0	0	0
	}
	*TM_ANIMATION {
		*NODE_NAME "Bip01 L Toe0"
		*CONTROL_POS_TRACK {
			*CONTROL_POS_SAMPLE 192	20.7321	-15.6578	-6.98728
			*CONTROL_POS_SAMPLE 384	19.9886	-16.7646	-5.8424
			*CONTROL_POS_SAMPLE 576	18.3825	-18.6624	-3.51574
			*CONTROL_POS_SAMPLE 768	16.9114	-19.2259	-2.9018
			*CONTROL_POS_SAMPLE 960	15.4042	-19.5107	-2.66498
			*CONTROL_POS_SAMPLE 1152	14.3225	-19.6682	-2.47803
			*CONTROL_POS_SAMPLE 1344	14.273	-19.7163	-2.4092
			*CONTROL_POS_SAMPLE 1536	14.7703	-19.696	-2.46861
			*CONTROL_POS_SAMPLE 1728	15.4623	-19.7072	-2.4657
			*CONTROL_POS_SAMPLE 1920	13.4065	-19.7917	-2.79822
			*CONTROL_POS_SAMPLE 2112	14.6944	-19.831	-2.39073
			*CONTROL_POS_SAMPLE 2304	22.0579	-19.7762	-0.451985
			*CONTROL_POS_SAMPLE 2496	30.5765	-19.7044	2.07136
			*CONTROL_POS_SAMPLE 2688	39.878	-19.6207	4.75787
			*CONTROL_POS_SAMPLE 2880	49.5901	-19.5301	7.1861
			*CONTROL_POS_SAMPLE 3072	59.3406	-19.4377	8.93464
			*CONTROL_POS_SAMPLE 3264	68.757	-19.3485	9.58203
			*CONTROL_POS_SAMPLE 3456	78.1776	-19.2607	8.60869
			*CONTROL_POS_SAMPLE 3648	87.9209	-19.1697	6.21627
			*CONTROL_POS_SAMPLE 3840	97.5855	-19.0765	3.06523
			*CONTROL_POS_SAMPLE 4032	106.77	-18.982	-0.183989
			*CONTROL_POS_SAMPLE 4224	115.074	-18.887	-2.87093
			*CONTROL_POS_SAMPLE 4416	115.131	-18.7812	-3.53191
			*CONTROL_POS_SAMPLE 4608	115.189	-18.8104	-3.39974
			*CONTROL_POS_SAMPLE 4800	115.246	-18.86	-3.14638
			*CONTROL_POS_SAMPLE 4992	115.304	-18.9132	-2.87097
		}
		*CONTROL_ROT_TRACK {
			*CONTROL_ROT_SAMPLE 192	-0.66762	0.508765	0.543545	2.28114
			*CONTROL_ROT_SAMPLE 384	-0.633673	0.550744	0.543268	2.25971
			*CONTROL_ROT_SAMPLE 576	0.591	-0.59314	-0.546722	4.08569
			*CONTROL_ROT_SAMPLE 768	0.561423	-0.604715	-0.56491	4.09602
			*CONTROL_ROT_SAMPLE 960	0.53583	-0.605957	-0.587964	4.09611
			*CONTROL_ROT_SAMPLE 1152	0.516526	-0.605617	-0.605333	4.09487
			*CONTROL_ROT_SAMPLE 1344	0.512828	-0.606029	-0.608059	4.09539
			*CONTROL_ROT_SAMPLE 1536	0.516893	-0.60546	-0.605177	4.09545
			*CONTROL_ROT_SAMPLE 1728	0.516986	-0.605421	-0.605138	4.09559
			*CONTROL_ROT_SAMPLE 1920	0.518861	-0.604615	-0.604337	4.09855
			*CONTROL_ROT_SAMPLE 2112	0.520721	-0.603813	-0.603539	4.10149
			*CONTROL_ROT_SAMPLE 2304	0.521906	-0.6033	-0.603029	4.10335
			*CONTROL_ROT_SAMPLE 2496	0.522991	-0.602828	-0.60256	4.10506
			*CONTROL_ROT_SAMPLE 2688	0.524008	-0.602385	-0.60212	4.10666
			*CONTROL_ROT_SAMPLE 2880	0.524985	-0.601958	-0.601695	4.10819
			*CONTROL_ROT_SAMPLE 3072	0.525953	-0.601534	-0.601274	4.10971
			*CONTROL_ROT_SAMPLE 3264	0.526941	-0.6011	-0.600842	4.11126
			*CONTROL_ROT_SAMPLE 3456	0.527938	-0.600662	-0.600405	4.11282
			*CONTROL_ROT_SAMPLE 3648	0.528917	-0.60023	-0.599976	4.11435
			*CONTROL_ROT_SAMPLE 3840	0.529884	-0.599802	-0.59955	4.11587
			*CONTROL_ROT_SAMPLE 4032	0.530849	-0.599373	-0.599125	4.11737
			*CONTROL_ROT_SAMPLE 4224	0.53182	-0.598942	-0.598695	4.11889
			*CONTROL_ROT_SAMPLE 4416	0.532799	-0.598506	-0.598261	4.12042
			*CONTROL_ROT_SAMPLE 4608	0.533782	-0.598066	-0.597824	4.12195
			*CONTROL_ROT_SAMPLE 4800	0.534766	-0.597625	-0.597386	4.12348
			*CONTROL_ROT_SAMPLE 4992	0.53575	-0.597183	-0.596946	4.12501
		}
	}
}
*HELPEROBJECT {
	*NODE_NAME "Bip01 R Thigh"
	*NODE_PARENT "Bip01 Pelvis"
	*NODE_TM {
		*NODE_NAME "Bip01 R Thigh"
		*TM_ROW0 -0.644659	-0.0279177	-0.76396
		*TM_ROW1 -0.542079	-0.687952	0.482568
		*TM_ROW2 -0.539041	0.725219	0.428361
		*TM_ROW3 -2.6395	32.2831	74.9421
		*TM_POS -2.6395	32.2831	74.9421
		*TM_ROTAXIS 0.396867	-0.367866	-0.840935
		*TM_ROTANGLE 2.83091
		*TM_SCALE 1	1	1
		*TM_SCALEAXIS 0	0	0
		*TM_SCALEAXISANG 0	0	0
	}
	*TM_ANIMATION {
		*NODE_NAME "Bip01 R Thigh"
		*CONTROL_POS_TRACK {
			*CONTROL_POS_SAMPLE 192	-2.6395	32.2831	74.9421
			*CONTROL_POS_SAMPLE 384	1.75275	32.2343	75.4865
			*CONTROL_POS_SAMPLE 576	6.14524	32.1854	76.0334
			*CONTROL_POS_SAMPLE 768	10.5377	32.1365	76.579
			*CONTROL_POS_SAMPLE 960	14.9297	32.0876	77.1196
			*CONTROL_POS_SAMPLE 1152	19.321	32.0388	76.8436
			*CONTROL_POS_SAMPLE 1344	23.7114	31.99	76.554
			*CONTROL_POS_SAMPLE 1536	28.1009	31.9413	76.2533
			*CONTROL_POS_SAMPLE 1728	32.4902	31.8925	75.9488
			*CONTROL_POS_SAMPLE 1920	36.8794	31.8436	75.6477
			*CONTROL_POS_SAMPLE 2112	41.269	31.7944	75.3575
			*CONTROL_POS_SAMPLE 2304	45.6589	31.7449	75.6886
			*CONTROL_POS_SAMPLE 2496	49.4533	31.744	76.0277
			*CONTROL_POS_SAMPLE 2688	53.2477	31.743	76.371
			*CONTROL_POS_SAMPLE 2880	57.0421	31.7419	76.7144
			*CONTROL_POS_SAMPLE 3072	60.8366	31.7411	77.054
			*CONTROL_POS_SAMPLE 3264	64.6312	31.7407	76.8723
			*CONTROL_POS_SAMPLE 3456	68.4258	31.7409	76.6536
			*CONTROL_POS_SAMPLE 3648	72.2206	31.7417	76.4391
			*CONTROL_POS_SAMPLE 3840	76.0155	31.7427	76.2722
			*CONTROL_POS_SAMPLE 4032	79.8104	31.7437	76.1965
			*CONTROL_POS_SAMPLE 4224	83.6055	31.7444	76.2425
			*CONTROL_POS_SAMPLE 4416	89.5708	31.7449	76.3864
			*CONTROL_POS_SAMPLE 4608	95.5363	31.7453	76.5868
			*CONTROL_POS_SAMPLE 4800	101.502	31.7456	76.8019
			*CONTROL_POS_SAMPLE 4992	107.467	31.746	76.9903
		}
		*CONTROL_ROT_TRACK {
			*CONTROL_ROT_SAMPLE 192	0.396867	-0.367866	-0.840935	2.83091
			*CONTROL_ROT_SAMPLE 384	0.375258	-0.387286	-0.842135	2.87422
			*CONTROL_ROT_SAMPLE 576	0.357585	-0.471411	-0.806167	3.04901
			*CONTROL_ROT_SAMPLE 768	0.361845	-0.488337	-0.7941	3.05702
			*CONTROL_ROT_SAMPLE 960	0.376998	-0.490002	-0.785984	3.02003
			*CONTROL_ROT_SAMPLE 1152	0.393695	-0.49088	-0.777201	2.97945
			*CONTROL_ROT_SAMPLE 1344	0.413752	-0.489562	-0.767554	2.92978
			*CONTROL_ROT_SAMPLE 1536	0.4344	-0.486323	-0.758147	2.87774
			*CONTROL_ROT_SAMPLE 1728	0.453016	-0.481889	-0.750039	2.82958
			*CONTROL_ROT_SAMPLE 1920	0.467072	-0.477381	-0.744278	2.79139
			*CONTROL_ROT_SAMPLE 2112	0.474033	-0.47415	-0.741939	2.76932
			*CONTROL_ROT_SAMPLE 2304	0.46499	-0.472369	-0.748767	2.78316
			*CONTROL_ROT_SAMPLE 2496	0.44279	-0.47211	-0.762265	2.82787
			*CONTROL_ROT_SAMPLE 2688	0.421738	-0.471444	-0.774518	2.86959
			*CONTROL_ROT_SAMPLE 2880	0.407152	-0.471702	-0.782128	2.89829
			*CONTROL_ROT_SAMPLE 3072	0.39316	-0.472329	-0.788879	2.92562
			*CONTROL_ROT_SAMPLE 3264	0.376058	-0.472202	-0.797249	2.95686
			*CONTROL_ROT_SAMPLE 3456	0.358555	-0.468279	-0.80756	2.98156
			*CONTROL_ROT_SAMPLE 3648	0.341656	-0.462186	-0.818325	3.00007
			*CONTROL_ROT_SAMPLE 3840	0.326428	-0.45686	-0.82748	3.01484
			*CONTROL_ROT_SAMPLE 4032	0.312089	-0.453207	-0.834987	3.02761
			*CONTROL_ROT_SAMPLE 4224	0.302572	-0.454171	-0.837961	3.0385
			*CONTROL_ROT_SAMPLE 4416	0.292383	-0.463092	-0.836695	3.06514
			*CONTROL_ROT_SAMPLE 4608	0.290056	-0.473351	-0.831749	3.07806
			*CONTROL_ROT_SAMPLE 4800	0.298264	-0.477967	-0.826188	3.05882
			*CONTROL_ROT_SAMPLE 4992	0.313566	-0.47962	-0.819537	3.01897
		}
	}
}
*HELPEROBJECT {
	*NODE_NAME "Bip01 R Calf"
	*NODE_PARENT "Bip01 R Thigh"
	*NODE_TM {
		*NODE_NAME "Bip01 R Calf"
		*TM_ROW0 0.347525	0.654764	-0.671201
		*TM_ROW1 -0.767243	-0.212938	-0.604976
		*TM_ROW2 -0.539041	0.725219	0.428361
		*TM_ROW3 -28.0035	31.1847	44.8842
		*TM_POS -28.0035	31.1847	44.8842
		*TM_ROTAXIS 0.68157	-0.0677169	-0.728613
		*TM_ROTANGLE 1.7911
		*TM_SCALE 1	1	1
		*TM_SCALEAXIS 0	0	0
		*TM_SCALEAXISANG 0	0	0
	}
	*TM_ANIMATION {
		*NODE_NAME "Bip01 R Calf"
		*CONTROL_POS_TRACK {
			*CONTROL_POS_SAMPLE 192	-28.0035	31.1847	44.8842
			*CONTROL_POS_SAMPLE 384	-25.31	29.7552	47.0352
			*CONTROL_POS_SAMPLE 576	-22.9908	21.8817	51.683
			*CONTROL_POS_SAMPLE 768	-18.382	20.8958	52.3856
			*CONTROL_POS_SAMPLE 960	-12.9821	21.3549	51.5509
			*CONTROL_POS_SAMPLE 1152	-7.39117	21.8678	49.8062
			*CONTROL_POS_SAMPLE 1344	-1.43375	22.5778	47.7938
			*CONTROL_POS_SAMPLE 1536	4.70983	23.3847	45.7959
			*CONTROL_POS_SAMPLE 1728	10.8041	24.1878	44.0369
			*CONTROL_POS_SAMPLE 1920	16.5684	24.8773	42.6788
			*CONTROL_POS_SAMPLE 2112	21.6958	25.3316	41.8442
			*CONTROL_POS_SAMPLE 2304	25.2878	25.3449	42.642
			*CONTROL_POS_SAMPLE 2496	27.0805	24.9511	44.3839
			*CONTROL_POS_SAMPLE 2688	29.0881	24.5719	46.1567
			*CONTROL_POS_SAMPLE 2880	31.7086	24.2653	47.554
			*CONTROL_POS_SAMPLE 3072	34.428	23.9494	48.949
			*CONTROL_POS_SAMPLE 3264	36.9893	23.6478	50.0683
			*CONTROL_POS_SAMPLE 3456	39.6356	23.6761	51.0783
			*CONTROL_POS_SAMPLE 3648	42.4086	23.9193	51.9837
			*CONTROL_POS_SAMPLE 3840	45.3374	24.1702	52.8302
			*CONTROL_POS_SAMPLE 4032	48.3603	24.3862	53.7293
			*CONTROL_POS_SAMPLE 4224	51.6544	24.3526	54.5052
			*CONTROL_POS_SAMPLE 4416	57.0581	23.6201	55.7727
			*CONTROL_POS_SAMPLE 4608	62.8846	23.03	56.4393
			*CONTROL_POS_SAMPLE 4800	69.2801	23.2343	55.8894
			*CONTROL_POS_SAMPLE 4992	76.126	23.9	54.5364
		}
		*CONTROL_ROT_TRACK {
			*CONTROL_ROT_SAMPLE 192	0.68157	-0.0677169	-0.728613	1.7911
			*CONTROL_ROT_SAMPLE 384	0.699088	-0.0602408	-0.712493	1.73181
			*CONTROL_ROT_SAMPLE 576	0.759533	-0.0613817	-0.647566	1.7755
			*CONTROL_ROT_SAMPLE 768	0.78608	-0.0449112	-0.616491	1.76157
			*CONTROL_ROT_SAMPLE 960	0.803201	-0.0326086	-0.594814	1.75041
			*CONTROL_ROT_SAMPLE 1152	0.814827	-0.03001	-0.578927	1.75516
			*CONTROL_ROT_SAMPLE 1344	0.825045	-0.0303784	-0.56425	1.76407
			*CONTROL_ROT_SAMPLE 1536	0.832586	-0.0342463	-0.552836	1.77578
			*CONTROL_ROT_SAMPLE 1728	0.836842	-0.0413159	-0.545883	1.78868
			*CONTROL_ROT_SAMPLE 1920	0.837691	-0.0504738	-0.543808	1.80108
			*CONTROL_ROT_SAMPLE 2112	0.835242	-0.0601405	-0.546584	1.81128
			*CONTROL_ROT_SAMPLE 2304	0.821169	-0.0751513	-0.565715	1.82472
			*CONTROL_ROT_SAMPLE 2496	0.798895	-0.0909424	-0.594555	1.8384
			*CONTROL_ROT_SAMPLE 2688	0.775478	-0.107919	-0.622083	1.85608
			*CONTROL_ROT_SAMPLE 2880	0.756735	-0.123914	-0.64187	1.87676
			*CONTROL_ROT_SAMPLE 3072	0.738009	-0.140122	-0.660082	1.89971
			*CONTROL_ROT_SAMPLE 3264	0.717904	-0.154425	-0.678798	1.91774
			*CONTROL_ROT_SAMPLE 3456	0.693298	-0.169414	-0.700455	1.93594
			*CONTROL_ROT_SAMPLE 3648	0.665746	-0.185054	-0.722868	1.95717
			*CONTROL_ROT_SAMPLE 3840	0.638011	-0.201758	-0.743125	1.98512
			*CONTROL_ROT_SAMPLE 4032	0.603595	-0.226583	-0.764417	2.04002
			*CONTROL_ROT_SAMPLE 4224	0.586716	-0.240498	-0.773256	2.06859
			*CONTROL_ROT_SAMPLE 4416	0.604654	-0.229637	-0.762667	2.01736
			*CONTROL_ROT_SAMPLE 4608	0.642404	-0.204311	-0.73863	1.93376
			*CONTROL_ROT_SAMPLE 4800	0.679301	-0.177059	-0.71218	1.86085
			*CONTROL_ROT_SAMPLE 4992	0.718458	-0.145244	-0.680237	1.79027
		}
	}
}
*HELPEROBJECT {
	*NODE_NAME "Bip01 R Foot"
	*NODE_PARENT "Bip01 R Calf"
	*NODE_TM {
		*NODE_NAME "Bip01 R Foot"
		*TM_ROW0 -0.0326721	0.220384	-0.974866
		*TM_ROW1 -0.953999	-0.29772	-0.0353317
		*TM_ROW2 -0.298024	0.928867	0.219974
		*TM_ROW3 -10.9408	63.3321	11.9298
		*TM_POS -10.9408	63.3321	11.9298
