*3DSMAX_ASCIIEXPORT	110
*COMMENT "This file is part of Gothic Free Aim Copyright (C) 2016-2018  mud-freak (@szapp)"
*COMMENT "<http://github.com/szapp/GothicFreeAim>"
*COMMENT "Animations: second iteration"
*SCENE {
	*SCENE_FILENAME "magIK_FRZ_left.max"
	*SCENE_FIRSTFRAME 1
	*SCENE_LASTFRAME 26
	*SCENE_FRAMESPEED 25
	*SCENE_TICKSPERFRAME 192
	*SCENE_BACKGROUND_STATIC 0	0	0
	*SCENE_AMBIENT_STATIC 0.2	0.2	0.2
}
*HELPEROBJECT {
	*NODE_NAME "Bip01"
	*NODE_TM {
		*NODE_NAME "Bip01"
		*TM_ROW0 0.579139	-0.767593	-0.274589
		*TM_ROW1 0.793888	0.607588	-0.0240664
		*TM_ROW2 0.18531	-0.204055	0.96126
		*TM_ROW3 -20.6701	11.9132	92.5522
		*TM_POS -20.6701	11.9132	92.5522
		*TM_ROTAXIS -0.109902	-0.280817	0.953448
		*TM_ROTANGLE 0.959422
		*TM_SCALE 1	1	1
		*TM_SCALEAXIS 0	0	0
		*TM_SCALEAXISANG 0	0	0
	}
	*TM_ANIMATION {
		*NODE_NAME "Bip01"
		*CONTROL_POS_TRACK {
			*CONTROL_POS_SAMPLE 192	-20.6701	11.9132	92.5522
			*CONTROL_POS_SAMPLE 384	-19.645	13.3472	91.6869
			*CONTROL_POS_SAMPLE 576	-17.8741	14.1872	91.7237
			*CONTROL_POS_SAMPLE 768	-15.4947	14.5376	91.9945
			*CONTROL_POS_SAMPLE 960	-12.644	14.5027	91.8314
			*CONTROL_POS_SAMPLE 1152	-9.4593	14.1868	91.1093
			*CONTROL_POS_SAMPLE 1344	-6.0778	13.6944	90.2056
			*CONTROL_POS_SAMPLE 1536	-2.63681	13.1298	89.207
			*CONTROL_POS_SAMPLE 1728	0.726436	12.5973	88.1998
			*CONTROL_POS_SAMPLE 1920	3.87467	12.2013	87.2707
			*CONTROL_POS_SAMPLE 2112	6.67063	12.0461	86.506
			*CONTROL_POS_SAMPLE 2304	7.6447	11.9132	87.2657
			*CONTROL_POS_SAMPLE 2496	13.0317	11.9014	88.1155
			*CONTROL_POS_SAMPLE 2688	18.7386	11.8955	89.0021
			*CONTROL_POS_SAMPLE 2880	24.6524	11.8942	89.8826
			*CONTROL_POS_SAMPLE 3072	30.6603	11.8961	90.7118
			*CONTROL_POS_SAMPLE 3264	36.6495	11.8999	91.4415
			*CONTROL_POS_SAMPLE 3456	42.5071	11.9042	91.9697
			*CONTROL_POS_SAMPLE 3648	48.1202	11.9078	92.2982
			*CONTROL_POS_SAMPLE 3840	53.3759	11.9093	92.5354
			*CONTROL_POS_SAMPLE 4032	55.9635	11.9111	92.7166
			*CONTROL_POS_SAMPLE 4224	58.0397	11.9132	92.569
			*CONTROL_POS_SAMPLE 4416	62.6549	11.9135	91.8796
			*CONTROL_POS_SAMPLE 4608	68.0189	11.9134	90.9884
			*CONTROL_POS_SAMPLE 4800	73.4604	11.9132	90.3492
			*CONTROL_POS_SAMPLE 4992	79.0652	11.9132	91.1208
		}
		*CONTROL_ROT_TRACK {
			*CONTROL_ROT_SAMPLE 192	-0.109902	-0.280817	0.953448	0.959422
			*CONTROL_ROT_SAMPLE 384	-0.112437	-0.279464	0.95355	0.959718
			*CONTROL_ROT_SAMPLE 576	-0.115298	-0.277933	0.953656	0.960062
			*CONTROL_ROT_SAMPLE 768	-0.117992	-0.276488	0.953746	0.960394
			*CONTROL_ROT_SAMPLE 960	-0.120026	-0.275395	0.953809	0.96065
			*CONTROL_ROT_SAMPLE 1152	-0.120909	-0.27492	0.953834	0.960762
			*CONTROL_ROT_SAMPLE 1344	-0.120304	-0.275096	0.95386	0.960765
			*CONTROL_ROT_SAMPLE 1536	-0.118541	-0.275744	0.953894	0.960702
			*CONTROL_ROT_SAMPLE 1728	-0.116123	-0.276817	0.95388	0.960521
			*CONTROL_ROT_SAMPLE 1920	-0.113555	-0.278267	0.953768	0.960169
			*CONTROL_ROT_SAMPLE 2112	-0.111341	-0.28005	0.953507	0.959589
			*CONTROL_ROT_SAMPLE 2304	-0.108933	-0.283177	0.952861	0.958341
			*CONTROL_ROT_SAMPLE 2496	-0.106177	-0.287485	0.951882	0.956549
			*CONTROL_ROT_SAMPLE 2688	-0.104178	-0.291157	0.950986	0.954981
			*CONTROL_ROT_SAMPLE 2880	-0.104057	-0.292367	0.950628	0.954378
			*CONTROL_ROT_SAMPLE 3072	-0.106118	-0.290664	0.950922	0.954911
			*CONTROL_ROT_SAMPLE 3264	-0.109525	-0.287296	0.951559	0.956091
			*CONTROL_ROT_SAMPLE 3456	-0.113688	-0.282979	0.952365	0.957664
			*CONTROL_ROT_SAMPLE 3648	-0.118025	-0.278427	0.953178	0.959361
			*CONTROL_ROT_SAMPLE 3840	-0.121964	-0.274353	0.953864	0.960898
			*CONTROL_ROT_SAMPLE 4032	-0.121964	-0.274353	0.953864	0.960898
			*CONTROL_ROT_SAMPLE 4224	-0.121964	-0.274353	0.953864	0.960898
			*CONTROL_ROT_SAMPLE 4416	-0.121964	-0.274353	0.953864	0.960898
			*CONTROL_ROT_SAMPLE 4608	-0.121964	-0.274353	0.953864	0.960898
			*CONTROL_ROT_SAMPLE 4800	-0.121964	-0.274353	0.953864	0.960898
			*CONTROL_ROT_SAMPLE 4992	-0.121964	-0.274353	0.953864	0.960898
		}
	}
}
*HELPEROBJECT {
	*NODE_NAME "Bip01 Footsteps"
	*NODE_PARENT "Bip01"
	*NODE_TM {
		*NODE_NAME "Bip01 Footsteps"
		*TM_ROW0 1	0	0
		*TM_ROW1 0	1	0
		*TM_ROW2 0	0	1
		*TM_ROW3 -20.6701	11.9132	-1.76368
		*TM_POS -20.6701	11.9132	-1.76368
		*TM_ROTAXIS 0	0	0
		*TM_ROTANGLE 0
		*TM_SCALE 1	1	1
		*TM_SCALEAXIS 0	0	0
		*TM_SCALEAXISANG 0	0	0
	}
}
*HELPEROBJECT {
	*NODE_NAME "Bip01 Pelvis"
	*NODE_PARENT "Bip01"
	*NODE_TM {
		*NODE_NAME "Bip01 Pelvis"
		*TM_ROW0 0.181996	-0.206589	0.961352
		*TM_ROW1 0.57914	-0.767592	-0.274589
		*TM_ROW2 0.794653	0.606732	-0.0200543
		*TM_ROW3 -22.5841	12.1645	92.9745
		*TM_POS -22.5841	12.1645	92.9745
		*TM_ROTAXIS -0.739098	-0.139798	-0.658932
		*TM_ROTANGLE 3.78037
		*TM_SCALE 1	1	1
		*TM_SCALEAXIS 0	0	0
		*TM_SCALEAXISANG 0	0	0
	}
	*TM_ANIMATION {
		*NODE_NAME "Bip01 Pelvis"
		*CONTROL_POS_TRACK {
			*CONTROL_POS_SAMPLE 192	-22.5841	12.1645	92.9745
			*CONTROL_POS_SAMPLE 384	-21.5597	13.5993	92.1057
			*CONTROL_POS_SAMPLE 576	-19.7896	14.4402	92.1385
			*CONTROL_POS_SAMPLE 768	-17.4109	14.7914	92.4055
			*CONTROL_POS_SAMPLE 960	-14.5607	14.7571	92.2396
			*CONTROL_POS_SAMPLE 1152	-11.3762	14.4415	91.5162
			*CONTROL_POS_SAMPLE 1344	-7.99457	13.9492	90.6132
			*CONTROL_POS_SAMPLE 1536	-4.55313	13.3845	89.6166
			*CONTROL_POS_SAMPLE 1728	-1.18928	12.8516	88.6126
			*CONTROL_POS_SAMPLE 1920	1.95963	12.4547	87.6871
			*CONTROL_POS_SAMPLE 2112	4.75623	12.2978	86.9264
			*CONTROL_POS_SAMPLE 2304	5.7311	12.1612	87.6918
			*CONTROL_POS_SAMPLE 2496	11.1191	12.1438	88.5493
			*CONTROL_POS_SAMPLE 2688	16.8268	12.133	89.4422
			*CONTROL_POS_SAMPLE 2880	22.7407	12.1297	90.3244
			*CONTROL_POS_SAMPLE 3072	28.748	12.1332	91.15
			*CONTROL_POS_SAMPLE 3264	34.7361	12.1406	91.8728
			*CONTROL_POS_SAMPLE 3456	40.5924	12.1497	92.3924
			*CONTROL_POS_SAMPLE 3648	46.2041	12.1583	92.7119
			*CONTROL_POS_SAMPLE 3840	51.4588	12.1643	92.9409
			*CONTROL_POS_SAMPLE 4032	54.0463	12.1661	93.1221
			*CONTROL_POS_SAMPLE 4224	56.1225	12.1682	92.9745
			*CONTROL_POS_SAMPLE 4416	60.7377	12.1685	92.2851
			*CONTROL_POS_SAMPLE 4608	66.1018	12.1684	91.3939
			*CONTROL_POS_SAMPLE 4800	71.5433	12.1682	90.7546
			*CONTROL_POS_SAMPLE 4992	77.148	12.1682	91.5262
		}
		*CONTROL_ROT_TRACK {
			*CONTROL_ROT_SAMPLE 192	-0.739098	-0.139798	-0.658932	3.78037
			*CONTROL_ROT_SAMPLE 384	-0.738263	-0.139365	-0.659959	3.78074
			*CONTROL_ROT_SAMPLE 576	-0.737317	-0.138875	-0.661118	3.78116
			*CONTROL_ROT_SAMPLE 768	-0.736424	-0.138413	-0.66221	3.78156
			*CONTROL_ROT_SAMPLE 960	-0.735748	-0.138063	-0.663033	3.78185
			*CONTROL_ROT_SAMPLE 1152	-0.735454	-0.137912	-0.663391	3.78198
			*CONTROL_ROT_SAMPLE 1344	-0.735624	-0.138004	-0.663183	3.78176
			*CONTROL_ROT_SAMPLE 1536	-0.736148	-0.138283	-0.662544	3.78123
			*CONTROL_ROT_SAMPLE 1728	-0.736903	-0.13868	-0.66162	3.78068
			*CONTROL_ROT_SAMPLE 1920	-0.737769	-0.139126	-0.660561	3.78037
			*CONTROL_ROT_SAMPLE 2112	-0.738624	-0.139552	-0.659515	3.78058
			*CONTROL_ROT_SAMPLE 2304	-0.739798	-0.140107	-0.65808	3.78188
			*CONTROL_ROT_SAMPLE 2496	-0.741285	-0.140797	-0.656257	3.78401
			*CONTROL_ROT_SAMPLE 2688	-0.742471	-0.141338	-0.654798	3.78605
			*CONTROL_ROT_SAMPLE 2880	-0.742745	-0.141446	-0.654464	3.78705
			*CONTROL_ROT_SAMPLE 3072	-0.74195	-0.14105	-0.65545	3.78682
			*CONTROL_ROT_SAMPLE 3264	-0.740519	-0.140351	-0.657216	3.78593
			*CONTROL_ROT_SAMPLE 3456	-0.738719	-0.139478	-0.659424	3.78467
			*CONTROL_ROT_SAMPLE 3648	-0.736823	-0.138561	-0.661735	3.78331
			*CONTROL_ROT_SAMPLE 3840	-0.735103	-0.13773	-0.663818	3.78214
			*CONTROL_ROT_SAMPLE 4032	-0.735103	-0.13773	-0.663818	3.78214
			*CONTROL_ROT_SAMPLE 4224	-0.735103	-0.13773	-0.663818	3.78214
			*CONTROL_ROT_SAMPLE 4416	-0.735103	-0.13773	-0.663818	3.78214
			*CONTROL_ROT_SAMPLE 4608	-0.735103	-0.13773	-0.663818	3.78214
			*CONTROL_ROT_SAMPLE 4800	-0.735103	-0.13773	-0.663818	3.78214
			*CONTROL_ROT_SAMPLE 4992	-0.735103	-0.13773	-0.663818	3.78214
		}
	}
}
*HELPEROBJECT {
	*NODE_NAME "Bip01 Spine"
	*NODE_PARENT "Bip01 Pelvis"
	*NODE_TM {
		*NODE_NAME "Bip01 Spine"
		*TM_ROW0 0.230506	-0.253102	0.939578
		*TM_ROW1 0.562914	-0.752927	-0.340922
		*TM_ROW2 0.793722	0.607486	-0.0310798
		*TM_ROW3 -22.1908	11.7431	95.3068
		*TM_POS -22.1908	11.7431	95.3068
		*TM_ROTAXIS -0.752934	-0.115794	-0.647829
		*TM_ROTANGLE 3.8229
		*TM_SCALE 1	1	1
		*TM_SCALEAXIS 0	0	0
		*TM_SCALEAXISANG 0	0	0
	}
}
*HELPEROBJECT {
	*NODE_NAME "Bip01 Spine1"
	*NODE_PARENT "Bip01 Spine"
	*NODE_TM {
		*NODE_NAME "Bip01 Spine1"
		*TM_ROW0 0.228786	-0.278638	0.932747
		*TM_ROW1 0.543949	-0.758034	-0.359867
		*TM_ROW2 0.807327	0.589699	-0.0218628
		*TM_ROW3 -19.9311	9.26349	104.544
		*TM_POS -19.9311	9.26349	104.544
		*TM_ROTAXIS -0.752097	-0.0993384	-0.651523
		*TM_ROTANGLE 3.82479
		*TM_SCALE 1	1	1
		*TM_SCALEAXIS 0	0	0
		*TM_SCALEAXISANG 0	0	0
	}
}
*HELPEROBJECT {
	*NODE_NAME "Bip01 Spine2"
	*NODE_PARENT "Bip01 Spine1"
	*NODE_TM {
		*NODE_NAME "Bip01 Spine2"
		*TM_ROW0 0.333593	-0.0714816	0.940003
		*TM_ROW1 0.420864	-0.880947	-0.216349
		*TM_ROW2 0.843558	0.467786	-0.263793
		*TM_ROW3 -17.015	5.72079	116.479
		*TM_POS -17.015	5.72079	116.479
		*TM_ROTAXIS -0.806403	-0.113682	-0.580337
		*TM_ROTANGLE 3.57966
		*TM_SCALE 1	1	1
		*TM_SCALEAXIS 0	0	0
		*TM_SCALEAXISANG 0	0	0
	}
}
*HELPEROBJECT {
	*NODE_NAME "Bip01 Neck"
	*NODE_PARENT "Bip01 Spine2"
	*NODE_TM {
		*NODE_NAME "Bip01 Neck"
		*TM_ROW0 0.422248	-0.274211	0.864011
		*TM_ROW1 0.331832	-0.840232	-0.428833
		*TM_ROW2 0.84356	0.467781	-0.263794
		*TM_ROW3 -7.0144	3.58206	144.666
		*TM_POS -7.0144	3.58206	144.666
		*TM_ROTAXIS -0.828345	-0.0188934	-0.559899
		*TM_ROTANGLE 3.71347
		*TM_SCALE 1	1	1
		*TM_SCALEAXIS 0	0	0
		*TM_SCALEAXISANG 0	0	0
	}
}
*HELPEROBJECT {
	*NODE_NAME "Bip01 Head"
	*NODE_PARENT "Bip01 Neck"
	*NODE_TM {
		*NODE_NAME "Bip01 Head"
		*TM_ROW0 0.156309	-0.123429	0.979966
		*TM_ROW1 0.31874	-0.932776	-0.168325
		*TM_ROW2 0.934865	0.338665	-0.106459
		*TM_ROW3 -4.12655	1.70667	150.575
		*TM_POS -4.12655	1.70667	150.575
		*TM_ROTAXIS -0.751954	-0.0668925	-0.655813
		*TM_ROTANGLE 3.48544
		*TM_SCALE 1	1	1
		*TM_SCALEAXIS 0	0	0
		*TM_SCALEAXISANG 0	0	0
	}
}
*HELPEROBJECT {
	*NODE_NAME "zs_Helmet"
	*NODE_PARENT "Bip01 Head"
	*NODE_TM {
		*NODE_NAME "zs_Helmet"
		*TM_ROW0 0.934865	0.338666	-0.106459
		*TM_ROW1 -0.330022	0.939584	0.0909204
		*TM_ROW2 0.130819	-0.0498644	0.990151
		*TM_ROW3 62.907	-100.373	414.489
		*TM_POS 62.907	-100.373	414.489
		*TM_ROTAXIS -0.194623	-0.328017	-0.924406
		*TM_ROTANGLE 0.370075
		*TM_SCALE 1	1	1
		*TM_SCALEAXIS 0	0	0
		*TM_SCALEAXISANG 0	0	0
	}
}
*HELPEROBJECT {
	*NODE_NAME "Bip01 L Clavicle"
	*NODE_PARENT "Bip01 Neck"
	*NODE_TM {
		*NODE_NAME "Bip01 L Clavicle"
		*TM_ROW0 0.838111	0.504188	-0.208242
		*TM_ROW1 -0.459812	0.858352	0.227607
		*TM_ROW2 0.293502	-0.0950072	0.951226
		*TM_ROW3 -3.12524	9.86408	138.053
		*TM_POS -3.12524	9.86408	138.053
		*TM_ROTAXIS -0.284584	-0.442598	-0.850364
		*TM_ROTANGLE 0.602636
		*TM_SCALE 1	1	1
		*TM_SCALEAXIS 0	0	0
		*TM_SCALEAXISANG 0	0	0
	}
}
*HELPEROBJECT {
	*NODE_NAME "Bip01 L UpperArm"
	*NODE_PARENT "Bip01 L Clavicle"
	*NODE_TM {
		*NODE_NAME "Bip01 L UpperArm"
		*TM_ROW0 0.194993	0.468159	-0.861861
		*TM_ROW1 -0.233173	0.875663	0.422901
		*TM_ROW2 0.952685	0.1185	0.27991
		*TM_ROW3 8.04343	16.5829	135.278
		*TM_POS 8.04343	16.5829	135.278
		*TM_ROTAXIS -0.154594	-0.92154	-0.35618
		*TM_ROTANGLE 1.3946
		*TM_SCALE 1	1	1
		*TM_SCALEAXIS 0	0	0
		*TM_SCALEAXISANG 0	0	0
	}
}
*HELPEROBJECT {
	*NODE_NAME "Bip01 L Forearm"
	*NODE_PARENT "Bip01 L UpperArm"
	*NODE_TM {
		*NODE_NAME "Bip01 L Forearm"
		*TM_ROW0 0.300595	-0.230634	-0.925446
		*TM_ROW1 -0.0451084	0.965798	-0.255342
		*TM_ROW2 0.952685	0.1185	0.27991
		*TM_ROW3 13.485	29.6474	111.226
		*TM_POS 13.485	29.6474	111.226
		*TM_ROTAXIS 0.19431	-0.976189	0.0964298
		*TM_ROTANGLE 1.29413
		*TM_SCALE 1	1	1
		*TM_SCALEAXIS 0	0	0
		*TM_SCALEAXISANG 0	0	0
	}
}
*HELPEROBJECT {
	*NODE_NAME "Bip01 L Hand"
	*NODE_PARENT "Bip01 L Forearm"
	*NODE_TM {
		*NODE_NAME "Bip01 L Hand"
		*TM_ROW0 0.212204	-0.432447	-0.876333
		*TM_ROW1 -0.975524	-0.146628	-0.163867
		*TM_ROW2 -0.0576307	0.889657	-0.452978
		*TM_ROW3 21.8464	23.2321	85.4838
		*TM_POS 21.8464	23.2321	85.4838
		*TM_ROTAXIS -0.731346	0.568335	0.376999
		*TM_ROTANGLE 3.94578
		*TM_SCALE 1	1	1
		*TM_SCALEAXIS 0	0	0
		*TM_SCALEAXISANG 0	0	0
	}
}
*HELPEROBJECT {
	*NODE_NAME "Bip01 L Finger0"
	*NODE_PARENT "Bip01 L Hand"
	*NODE_TM {
		*NODE_NAME "Bip01 L Finger0"
		*TM_ROW0 0.212203	-0.432447	-0.876333
		*TM_ROW1 -0.97548	-0.147307	-0.16352
		*TM_ROW2 -0.0583764	0.889545	-0.453103
		*TM_ROW3 24.5774	17.6665	74.2055
		*TM_POS 24.5774	17.6665	74.2055
		*TM_ROTAXIS -0.731421	0.568124	0.377172
		*TM_ROTANGLE 3.94522
		*TM_SCALE 1	1	1
		*TM_SCALEAXIS 0	0	0
		*TM_SCALEAXISANG 0	0	0
	}
}
*HELPEROBJECT {
	*NODE_NAME "zs_LeftHand"
	*NODE_PARENT "Bip01 L Hand"
	*NODE_TM {
		*NODE_NAME "zs_LeftHand"
		*TM_ROW0 -0.113143	0.925707	-0.360923
		*TM_ROW1 0.385517	-0.293895	-0.874644
		*TM_ROW2 -0.915737	-0.238102	-0.323624
		*TM_ROW3 -20.7294	-44.2376	-20.5467
		*TM_POS -20.7294	-44.2376	-20.5467
		*TM_ROTAXIS -0.635017	-0.553485	0.538895
		*TM_ROTANGLE 3.66658
		*TM_SCALE 1	1	1
		*TM_SCALEAXIS 0	0	0
		*TM_SCALEAXISANG 0	0	0
	}
}
*HELPEROBJECT {
	*NODE_NAME "zs_LeftArm"
	*NODE_PARENT "Bip01 L Forearm"
	*NODE_TM {
		*NODE_NAME "zs_LeftArm"
		*TM_ROW0 0.201893	-0.0217754	-0.979166
		*TM_ROW1 -0.0355476	0.998931	-0.0295444
		*TM_ROW2 0.978762	0.0407718	0.200903
		*TM_ROW3 147.394	-194.535	-72.7502
		*TM_POS 147.394	-194.535	-72.7502
		*TM_ROTAXIS 0.0358896	-0.999331	-0.00702937
		*TM_ROTANGLE 1.36856
		*TM_SCALE 1	1	1
		*TM_SCALEAXIS 0	0	0
		*TM_SCALEAXISANG 0	0	0
	}
}
*HELPEROBJECT {
	*NODE_NAME "Bip01 R Clavicle"
	*NODE_PARENT "Bip01 Neck"
	*NODE_TM {
		*NODE_NAME "Bip01 R Clavicle"
		*TM_ROW0 -0.924281	-0.374817	0.0722289
		*TM_ROW1 -0.355484	0.914152	0.194827
		*TM_ROW2 -0.139053	0.154399	-0.978175
		*TM_ROW3 -16.5614	2.41317	142.254
		*TM_POS -16.5614	2.41317	142.254
		*TM_ROTAXIS 0.187184	-0.978238	-0.0895104
		*TM_ROTANGLE 3.24979
		*TM_SCALE 1	1	1
		*TM_SCALEAXIS 0	0	0
		*TM_SCALEAXISANG 0	0	0
	}
}
*HELPEROBJECT {
	*NODE_NAME "Bip01 R UpperArm"
	*NODE_PARENT "Bip01 R Clavicle"
	*NODE_TM {
		*NODE_NAME "Bip01 R UpperArm"
		*TM_ROW0 -0.340155	-0.139477	-0.929968
		*TM_ROW1 -0.31468	0.948808	-0.0272024
		*TM_ROW2 0.886155	0.28339	-0.366632
		*TM_ROW3 -28.8784	-2.58165	143.217
		*TM_POS -28.8784	-2.58165	143.217
		*TM_ROTAXIS 0.167815	-0.981263	-0.0946633
		*TM_ROTANGLE 1.9595
		*TM_SCALE 1	1	1
		*TM_SCALEAXIS 0	0	0
		*TM_SCALEAXISANG 0	0	0
	}
}
*HELPEROBJECT {
	*NODE_NAME "Bip01 R Forearm"
	*NODE_PARENT "Bip01 R UpperArm"
	*NODE_TM {
		*NODE_NAME "Bip01 R Forearm"
		*TM_ROW0 0.291318	-0.955992	-0.034817
		*TM_ROW1 -0.360364	-0.0759535	-0.929714
		*TM_ROW2 0.886155	0.28339	-0.366632
		*TM_ROW3 -38.3708	-6.47394	117.265
		*TM_POS -38.3708	-6.47394	117.265
		*TM_ROTAXIS -0.741771	0.563143	-0.364206
		*TM_ROTANGLE 4.09901
		*TM_SCALE 1	1	1
		*TM_SCALEAXIS 0	0	0
		*TM_SCALEAXISANG 0	0	0
	}
}
*HELPEROBJECT {
	*NODE_NAME "Bip01 R Hand"
	*NODE_PARENT "Bip01 R Forearm"
	*NODE_TM {
		*NODE_NAME "Bip01 R Hand"
		*TM_ROW0 0.289481	-0.956135	-0.0447993
		*TM_ROW1 0.316295	0.0513783	0.947268
		*TM_ROW2 -0.903415	-0.288386	0.317294
		*TM_ROW3 -30.2674	-33.0661	116.296
		*TM_POS -30.2674	-33.0661	116.296
		*TM_ROTAXIS -0.627055	0.43572	0.645717
		*TM_ROTANGLE 1.74256
		*TM_SCALE 1	1	1
		*TM_SCALEAXIS 0	0	0
		*TM_SCALEAXISANG 0	0	0
	}
}
*HELPEROBJECT {
	*NODE_NAME "Bip01 R Finger0"
	*NODE_PARENT "Bip01 R Hand"
	*NODE_TM {
		*NODE_NAME "Bip01 R Finger0"
		*TM_ROW0 0.289488	-0.956133	-0.0447936
		*TM_ROW1 0.315607	0.0511666	0.947509
		*TM_ROW2 -0.903653	-0.28843	0.316575
		*TM_ROW3 -26.5418	-45.3714	115.72
		*TM_POS -26.5418	-45.3714	115.72
		*TM_ROTAXIS -0.62725	0.435879	0.64542
		*TM_ROTANGLE 1.74303
		*TM_SCALE 1	1	1
		*TM_SCALEAXIS 0	0	0
		*TM_SCALEAXISANG 0	0	0
	}
}
*HELPEROBJECT {
	*NODE_NAME "zs_RightHand"
	*NODE_PARENT "Bip01 R Hand"
	*NODE_TM {
		*NODE_NAME "zs_RightHand"
		*TM_ROW0 0.79112	0.257351	-0.554886
		*TM_ROW1 -0.237514	0.965245	0.10904
		*TM_ROW2 0.563663	0.0455295	0.824749
		*TM_ROW3 -108.537	-170.864	249.199
		*TM_POS -108.537	-170.864	249.199
		*TM_ROTAXIS -0.0518548	-0.913268	-0.404045
		*TM_ROTANGLE 0.659078
		*TM_SCALE 1	1	1
		*TM_SCALEAXIS 0	0	0
		*TM_SCALEAXISANG 0	0	0
	}
}
*HELPEROBJECT {
	*NODE_NAME "zs_Crossbow"
	*NODE_PARENT "Bip01 Spine2"
	*NODE_TM {
		*NODE_NAME "zs_Crossbow"
		*TM_ROW0 0.0711295	-0.488995	0.869381
		*TM_ROW1 -0.949231	-0.300946	-0.0916085
		*TM_ROW2 0.306433	-0.818728	-0.485576
		*TM_ROW3 22.6152	9.10836	1497.27
		*TM_POS 22.6152	9.10836	1497.27
		*TM_ROTAXIS -0.707098	0.547448	-0.447563
		*TM_ROTANGLE 2.60157
		*TM_SCALE 1	1	1
		*TM_SCALEAXIS 0	0	0
		*TM_SCALEAXISANG 0	0	0
	}
}
*HELPEROBJECT {
	*NODE_NAME "zs_Longsword"
	*NODE_PARENT "Bip01 Spine2"
	*NODE_TM {
		*NODE_NAME "zs_Longsword"
		*TM_ROW0 -0.0523645	-0.511262	0.857828
		*TM_ROW1 -0.958927	-0.214057	-0.186113
		*TM_ROW2 0.278777	-0.83234	-0.479054
		*TM_ROW3 -114.839	-59.5459	1258.09
		*TM_POS -114.839	-59.5459	1258.09
		*TM_ROTAXIS -0.661862	0.593061	-0.458496
		*TM_ROTANGLE 2.63158
		*TM_SCALE 1	1	1
		*TM_SCALEAXIS 0	0	0
		*TM_SCALEAXISANG 0	0	0
	}
}
*HELPEROBJECT {
	*NODE_NAME "zs_Shield"
	*NODE_PARENT "Bip01 Spine2"
	*NODE_TM {
		*NODE_NAME "zs_Shield"
		*TM_ROW0 -0.453403	0.328273	-0.828651
		*TM_ROW1 -0.887559	-0.0811419	0.453491
		*TM_ROW2 0.0816304	0.941091	0.328152
		*TM_ROW3 75.9832	445.21	435.327
		*TM_POS 75.9832	445.21	435.327
		*TM_ROTAXIS 0.30567	-0.570643	-0.762189
		*TM_ROTANGLE 2.2183
		*TM_SCALE 1	1	1
		*TM_SCALEAXIS 0	0	0
		*TM_SCALEAXISANG 0	0	0
	}
}
*HELPEROBJECT {
	*NODE_NAME "zs_Bow"
	*NODE_PARENT "Bip01 Spine2"
	*NODE_TM {
		*NODE_NAME "zs_Bow"
		*TM_ROW0 0.124264	-0.449478	0.884606
		*TM_ROW1 -0.297754	0.833538	0.465357
		*TM_ROW2 -0.94652	-0.321222	-0.0302558
		*TM_ROW3 -195.171	466.151	319.917
		*TM_POS -195.171	466.151	319.917
		*TM_ROTAXIS -0.393548	0.916165	0.0759118
		*TM_ROTANGLE 1.60703
		*TM_SCALE 1	1	1
		*TM_SCALEAXIS 0	0	0
		*TM_SCALEAXISANG 0	0	0
	}
}
*HELPEROBJECT {
	*NODE_NAME "zs_Sword"
	*NODE_PARENT "Bip01 Spine"
	*NODE_TM {
		*NODE_NAME "zs_Sword"
		*TM_ROW0 0.432049	-0.54001	0.722304
		*TM_ROW1 -0.42662	0.583254	0.691238
		*TM_ROW2 -0.794562	-0.606798	0.0216154
		*TM_ROW3 193.927	247.992	147.166
		*TM_POS 193.927	247.992	147.166
		*TM_ROTAXIS -0.649128	0.758562	0.0567047
		*TM_ROTANGLE 1.55234
		*TM_SCALE 1	1	1
		*TM_SCALEAXIS 0	0	0
		*TM_SCALEAXISANG 0	0	0
	}
}
*HELPEROBJECT {
	*NODE_NAME "Bip01 L Thigh"
	*NODE_PARENT "Bip01 Pelvis"
	*NODE_TM {
		*NODE_NAME "Bip01 L Thigh"
		*TM_ROW0 0.341501	-0.413865	-0.843856
		*TM_ROW1 0.569211	-0.623383	0.53609
		*TM_ROW2 -0.747915	-0.663407	0.0226907
		*TM_ROW3 -15.4241	17.6313	92.7938
		*TM_POS -15.4241	17.6313	92.7938
		*TM_ROTAXIS -0.771954	-0.0617443	0.632673
		*TM_ROTANGLE 2.25183
		*TM_SCALE 1	1	1
		*TM_SCALEAXIS 0	0	0
		*TM_SCALEAXISANG 0	0	0
	}
	*TM_ANIMATION {
		*NODE_NAME "Bip01 L Thigh"
		*CONTROL_POS_TRACK {
			*CONTROL_POS_SAMPLE 192	-15.4241	17.6313	92.7938
			*CONTROL_POS_SAMPLE 384	-14.3954	19.0611	91.9481
			*CONTROL_POS_SAMPLE 576	-12.6204	19.8963	92.007
			*CONTROL_POS_SAMPLE 768	-10.2371	20.2421	92.2987
			*CONTROL_POS_SAMPLE 960	-7.38359	20.2037	92.1514
			*CONTROL_POS_SAMPLE 1152	-4.19764	19.8863	91.4362
			*CONTROL_POS_SAMPLE 1344	-0.816335	19.3943	90.528
			*CONTROL_POS_SAMPLE 1536	2.62349	18.8315	89.5161
			*CONTROL_POS_SAMPLE 1728	5.9843	18.3022	88.4905
			*CONTROL_POS_SAMPLE 1920	9.12855	17.9108	87.5413
			*CONTROL_POS_SAMPLE 2112	11.9187	17.7618	86.7588
			*CONTROL_POS_SAMPLE 2304	12.8812	17.6404	87.4975
			*CONTROL_POS_SAMPLE 2496	18.2517	17.6446	88.3226
			*CONTROL_POS_SAMPLE 2688	23.9441	17.6525	89.1907
			*CONTROL_POS_SAMPLE 2880	29.8527	17.6559	90.069
			*CONTROL_POS_SAMPLE 3072	35.8664	17.652	90.9148
			*CONTROL_POS_SAMPLE 3264	41.8675	17.644	91.6725
			*CONTROL_POS_SAMPLE 3456	47.7403	17.633	92.2353
			*CONTROL_POS_SAMPLE 3648	53.3693	17.6202	92.6002
			*CONTROL_POS_SAMPLE 3840	58.6391	17.607	92.8705
			*CONTROL_POS_SAMPLE 4032	61.2266	17.6087	93.0517
			*CONTROL_POS_SAMPLE 4224	63.3028	17.6108	92.9041
			*CONTROL_POS_SAMPLE 4416	67.918	17.6112	92.2147
			*CONTROL_POS_SAMPLE 4608	73.2821	17.611	91.3235
			*CONTROL_POS_SAMPLE 4800	78.7236	17.6108	90.6842
			*CONTROL_POS_SAMPLE 4992	84.3283	17.6108	91.4558
		}
		*CONTROL_ROT_TRACK {
			*CONTROL_ROT_SAMPLE 192	-0.771954	-0.0617443	0.632673	2.25183
			*CONTROL_ROT_SAMPLE 384	-0.79284	-0.0144899	0.609257	2.17231
			*CONTROL_ROT_SAMPLE 576	-0.818725	0.0284603	0.573481	2.12937
			*CONTROL_ROT_SAMPLE 768	-0.835758	0.0456921	0.547194	2.12772
			*CONTROL_ROT_SAMPLE 960	-0.845052	0.044385	0.532839	2.14397
			*CONTROL_ROT_SAMPLE 1152	-0.854371	0.0433281	0.517855	2.16138
			*CONTROL_ROT_SAMPLE 1344	-0.862496	0.0384526	0.504601	2.18454
			*CONTROL_ROT_SAMPLE 1536	-0.869257	0.0295613	0.493477	2.21314
			*CONTROL_ROT_SAMPLE 1728	-0.874365	0.0158094	0.485012	2.2473
			*CONTROL_ROT_SAMPLE 1920	-0.877163	-0.00512263	0.480165	2.28846
			*CONTROL_ROT_SAMPLE 2112	-0.875155	-0.0419398	0.482022	2.34511
			*CONTROL_ROT_SAMPLE 2304	-0.867911	-0.0606719	0.493001	2.35976
			*CONTROL_ROT_SAMPLE 2496	-0.868192	-0.0189476	0.495866	2.27899
			*CONTROL_ROT_SAMPLE 2688	-0.860484	-0.00501505	0.509453	2.22712
			*CONTROL_ROT_SAMPLE 2880	-0.848945	-0.00273406	0.528473	2.19023
			*CONTROL_ROT_SAMPLE 3072	-0.834278	-0.00764794	0.551291	2.16645
			*CONTROL_ROT_SAMPLE 3264	-0.816917	-0.017334	0.576495	2.15394
			*CONTROL_ROT_SAMPLE 3456	-0.797647	-0.0290656	0.602424	2.14993
			*CONTROL_ROT_SAMPLE 3648	-0.776942	-0.0419684	0.628172	2.15323
			*CONTROL_ROT_SAMPLE 3840	-0.753233	-0.0560704	0.655359	2.16689
			*CONTROL_ROT_SAMPLE 4032	-0.738548	-0.0669342	0.67087	2.17898
			*CONTROL_ROT_SAMPLE 4224	-0.730511	-0.0690704	0.679399	2.17734
			*CONTROL_ROT_SAMPLE 4416	-0.754198	-0.0427854	0.655252	2.14242
			*CONTROL_ROT_SAMPLE 4608	-0.778927	-0.0144867	0.626947	2.11008
			*CONTROL_ROT_SAMPLE 4800	-0.801977	0.00874707	0.59729	2.09068
			*CONTROL_ROT_SAMPLE 4992	-0.815851	0.0099286	0.578176	2.1031
		}
	}
}
*HELPEROBJECT {
	*NODE_NAME "Bip01 L Calf"
	*NODE_PARENT "Bip01 L Thigh"
	*NODE_TM {
		*NODE_NAME "Bip01 L Calf"
		*TM_ROW0 -0.0362407	0.00667711	-0.999321
		*TM_ROW1 0.662805	-0.748229	-0.0290362
		*TM_ROW2 -0.747915	-0.663407	0.0226907
		*TM_ROW3 -1.98781	1.34785	59.5924
		*TM_POS -1.98781	1.34785	59.5924
		*TM_ROTAXIS 0.670126	0.265576	-0.693109
		*TM_ROTANGLE 3.63465
		*TM_SCALE 1	1	1
		*TM_SCALEAXIS 0	0	0
		*TM_SCALEAXISANG 0	0	0
	}
	*TM_ANIMATION {
		*NODE_NAME "Bip01 L Calf"
		*CONTROL_POS_TRACK {
			*CONTROL_POS_SAMPLE 192	-1.98781	1.34785	59.5924
			*CONTROL_POS_SAMPLE 384	2.06738	0.00511487	61.7179
			*CONTROL_POS_SAMPLE 576	6.87817	-0.640473	64.6928
			*CONTROL_POS_SAMPLE 768	10.9745	-0.330508	66.3208
			*CONTROL_POS_SAMPLE 960	14.6131	0.313677	66.2951
			*CONTROL_POS_SAMPLE 1152	18.6055	0.695067	65.751
			*CONTROL_POS_SAMPLE 1344	22.6491	1.10774	64.7794
			*CONTROL_POS_SAMPLE 1536	26.5923	1.66875	63.4593
			*CONTROL_POS_SAMPLE 1728	30.2633	2.53772	61.8441
			*CONTROL_POS_SAMPLE 1920	33.4349	3.97169	59.9203
			*CONTROL_POS_SAMPLE 2112	35.6124	6.65748	57.3765
			*CONTROL_POS_SAMPLE 2304	35.6298	7.51561	57.0343
			*CONTROL_POS_SAMPLE 2496	41.6063	3.89451	59.8004
			*CONTROL_POS_SAMPLE 2688	46.8444	2.04588	61.2618
			*CONTROL_POS_SAMPLE 2880	51.829	0.870751	62.0813
			*CONTROL_POS_SAMPLE 3072	56.541	0.0889896	62.4171
			*CONTROL_POS_SAMPLE 3264	60.9175	-0.425715	62.3706
			*CONTROL_POS_SAMPLE 3456	64.9401	-0.792907	62.0249
			*CONTROL_POS_SAMPLE 3648	68.5414	-1.03163	61.4565
			*CONTROL_POS_SAMPLE 3840	71.4054	-1.13648	60.719
			*CONTROL_POS_SAMPLE 4032	72.4688	-0.997269	60.2577
			*CONTROL_POS_SAMPLE 4224	73.8398	-1.23509	60.0131
			*CONTROL_POS_SAMPLE 4416	81.1198	-2.11458	60.836
			*CONTROL_POS_SAMPLE 4608	89.2079	-2.8834	61.7538
			*CONTROL_POS_SAMPLE 4800	97.0544	-3.19769	62.7736
			*CONTROL_POS_SAMPLE 4992	103.84	-2.47048	63.8141
		}
		*CONTROL_ROT_TRACK {
			*CONTROL_ROT_SAMPLE 192	0.670126	0.265576	-0.693109	3.63465
			*CONTROL_ROT_SAMPLE 384	0.66505	0.27971	-0.692438	3.6115
			*CONTROL_ROT_SAMPLE 576	-0.682141	-0.279723	0.675603	2.66601
			*CONTROL_ROT_SAMPLE 768	-0.705055	-0.270695	0.655456	2.64143
			*CONTROL_ROT_SAMPLE 960	-0.72414	-0.260405	0.6386	2.61589
			*CONTROL_ROT_SAMPLE 1152	-0.742379	-0.251275	0.621075	2.59597
			*CONTROL_ROT_SAMPLE 1344	-0.760764	-0.240673	0.602757	2.5773
			*CONTROL_ROT_SAMPLE 1536	-0.779417	-0.227518	0.583734	2.55876
			*CONTROL_ROT_SAMPLE 1728	-0.798552	-0.210378	0.563964	2.53843
			*CONTROL_ROT_SAMPLE 1920	-0.818685	-0.186766	0.543022	2.51293
			*CONTROL_ROT_SAMPLE 2112	-0.841819	-0.149186	0.518733	2.4729
			*CONTROL_ROT_SAMPLE 2304	-0.841698	-0.142316	0.520856	2.4589
			*CONTROL_ROT_SAMPLE 2496	-0.806248	-0.197047	0.557797	2.50953
			*CONTROL_ROT_SAMPLE 2688	-0.774301	-0.231457	0.58897	2.54197
			*CONTROL_ROT_SAMPLE 2880	-0.743275	-0.256959	0.617669	2.57147
			*CONTROL_ROT_SAMPLE 3072	-0.713386	-0.275848	0.644196	2.60104
			*CONTROL_ROT_SAMPLE 3264	-0.684972	-0.289477	0.668593	2.63047
			*CONTROL_ROT_SAMPLE 3456	0.658108	0.299144	-0.690946	3.62312
			*CONTROL_ROT_SAMPLE 3648	0.633119	0.305439	-0.711244	3.59469
			*CONTROL_ROT_SAMPLE 3840	0.609352	0.3078	-0.730718	3.5658
			*CONTROL_ROT_SAMPLE 4032	0.59687	0.307891	-0.740911	3.55472
			*CONTROL_ROT_SAMPLE 4224	0.586101	0.31045	-0.748402	3.54004
			*CONTROL_ROT_SAMPLE 4416	0.598638	0.314881	-0.736534	3.53909
			*CONTROL_ROT_SAMPLE 4608	0.613923	0.318578	-0.722224	3.5438
			*CONTROL_ROT_SAMPLE 4800	0.633722	0.318815	-0.704807	3.56142
			*CONTROL_ROT_SAMPLE 4992	0.65774	0.310315	-0.686355	3.59853
		}
	}
}
*HELPEROBJECT {
	*NODE_NAME "Bip01 L Foot"
	*NODE_PARENT "Bip01 L Calf"
	*NODE_TM {
		*NODE_NAME "Bip01 L Foot"
		*TM_ROW0 0.0195879	0.00534474	-0.999794
		*TM_ROW1 0.448578	-0.893735	0.00401073
		*TM_ROW2 -0.893529	-0.448564	-0.0199039
		*TM_ROW3 -3.76714	1.67568	10.5281
		*TM_POS -3.76714	1.67568	10.5281
		*TM_ROTAXIS -0.704597	-0.16544	0.690053
		*TM_ROTANGLE 2.81464
		*TM_SCALE 1	1	1
		*TM_SCALEAXIS 0	0	0
		*TM_SCALEAXISANG 0	0	0
	}
	*TM_ANIMATION {
		*NODE_NAME "Bip01 L Foot"
		*CONTROL_POS_TRACK {
			*CONTROL_POS_SAMPLE 192	-3.76714	1.67568	10.5281
			*CONTROL_POS_SAMPLE 384	-0.631411	1.88773	12.7307
			*CONTROL_POS_SAMPLE 576	6.38562	1.86918	15.6618
			*CONTROL_POS_SAMPLE 768	13.7145	1.82952	17.3473
			*CONTROL_POS_SAMPLE 960	20.1601	1.84635	17.5359
			*CONTROL_POS_SAMPLE 1152	26.8258	1.85816	17.3603
			*CONTROL_POS_SAMPLE 1344	33.5894	1.86581	16.9222
			*CONTROL_POS_SAMPLE 1536	40.3289	1.87015	16.3229
			*CONTROL_POS_SAMPLE 1728	46.9223	1.87208	15.6639
			*CONTROL_POS_SAMPLE 1920	53.2475	1.87247	15.0468
			*CONTROL_POS_SAMPLE 2112	59.1824	1.87217	14.573
			*CONTROL_POS_SAMPLE 2304	59.3072	1.8266	14.401
			*CONTROL_POS_SAMPLE 2496	59.6585	1.8076	14.1896
			*CONTROL_POS_SAMPLE 2688	60.049	1.7902	13.9738
			*CONTROL_POS_SAMPLE 2880	60.4555	1.77397	13.7558
			*CONTROL_POS_SAMPLE 3072	60.8545	1.75852	13.5378
			*CONTROL_POS_SAMPLE 3264	61.2226	1.74346	13.3219
			*CONTROL_POS_SAMPLE 3456	61.5364	1.7284	13.1103
			*CONTROL_POS_SAMPLE 3648	61.7726	1.71293	12.9051
			*CONTROL_POS_SAMPLE 3840	61.5045	1.69785	12.7135
			*CONTROL_POS_SAMPLE 4032	61.0127	1.68445	12.5907
			*CONTROL_POS_SAMPLE 4224	60.9985	1.67578	12.7139
			*CONTROL_POS_SAMPLE 4416	69.6684	1.67483	13.2431
			*CONTROL_POS_SAMPLE 4608	79.5614	1.67497	13.8294
			*CONTROL_POS_SAMPLE 4800	89.9437	1.67553	14.4387
			*CONTROL_POS_SAMPLE 4992	100.081	1.67587	15.0364
		}
		*CONTROL_ROT_TRACK {
			*CONTROL_ROT_SAMPLE 192	-0.704597	-0.16544	0.690053	2.81464
			*CONTROL_ROT_SAMPLE 384	-0.703732	-0.181198	0.68697	2.78418
			*CONTROL_ROT_SAMPLE 576	-0.703795	-0.180165	0.687178	2.78617
			*CONTROL_ROT_SAMPLE 768	-0.704002	-0.176629	0.687883	2.793
			*CONTROL_ROT_SAMPLE 960	-0.704029	-0.176151	0.687978	2.79392
			*CONTROL_ROT_SAMPLE 1152	-0.704099	-0.174913	0.688222	2.79631
			*CONTROL_ROT_SAMPLE 1344	-0.704197	-0.17314	0.68857	2.79974
			*CONTROL_ROT_SAMPLE 1536	-0.70431	-0.171059	0.688975	2.80376
			*CONTROL_ROT_SAMPLE 1728	-0.704423	-0.168895	0.689393	2.80795
			*CONTROL_ROT_SAMPLE 1920	-0.704526	-0.166872	0.689781	2.81187
			*CONTROL_ROT_SAMPLE 2112	-0.704608	-0.165216	0.690095	2.81507
			*CONTROL_ROT_SAMPLE 2304	-0.704597	-0.16544	0.690053	2.81464
			*CONTROL_ROT_SAMPLE 2496	-0.704596	-0.165462	0.690049	2.8146
			*CONTROL_ROT_SAMPLE 2688	-0.704595	-0.165472	0.690047	2.81458
			*CONTROL_ROT_SAMPLE 2880	-0.704595	-0.165473	0.690047	2.81457
			*CONTROL_ROT_SAMPLE 3072	-0.704595	-0.165469	0.690048	2.81458
			*CONTROL_ROT_SAMPLE 3264	-0.704596	-0.165462	0.690049	2.8146
			*CONTROL_ROT_SAMPLE 3456	-0.704596	-0.165455	0.69005	2.81461
			*CONTROL_ROT_SAMPLE 3648	-0.704596	-0.165453	0.690051	2.81462
			*CONTROL_ROT_SAMPLE 3840	-0.704596	-0.165449	0.690051	2.81462
			*CONTROL_ROT_SAMPLE 4032	-0.704597	-0.165444	0.690052	2.81463
			*CONTROL_ROT_SAMPLE 4224	-0.704597	-0.16544	0.690053	2.81464
			*CONTROL_ROT_SAMPLE 4416	-0.704597	-0.165439	0.690053	2.81464
			*CONTROL_ROT_SAMPLE 4608	-0.704597	-0.165439	0.690053	2.81464
			*CONTROL_ROT_SAMPLE 4800	-0.704597	-0.16544	0.690053	2.81464
			*CONTROL_ROT_SAMPLE 4992	-0.704597	-0.16544	0.690053	2.81464
		}
	}
}
*HELPEROBJECT {
	*NODE_NAME "Bip01 L Toe0"
	*NODE_PARENT "Bip01 L Foot"
	*NODE_TM {
		*NODE_NAME "Bip01 L Toe0"
		*TM_ROW0 0.448584	-0.893732	0.0039395
		*TM_ROW1 -0.0195529	-0.00540699	0.999794
		*TM_ROW2 -0.893527	-0.448569	-0.0199005
		*TM_ROW3 6.63771	-18.4944	-2.00519
		*TM_POS 6.63771	-18.4944	-2.00519
		*TM_ROTAXIS -0.756308	0.46864	0.45648
		*TM_ROTANGLE 1.86331
		*TM_SCALE 1	1	1
		*TM_SCALEAXIS 0	0	0
		*TM_SCALEAXISANG 0	0	0
	}
	*TM_ANIMATION {
		*NODE_NAME "Bip01 L Toe0"
		*CONTROL_POS_TRACK {
			*CONTROL_POS_SAMPLE 192	6.63771	-18.4944	-2.00519
			*CONTROL_POS_SAMPLE 384	10.6856	-17.8014	0.223093
			*CONTROL_POS_SAMPLE 576	17.6436	-17.8527	3.15248
			*CONTROL_POS_SAMPLE 768	24.7695	-18.0031	4.83194
			*CONTROL_POS_SAMPLE 960	31.1876	-18.001	5.01974
			*CONTROL_POS_SAMPLE 1152	37.7818	-18.0275	4.84214
			*CONTROL_POS_SAMPLE 1344	44.4429	-18.0741	4.40108
			*CONTROL_POS_SAMPLE 1536	51.0617	-18.1329	3.7984
			*CONTROL_POS_SAMPLE 1728	57.5291	-18.1959	3.13598
			*CONTROL_POS_SAMPLE 1920	63.7362	-18.2555	2.5157
			*CONTROL_POS_SAMPLE 2112	69.5741	-18.3045	2.03934
			*CONTROL_POS_SAMPLE 2304	69.7121	-18.3435	1.86771
			*CONTROL_POS_SAMPLE 2496	70.0646	-18.3618	1.65635
			*CONTROL_POS_SAMPLE 2688	70.4558	-18.3789	1.44058
			*CONTROL_POS_SAMPLE 2880	70.8623	-18.3951	1.22255
			*CONTROL_POS_SAMPLE 3072	71.261	-18.4107	1.00451
			*CONTROL_POS_SAMPLE 3264	71.6287	-18.426	0.788588
			*CONTROL_POS_SAMPLE 3456	71.9422	-18.4412	0.576964
			*CONTROL_POS_SAMPLE 3648	72.1782	-18.4568	0.371846
			*CONTROL_POS_SAMPLE 3840	71.91	-18.472	0.180235
			*CONTROL_POS_SAMPLE 4032	71.4178	-18.4855	0.0573691
			*CONTROL_POS_SAMPLE 4224	71.4033	-18.4943	0.180601
			*CONTROL_POS_SAMPLE 4416	80.0732	-18.4953	0.709766
			*CONTROL_POS_SAMPLE 4608	89.9663	-18.4951	1.29611
			*CONTROL_POS_SAMPLE 4800	100.349	-18.4946	1.90534
			*CONTROL_POS_SAMPLE 4992	110.486	-18.4942	2.50311
		}
		*CONTROL_ROT_TRACK {
			*CONTROL_ROT_SAMPLE 192	-0.756308	0.46864	0.45648	1.86331
			*CONTROL_ROT_SAMPLE 384	-0.772432	0.456067	0.441986	1.84531
			*CONTROL_ROT_SAMPLE 576	-0.771385	0.456904	0.442949	1.84647
			*CONTROL_ROT_SAMPLE 768	-0.767788	0.459757	0.446234	1.85046
			*CONTROL_ROT_SAMPLE 960	-0.767301	0.46014	0.446676	1.851
			*CONTROL_ROT_SAMPLE 1152	-0.766038	0.461133	0.44782	1.85241
			*CONTROL_ROT_SAMPLE 1344	-0.764226	0.462549	0.449452	1.85443
			*CONTROL_ROT_SAMPLE 1536	-0.762093	0.464206	0.451362	1.85682
			*CONTROL_ROT_SAMPLE 1728	-0.759869	0.46592	0.45334	1.85931
			*CONTROL_ROT_SAMPLE 1920	-0.757786	0.467515	0.455181	1.86165
			*CONTROL_ROT_SAMPLE 2112	-0.756078	0.468815	0.456682	1.86357
			*CONTROL_ROT_SAMPLE 2304	-0.756308	0.46864	0.45648	1.86331
			*CONTROL_ROT_SAMPLE 2496	-0.756331	0.468623	0.45646	1.86329
			*CONTROL_ROT_SAMPLE 2688	-0.756342	0.468615	0.456451	1.86327
			*CONTROL_ROT_SAMPLE 2880	-0.756343	0.468614	0.45645	1.86327
			*CONTROL_ROT_SAMPLE 3072	-0.756338	0.468617	0.456454	1.86328
			*CONTROL_ROT_SAMPLE 3264	-0.756331	0.468623	0.45646	1.86329
			*CONTROL_ROT_SAMPLE 3456	-0.756324	0.468628	0.456466	1.86329
			*CONTROL_ROT_SAMPLE 3648	-0.756322	0.46863	0.456468	1.8633
			*CONTROL_ROT_SAMPLE 3840	-0.756318	0.468633	0.456471	1.8633
			*CONTROL_ROT_SAMPLE 4032	-0.756313	0.468637	0.456476	1.86331
			*CONTROL_ROT_SAMPLE 4224	-0.756308	0.46864	0.45648	1.86331
			*CONTROL_ROT_SAMPLE 4416	-0.756308	0.468641	0.456481	1.86331
			*CONTROL_ROT_SAMPLE 4608	-0.756308	0.46864	0.45648	1.86331
			*CONTROL_ROT_SAMPLE 4800	-0.756308	0.46864	0.45648	1.86331
			*CONTROL_ROT_SAMPLE 4992	-0.756308	0.46864	0.45648	1.86331
		}
	}
}
*HELPEROBJECT {
	*NODE_NAME "Bip01 R Thigh"
	*NODE_PARENT "Bip01 Pelvis"
	*NODE_TM {
		*NODE_NAME "Bip01 R Thigh"
		*TM_ROW0 -0.153016	-0.193958	-0.969003
		*TM_ROW1 0.00115661	-0.980585	0.196093
		*TM_ROW2 -0.988223	0.0288846	0.150269
		*TM_ROW3 -29.7441	6.69776	93.1552
		*TM_POS -29.7441	6.69776	93.1552
		*TM_ROTAXIS 0.648906	-0.07459	-0.757203
		*TM_ROTANGLE 3.27079
		*TM_SCALE 1	1	1
		*TM_SCALEAXIS 0	0	0
		*TM_SCALEAXISANG 0	0	0
	}
	*TM_ANIMATION {
		*NODE_NAME "Bip01 R Thigh"
		*CONTROL_POS_TRACK {
			*CONTROL_POS_SAMPLE 192	-29.7441	6.69776	93.1552
			*CONTROL_POS_SAMPLE 384	-28.7241	8.1375	92.2633
			*CONTROL_POS_SAMPLE 576	-26.9588	8.98405	92.2699
			*CONTROL_POS_SAMPLE 768	-24.5846	9.34065	92.5123
			*CONTROL_POS_SAMPLE 960	-21.7378	9.31048	92.3278
			*CONTROL_POS_SAMPLE 1152	-18.5548	8.99671	91.5963
			*CONTROL_POS_SAMPLE 1344	-15.1728	8.504	90.6984
			*CONTROL_POS_SAMPLE 1536	-11.7298	7.93748	89.7172
			*CONTROL_POS_SAMPLE 1728	-8.36286	7.40104	88.7347
			*CONTROL_POS_SAMPLE 1920	-5.20928	6.99855	87.8329
			*CONTROL_POS_SAMPLE 2112	-2.40625	6.83387	87.094
			*CONTROL_POS_SAMPLE 2304	-1.41903	6.68194	87.8862
			*CONTROL_POS_SAMPLE 2496	3.98653	6.64301	88.776
			*CONTROL_POS_SAMPLE 2688	9.70948	6.61347	89.6936
			*CONTROL_POS_SAMPLE 2880	15.6288	6.60346	90.5798
			*CONTROL_POS_SAMPLE 3072	21.6297	6.61438	91.3852
			*CONTROL_POS_SAMPLE 3264	27.6047	6.63722	92.0732
			*CONTROL_POS_SAMPLE 3456	33.4444	6.66645	92.5495
			*CONTROL_POS_SAMPLE 3648	39.039	6.69649	92.8236
			*CONTROL_POS_SAMPLE 3840	44.2785	6.72169	93.0113
			*CONTROL_POS_SAMPLE 4032	46.866	6.72343	93.1925
			*CONTROL_POS_SAMPLE 4224	48.9422	6.72555	93.0449
			*CONTROL_POS_SAMPLE 4416	53.5574	6.72589	92.3555
			*CONTROL_POS_SAMPLE 4608	58.9215	6.72572	91.4643
			*CONTROL_POS_SAMPLE 4800	64.363	6.72555	90.8251
			*CONTROL_POS_SAMPLE 4992	69.9677	6.72555	91.5966
		}
		*CONTROL_ROT_TRACK {
			*CONTROL_ROT_SAMPLE 192	0.648906	-0.07459	-0.757203	3.27079
			*CONTROL_ROT_SAMPLE 384	0.625669	-0.123149	-0.770307	3.21841
			*CONTROL_ROT_SAMPLE 576	0.618365	-0.121736	-0.776406	3.20215
			*CONTROL_ROT_SAMPLE 768	0.612198	-0.10845	-0.783232	3.18981
			*CONTROL_ROT_SAMPLE 960	0.600087	-0.100419	-0.793607	3.1825
			*CONTROL_ROT_SAMPLE 1152	0.584023	-0.0925981	-0.806438	3.17932
			*CONTROL_ROT_SAMPLE 1344	0.566406	-0.0815909	-0.820078	3.16898
			*CONTROL_ROT_SAMPLE 1536	0.548708	-0.0682954	-0.83322	3.15153
			*CONTROL_ROT_SAMPLE 1728	0.532323	-0.0544333	-0.844789	3.1303
			*CONTROL_ROT_SAMPLE 1920	0.518524	-0.0431991	-0.853971	3.11462
			*CONTROL_ROT_SAMPLE 2112	0.508511	-0.039549	-0.860147	3.12141
			*CONTROL_ROT_SAMPLE 2304	0.513134	-0.0378115	-0.857475	3.1254
			*CONTROL_ROT_SAMPLE 2496	0.506385	-0.018999	-0.862098	3.0855
			*CONTROL_ROT_SAMPLE 2688	0.504386	-0.0329471	-0.86285	3.15376
			*CONTROL_ROT_SAMPLE 2880	0.509434	-0.0525829	-0.858902	3.23183
			*CONTROL_ROT_SAMPLE 3072	0.522527	-0.0672686	-0.849965	3.27741
			*CONTROL_ROT_SAMPLE 3264	0.543034	-0.0780084	-0.83608	3.29417
			*CONTROL_ROT_SAMPLE 3456	0.568863	-0.0894067	-0.817558	3.30085
			*CONTROL_ROT_SAMPLE 3648	0.598563	-0.099697	-0.794848	3.29442
			*CONTROL_ROT_SAMPLE 3840	0.630941	-0.10598	-0.768558	3.27143
			*CONTROL_ROT_SAMPLE 4032	0.67392	-0.10875	-0.730756	3.2297
			*CONTROL_ROT_SAMPLE 4224	-0.71607	0.100526	0.690752	3.11232
			*CONTROL_ROT_SAMPLE 4416	0.696316	-0.107489	-0.709641	3.20615
			*CONTROL_ROT_SAMPLE 4608	0.672952	-0.110843	-0.731333	3.24049
			*CONTROL_ROT_SAMPLE 4800	0.64938	-0.106428	-0.75298	3.25974
			*CONTROL_ROT_SAMPLE 4992	0.627535	-0.0830838	-0.774142	3.23065
		}
	}
}
*HELPEROBJECT {
	*NODE_NAME "Bip01 R Calf"
	*NODE_PARENT "Bip01 R Thigh"
	*NODE_TM {
		*NODE_NAME "Bip01 R Calf"
		*TM_ROW0 -0.124031	0.423937	-0.897159
		*TM_ROW1 -0.0896189	-0.905231	-0.415362
		*TM_ROW2 -0.988223	0.0288846	0.150269
		*TM_ROW3 -35.7645	-0.933473	55.03
		*TM_POS -35.7645	-0.933473	55.03
		*TM_ROTAXIS 0.648423	0.132918	-0.749587
		*TM_ROTANGLE 2.79195
		*TM_SCALE 1	1	1
		*TM_SCALEAXIS 0	0	0
		*TM_SCALEAXISANG 0	0	0
	}
	*TM_ANIMATION {
		*NODE_NAME "Bip01 R Calf"
		*CONTROL_POS_TRACK {
			*CONTROL_POS_SAMPLE 192	-35.7645	-0.933473	55.03
			*CONTROL_POS_SAMPLE 384	-37.1944	-0.242483	54.766
			*CONTROL_POS_SAMPLE 576	-36.1702	1.2173	54.8153
			*CONTROL_POS_SAMPLE 768	-34.4091	2.63381	55.0088
			*CONTROL_POS_SAMPLE 960	-32.7251	3.29367	55.0304
			*CONTROL_POS_SAMPLE 1152	-31.0414	3.54588	54.6858
			*CONTROL_POS_SAMPLE 1344	-29.2627	3.98443	54.2421
			*CONTROL_POS_SAMPLE 1536	-27.3813	4.66288	53.7683
			*CONTROL_POS_SAMPLE 1728	-25.4077	5.49648	53.3248
			*CONTROL_POS_SAMPLE 1920	-23.3866	6.14248	52.9493
			*CONTROL_POS_SAMPLE 2112	-21.3973	5.93439	52.6477
			*CONTROL_POS_SAMPLE 2304	-20.0405	5.70143	53.2409
			*CONTROL_POS_SAMPLE 2496	-15.1342	7.78809	54.4088
			*CONTROL_POS_SAMPLE 2688	-9.61412	4.8928	55.4642
			*CONTROL_POS_SAMPLE 2880	-3.17569	1.45467	56.4053
			*CONTROL_POS_SAMPLE 3072	4.03321	-0.666789	56.9561
			*CONTROL_POS_SAMPLE 3264	11.7866	-1.67643	57.0206
			*CONTROL_POS_SAMPLE 3456	19.9007	-2.41164	56.742
			*CONTROL_POS_SAMPLE 3648	28.1812	-2.73284	56.201
			*CONTROL_POS_SAMPLE 3840	36.4583	-2.43295	55.554
			*CONTROL_POS_SAMPLE 4032	43.3428	-1.56225	54.8917
			*CONTROL_POS_SAMPLE 4224	49.9542	0.267056	54.247
			*CONTROL_POS_SAMPLE 4416	52.4079	-0.958882	53.7856
			*CONTROL_POS_SAMPLE 4608	55.3176	-1.97075	53.2622
			*CONTROL_POS_SAMPLE 4800	58.3597	-2.18596	52.9759
			*CONTROL_POS_SAMPLE 4992	61.7054	-0.0781314	53.7356
		}
		*CONTROL_ROT_TRACK {
			*CONTROL_ROT_SAMPLE 192	0.648423	0.132918	-0.749587	2.79195
			*CONTROL_ROT_SAMPLE 384	0.646234	0.0897371	-0.757845	2.70857
			*CONTROL_ROT_SAMPLE 576	0.640059	0.0822191	-0.763914	2.70416
			*CONTROL_ROT_SAMPLE 768	0.630568	0.0791033	-0.772093	2.7216
			*CONTROL_ROT_SAMPLE 960	0.616833	0.0725391	-0.783744	2.73517
			*CONTROL_ROT_SAMPLE 1152	0.599206	0.0682666	-0.797679	2.74415
			*CONTROL_ROT_SAMPLE 1344	0.579466	0.0627281	-0.812578	2.75862
			*CONTROL_ROT_SAMPLE 1536	0.559322	0.0562067	-0.827043	2.77917
			*CONTROL_ROT_SAMPLE 1728	0.540533	0.0497369	-0.839851	2.80375
			*CONTROL_ROT_SAMPLE 1920	0.524873	0.045505	-0.849963	2.82544
			*CONTROL_ROT_SAMPLE 2112	0.514072	0.047073	-0.856454	2.83124
			*CONTROL_ROT_SAMPLE 2304	0.518213	0.0498721	-0.853796	2.83516
			*CONTROL_ROT_SAMPLE 2496	0.509154	0.0403738	-0.859728	2.88462
			*CONTROL_ROT_SAMPLE 2688	0.507754	0.0584411	-0.859518	2.84382
			*CONTROL_ROT_SAMPLE 2880	0.513426	0.0802808	-0.85437	2.78921
			*CONTROL_ROT_SAMPLE 3072	0.526974	0.0964365	-0.844392	2.75261
			*CONTROL_ROT_SAMPLE 3264	0.548212	0.107957	-0.829342	2.73108
			*CONTROL_ROT_SAMPLE 3456	0.575252	0.119427	-0.809211	2.71207
			*CONTROL_ROT_SAMPLE 3648	0.606501	0.12944	-0.784475	2.69902
			*CONTROL_ROT_SAMPLE 3840	0.640354	0.135771	-0.755985	2.69632
			*CONTROL_ROT_SAMPLE 4032	0.684498	0.139603	-0.715523	2.70455
			*CONTROL_ROT_SAMPLE 4224	-0.726353	-0.134802	0.673973	3.5552
			*CONTROL_ROT_SAMPLE 4416	-0.706704	-0.142964	0.692914	3.57448
			*CONTROL_ROT_SAMPLE 4608	0.682855	0.148527	-0.715297	2.69133
			*CONTROL_ROT_SAMPLE 4800	0.658053	0.147081	-0.738467	2.68634
			*CONTROL_ROT_SAMPLE 4992	0.633916	0.12737	-0.762842	2.72165
		}
	}
}
*HELPEROBJECT {
	*NODE_NAME "Bip01 R Foot"
	*NODE_PARENT "Bip01 R Calf"
	*NODE_TM {
		*NODE_NAME "Bip01 R Foot"
		*TM_ROW0 0.0308103	-0.0302853	-0.999066
