*3DSMAX_ASCIIEXPORT	110
*COMMENT "This file is part of Gothic Free Aim Copyright (C) 2016-2018  mud-freak (@szapp)"
*COMMENT "<http://github.com/szapp/GothicFreeAim>"
*COMMENT "Animations: second iteration"
*SCENE {
	*SCENE_FILENAME "cbowIK_left.max"
	*SCENE_FIRSTFRAME 1
	*SCENE_LASTFRAME 26
	*SCENE_FRAMESPEED 25
	*SCENE_TICKSPERFRAME 192
	*SCENE_BACKGROUND_STATIC 0	0	0
	*SCENE_AMBIENT_STATIC 0.2	0.2	0.2
}
*HELPEROBJECT {
	*NODE_NAME "Bip01"
	*NODE_TM {
		*NODE_NAME "Bip01"
		*TM_ROW0 -0.223483	-0.973914	-0.0393292
		*TM_ROW1 0.974662	-0.222899	-0.0187185
		*TM_ROW2 0.00946376	-0.0425159	0.999051
		*TM_ROW3 94.7279	6.59634	95.3044
		*TM_POS 94.7279	6.59634	95.3044
		*TM_ROTAXIS -0.012208	-0.0250306	0.999612
		*TM_ROTANGLE 1.79637
		*TM_SCALE 1	1	1
		*TM_SCALEAXIS 0	0	0
		*TM_SCALEAXISANG 0	0	0
	}
	*TM_ANIMATION {
		*NODE_NAME "Bip01"
		*CONTROL_POS_TRACK {
			*CONTROL_POS_SAMPLE 192	-5.98919	6.59634	95.9329
			*CONTROL_POS_SAMPLE 384	-3.11935	6.59634	95.3133
			*CONTROL_POS_SAMPLE 576	-0.249502	6.59634	95.1845
			*CONTROL_POS_SAMPLE 768	2.62034	6.59634	95.1896
			*CONTROL_POS_SAMPLE 960	5.49019	6.59634	94.9718
			*CONTROL_POS_SAMPLE 1152	8.36003	6.59634	94.3084
			*CONTROL_POS_SAMPLE 1344	11.2299	6.59634	93.4323
			*CONTROL_POS_SAMPLE 1536	14.0997	6.59634	92.6695
			*CONTROL_POS_SAMPLE 1728	16.9696	6.59634	92.346
			*CONTROL_POS_SAMPLE 1920	21.4128	6.59634	92.7417
			*CONTROL_POS_SAMPLE 2112	25.828	6.59634	93.6183
			*CONTROL_POS_SAMPLE 2304	30.2246	6.59634	94.5248
			*CONTROL_POS_SAMPLE 2496	34.6119	6.59634	95.0102
			*CONTROL_POS_SAMPLE 2688	38.9992	6.59634	94.9243
			*CONTROL_POS_SAMPLE 2880	43.3958	6.59634	94.5411
			*CONTROL_POS_SAMPLE 3072	47.811	6.59634	94.0466
			*CONTROL_POS_SAMPLE 3264	52.2542	6.59634	93.6267
			*CONTROL_POS_SAMPLE 3456	56.7347	6.59634	93.4672
			*CONTROL_POS_SAMPLE 3648	61.2617	6.59634	93.6864
			*CONTROL_POS_SAMPLE 3840	65.8447	6.59634	94.1721
			*CONTROL_POS_SAMPLE 4032	70.493	6.59634	94.7643
			*CONTROL_POS_SAMPLE 4224	75.5657	6.59634	95.3032
			*CONTROL_POS_SAMPLE 4416	81.1213	6.59634	95.3037
			*CONTROL_POS_SAMPLE 4608	86.7176	6.59634	95.3041
			*CONTROL_POS_SAMPLE 4800	91.9127	6.59634	95.3043
			*CONTROL_POS_SAMPLE 4992	94.7279	6.59634	95.3044
		}
		*CONTROL_ROT_TRACK {
			*CONTROL_ROT_SAMPLE 192	-0.012208	-0.0250306	0.999612	1.79637
			*CONTROL_ROT_SAMPLE 384	-0.0125986	-0.0258316	0.999587	1.80438
			*CONTROL_ROT_SAMPLE 576	-0.0129236	-0.0264979	0.999565	1.81108
			*CONTROL_ROT_SAMPLE 768	-0.013188	-0.02704	0.999547	1.81656
			*CONTROL_ROT_SAMPLE 960	-0.0133966	-0.0274676	0.999533	1.8209
			*CONTROL_ROT_SAMPLE 1152	-0.0135539	-0.0277901	0.999522	1.82418
			*CONTROL_ROT_SAMPLE 1344	-0.0136642	-0.0280164	0.999514	1.82649
			*CONTROL_ROT_SAMPLE 1536	-0.013732	-0.0281553	0.999509	1.82791
			*CONTROL_ROT_SAMPLE 1728	-0.0137612	-0.0282152	0.999507	1.82852
			*CONTROL_ROT_SAMPLE 1920	-0.0137559	-0.0282043	0.999508	1.82841
			*CONTROL_ROT_SAMPLE 2112	-0.01372	-0.0281308	0.99951	1.82766
			*CONTROL_ROT_SAMPLE 2304	-0.0136576	-0.0280028	0.999515	1.82635
			*CONTROL_ROT_SAMPLE 2496	-0.0135725	-0.0278283	0.999521	1.82457
			*CONTROL_ROT_SAMPLE 2688	-0.0134686	-0.0276153	0.999528	1.8224
			*CONTROL_ROT_SAMPLE 2880	-0.0133498	-0.0273718	0.999536	1.81993
			*CONTROL_ROT_SAMPLE 3072	-0.0132202	-0.0271059	0.999545	1.81723
			*CONTROL_ROT_SAMPLE 3264	-0.0130835	-0.0268256	0.999555	1.81439
			*CONTROL_ROT_SAMPLE 3456	-0.0129438	-0.0265393	0.999564	1.8115
			*CONTROL_ROT_SAMPLE 3648	-0.0128052	-0.026255	0.999573	1.80863
			*CONTROL_ROT_SAMPLE 3840	-0.0126716	-0.0259812	0.999582	1.80588
			*CONTROL_ROT_SAMPLE 4032	-0.0125472	-0.0257262	0.99959	1.80332
			*CONTROL_ROT_SAMPLE 4224	-0.0124362	-0.0254984	0.999597	1.80104
			*CONTROL_ROT_SAMPLE 4416	-0.0123426	-0.0253065	0.999604	1.79912
			*CONTROL_ROT_SAMPLE 4608	-0.0122706	-0.0251589	0.999608	1.79765
			*CONTROL_ROT_SAMPLE 4800	-0.0122243	-0.0250641	0.999611	1.7967
			*CONTROL_ROT_SAMPLE 4992	-0.012208	-0.0250306	0.999612	1.79637
		}
	}
}
*HELPEROBJECT {
	*NODE_NAME "Bip01 Footsteps"
	*NODE_PARENT "Bip01"
	*NODE_TM {
		*NODE_NAME "Bip01 Footsteps"
		*TM_ROW0 1	0	0
		*TM_ROW1 0	1	0
		*TM_ROW2 0	0	1
		*TM_ROW3 94.7279	6.59634	-0.950969
		*TM_POS 94.7279	6.59634	-0.950969
		*TM_ROTAXIS 0	0	0
		*TM_ROTANGLE 0
		*TM_SCALE 1	1	1
		*TM_SCALEAXIS 0	0	0
		*TM_SCALEAXISANG 0	0	0
	}
}
*HELPEROBJECT {
	*NODE_NAME "Bip01 Pelvis"
	*NODE_PARENT "Bip01"
	*NODE_TM {
		*NODE_NAME "Bip01 Pelvis"
		*TM_ROW0 -0.0773238	-0.0225082	0.996752
		*TM_ROW1 -0.223482	-0.973914	-0.0393292
		*TM_ROW2 0.971636	-0.225797	0.0702766
		*TM_ROW3 95.9235	8.33362	95.367
		*TM_POS 95.9235	8.33362	95.367
		*TM_ROTAXIS -0.67732	0.0912295	-0.73001
		*TM_ROTANGLE 3.0035
		*TM_SCALE 1	1	1
		*TM_SCALEAXIS 0	0	0
		*TM_SCALEAXISANG 0	0	0
	}
	*TM_ANIMATION {
		*NODE_NAME "Bip01 Pelvis"
		*CONTROL_POS_TRACK {
			*CONTROL_POS_SAMPLE 192	-4.79364	8.33362	95.9955
			*CONTROL_POS_SAMPLE 384	-1.90994	8.32393	95.3778
			*CONTROL_POS_SAMPLE 576	0.971447	8.31574	95.2506
			*CONTROL_POS_SAMPLE 768	3.85068	8.30898	95.257
			*CONTROL_POS_SAMPLE 960	6.72794	8.30359	95.0402
			*CONTROL_POS_SAMPLE 1152	9.60337	8.29949	94.3776
			*CONTROL_POS_SAMPLE 1344	12.4771	8.2966	93.5021
			*CONTROL_POS_SAMPLE 1536	15.3494	8.29482	92.7396
			*CONTROL_POS_SAMPLE 1728	18.2203	8.29405	92.4163
			*CONTROL_POS_SAMPLE 1920	22.6633	8.29419	92.8119
			*CONTROL_POS_SAMPLE 2112	27.0773	8.29513	93.6883
			*CONTROL_POS_SAMPLE 2304	31.4716	8.29677	94.5945
			*CONTROL_POS_SAMPLE 2496	35.8559	8.29901	95.0796
			*CONTROL_POS_SAMPLE 2688	40.2395	8.30172	94.9931
			*CONTROL_POS_SAMPLE 2880	44.6319	8.3048	94.6094
			*CONTROL_POS_SAMPLE 3072	49.0425	8.30815	94.1142
			*CONTROL_POS_SAMPLE 3264	53.4808	8.31166	93.6936
			*CONTROL_POS_SAMPLE 3456	57.9563	8.31522	93.5334
			*CONTROL_POS_SAMPLE 3648	62.4785	8.31874	93.7519
			*CONTROL_POS_SAMPLE 3840	67.0567	8.3221	94.237
			*CONTROL_POS_SAMPLE 4032	71.7005	8.32522	94.8286
			*CONTROL_POS_SAMPLE 4224	76.7693	8.32798	95.367
			*CONTROL_POS_SAMPLE 4416	82.3216	8.33031	95.367
			*CONTROL_POS_SAMPLE 4608	87.9154	8.33208	95.367
			*CONTROL_POS_SAMPLE 4800	93.1088	8.33322	95.367
			*CONTROL_POS_SAMPLE 4992	95.9235	8.33362	95.367
		}
		*CONTROL_ROT_TRACK {
			*CONTROL_ROT_SAMPLE 192	-0.67732	0.0912295	-0.73001	3.0035
			*CONTROL_ROT_SAMPLE 384	-0.676155	0.0943524	-0.730693	2.99832
			*CONTROL_ROT_SAMPLE 576	-0.675175	0.0969597	-0.731258	2.99398
			*CONTROL_ROT_SAMPLE 768	-0.674371	0.099087	-0.731714	2.99041
			*CONTROL_ROT_SAMPLE 960	-0.673731	0.100769	-0.732073	2.98759
			*CONTROL_ROT_SAMPLE 1152	-0.673247	0.10204	-0.732343	2.98544
			*CONTROL_ROT_SAMPLE 1344	-0.672905	0.102933	-0.732532	2.98393
			*CONTROL_ROT_SAMPLE 1536	-0.672695	0.103481	-0.732648	2.98301
			*CONTROL_ROT_SAMPLE 1728	-0.672604	0.103718	-0.732698	2.9826
			*CONTROL_ROT_SAMPLE 1920	-0.672621	0.103675	-0.732689	2.98268
			*CONTROL_ROT_SAMPLE 2112	-0.672732	0.103385	-0.732628	2.98317
			*CONTROL_ROT_SAMPLE 2304	-0.672926	0.102879	-0.732521	2.98402
			*CONTROL_ROT_SAMPLE 2496	-0.673189	0.102191	-0.732375	2.98519
			*CONTROL_ROT_SAMPLE 2688	-0.67351	0.101351	-0.732197	2.9866
			*CONTROL_ROT_SAMPLE 2880	-0.673875	0.100392	-0.731993	2.98822
			*CONTROL_ROT_SAMPLE 3072	-0.674272	0.0993459	-0.73177	2.98998
			*CONTROL_ROT_SAMPLE 3264	-0.674689	0.0982451	-0.731534	2.99183
			*CONTROL_ROT_SAMPLE 3456	-0.675114	0.0971218	-0.731292	2.99371
			*CONTROL_ROT_SAMPLE 3648	-0.675533	0.0960083	-0.731052	2.99557
			*CONTROL_ROT_SAMPLE 3840	-0.675936	0.094937	-0.73082	2.99735
			*CONTROL_ROT_SAMPLE 4032	-0.676309	0.0939408	-0.730603	2.99901
			*CONTROL_ROT_SAMPLE 4224	-0.676641	0.0930521	-0.73041	3.00048
			*CONTROL_ROT_SAMPLE 4416	-0.67692	0.0923039	-0.730246	3.00172
			*CONTROL_ROT_SAMPLE 4608	-0.677134	0.0917289	-0.73012	3.00268
			*CONTROL_ROT_SAMPLE 4800	-0.677271	0.0913598	-0.730039	3.00329
			*CONTROL_ROT_SAMPLE 4992	-0.67732	0.0912295	-0.73001	3.0035
		}
	}
}
*HELPEROBJECT {
	*NODE_NAME "Bip01 Spine"
	*NODE_PARENT "Bip01 Pelvis"
	*NODE_TM {
		*NODE_NAME "Bip01 Spine"
		*TM_ROW0 0.0614996	0.0199716	0.997907
		*TM_ROW1 -0.587698	-0.807383	0.0523775
		*TM_ROW2 0.80674	-0.589689	-0.0379165
		*TM_ROW3 95.969	8.31708	97.7678
		*TM_POS 95.969	8.31708	97.7678
		*TM_ROTAXIS -0.709886	0.21136	-0.671855
		*TM_ROTANGLE 2.67233
		*TM_SCALE 1	1	1
		*TM_SCALEAXIS 0	0	0
		*TM_SCALEAXISANG 0	0	0
	}
}
*HELPEROBJECT {
	*NODE_NAME "Bip01 Spine1"
	*NODE_PARENT "Bip01 Spine"
	*NODE_TM {
		*NODE_NAME "Bip01 Spine1"
		*TM_ROW0 0.0399068	-0.0650475	0.997084
		*TM_ROW1 -0.769578	-0.638461	-0.0108506
		*TM_ROW2 0.637305	-0.7669	-0.0755381
		*TM_ROW3 96.5812	8.51985	107.575
		*TM_POS 96.5812	8.51985	107.575
		*TM_ROTAXIS -0.690921	0.328786	-0.643839
		*TM_ROTANGLE 2.56266
		*TM_SCALE 1	1	1
		*TM_SCALEAXIS 0	0	0
		*TM_SCALEAXISANG 0	0	0
	}
}
*HELPEROBJECT {
	*NODE_NAME "Bip01 Spine2"
	*NODE_PARENT "Bip01 Spine1"
	*NODE_TM {
		*NODE_NAME "Bip01 Spine2"
		*TM_ROW0 -0.225318	-0.26445	0.937709
		*TM_ROW1 -0.897605	-0.31792	-0.30534
		*TM_ROW2 0.378864	-0.910491	-0.165738
		*TM_ROW3 97.113	7.6955	120.334
		*TM_POS 97.113	7.6955	120.334
		*TM_ROTAXIS -0.582468	0.537898	-0.609423
		*TM_ROTANGLE 2.59536
		*TM_SCALE 1	1	1
		*TM_SCALEAXIS 0	0	0
		*TM_SCALEAXISANG 0	0	0
	}
}
*HELPEROBJECT {
	*NODE_NAME "Bip01 Neck"
	*NODE_PARENT "Bip01 Spine2"
	*NODE_TM {
		*NODE_NAME "Bip01 Neck"
		*TM_ROW0 -0.527762	-0.359674	0.769482
		*TM_ROW1 -0.76022	-0.204054	-0.616789
		*TM_ROW2 0.378858	-0.910493	-0.165739
		*TM_ROW3 90.3612	-0.232654	148.454
		*TM_POS 90.3612	-0.232654	148.454
		*TM_ROTAXIS -0.464802	0.618182	-0.633885
		*TM_ROTANGLE 2.82014
		*TM_SCALE 1	1	1
		*TM_SCALEAXIS 0	0	0
		*TM_SCALEAXISANG 0	0	0
	}
}
*HELPEROBJECT {
	*NODE_NAME "Bip01 Head"
	*NODE_PARENT "Bip01 Neck"
	*NODE_TM {
		*NODE_NAME "Bip01 Head"
		*TM_ROW0 -0.0939628	-0.0912125	0.991389
		*TM_ROW1 -0.253519	-0.960775	-0.112424
		*TM_ROW2 0.962756	-0.2619	0.067153
		*TM_ROW3 86.7517	-2.69254	153.717
		*TM_POS 86.7517	-2.69254	153.717
		*TM_ROTAXIS -0.6718	0.128686	-0.729469
		*TM_ROTANGLE 3.03011
		*TM_SCALE 1	1	1
		*TM_SCALEAXIS 0	0	0
		*TM_SCALEAXISANG 0	0	0
	}
}
*HELPEROBJECT {
	*NODE_NAME "zs_Helmet"
	*NODE_PARENT "Bip01 Head"
	*NODE_TM {
		*NODE_NAME "zs_Helmet"
		*TM_ROW0 0.962756	-0.261899	0.0671531
		*TM_ROW1 0.260109	0.96497	0.0342951
		*TM_ROW2 -0.0737826	-0.0155507	0.997153
		*TM_ROW3 41.9883	-97.7175	424.882
		*TM_POS 41.9883	-97.7175	424.882
		*TM_ROTAXIS -0.0917984	0.259554	0.961356
		*TM_ROTANGLE 0.274947
		*TM_SCALE 1	1	1
		*TM_SCALEAXIS 0	0	0
		*TM_SCALEAXISANG 0	0	0
	}
}
*HELPEROBJECT {
	*NODE_NAME "Bip01 L Clavicle"
	*NODE_PARENT "Bip01 Neck"
	*NODE_TM {
		*NODE_NAME "Bip01 L Clavicle"
		*TM_ROW0 0.181335	-0.883752	-0.431394
		*TM_ROW1 0.964792	0.0748915	0.252125
		*TM_ROW2 -0.190508	-0.461924	0.866217
		*TM_ROW3 96.8024	-5.27972	142.853
		*TM_POS 96.8024	-5.27972	142.853
		*TM_ROTAXIS -0.357696	-0.120669	0.926009
		*TM_ROTANGLE 1.50954
		*TM_SCALE 1	1	1
		*TM_SCALEAXIS 0	0	0
		*TM_SCALEAXISANG 0	0	0
	}
}
*HELPEROBJECT {
	*NODE_NAME "Bip01 L UpperArm"
	*NODE_PARENT "Bip01 L Clavicle"
	*NODE_TM {
		*NODE_NAME "Bip01 L UpperArm"
		*TM_ROW0 0.0116335	0.0272918	-0.99956
		*TM_ROW1 0.999905	0.00714061	0.0118325
		*TM_ROW2 0.00746041	-0.999602	-0.0272061
		*TM_ROW3 99.2188	-17.0566	137.104
		*TM_POS 99.2188	-17.0566	137.104
		*TM_ROTAXIS -0.585607	-0.583051	0.56313
		*TM_ROTANGLE 2.09927
		*TM_SCALE 1	1	1
		*TM_SCALEAXIS 0	0	0
		*TM_SCALEAXISANG 0	0	0
	}
}
*HELPEROBJECT {
	*NODE_NAME "Bip01 L Forearm"
	*NODE_PARENT "Bip01 L UpperArm"
	*NODE_TM {
		*NODE_NAME "Bip01 L Forearm"
		*TM_ROW0 -0.822996	0.00931611	-0.567971
		*TM_ROW1 0.567998	0.0266279	-0.822599
		*TM_ROW2 0.00746043	-0.999602	-0.0272062
		*TM_ROW3 99.5435	-16.295	109.21
		*TM_POS 99.5435	-16.295	109.21
		*TM_ROTAXIS -0.215509	-0.700612	0.680219
		*TM_ROTANGLE 2.71841
		*TM_SCALE 1	1	1
		*TM_SCALEAXIS 0	0	0
		*TM_SCALEAXISANG 0	0	0
	}
}
*HELPEROBJECT {
	*NODE_NAME "Bip01 L Hand"
	*NODE_PARENT "Bip01 L Forearm"
	*NODE_TM {
		*NODE_NAME "Bip01 L Hand"
		*TM_ROW0 -0.80886	0.390363	-0.43973
		*TM_ROW1 -0.502906	-0.0717693	0.861356
		*TM_ROW2 0.304683	0.917859	0.254367
		*TM_ROW3 76.6507	-16.0359	93.4111
		*TM_POS 76.6507	-16.0359	93.4111
		*TM_ROTAXIS 0.0485353	-0.639441	-0.767307
		*TM_ROTANGLE 2.52031
		*TM_SCALE 1	1	1
		*TM_SCALEAXIS 0	0	0
		*TM_SCALEAXISANG 0	0	0
	}
}
*HELPEROBJECT {
	*NODE_NAME "Bip01 L Finger0"
	*NODE_PARENT "Bip01 L Hand"
	*NODE_TM {
		*NODE_NAME "Bip01 L Finger0"
		*TM_ROW0 -0.80886	0.390363	-0.439729
		*TM_ROW1 -0.503138	-0.0724715	0.861162
		*TM_ROW2 0.304298	0.917804	0.255026
		*TM_ROW3 66.2408	-11.0119	87.7518
		*TM_POS 66.2408	-11.0119	87.7518
		*TM_ROTAXIS 0.0486573	-0.639144	-0.767547
		*TM_ROTANGLE 2.52035
		*TM_SCALE 1	1	1
		*TM_SCALEAXIS 0	0	0
		*TM_SCALEAXISANG 0	0	0
	}
}
*HELPEROBJECT {
	*NODE_NAME "zs_LeftHand"
	*NODE_PARENT "Bip01 L Hand"
	*NODE_TM {
		*NODE_NAME "zs_LeftHand"
		*TM_ROW0 0.372704	0.864914	0.336177
		*TM_ROW1 -0.71904	0.498183	-0.484557
		*TM_ROW2 -0.586578	-0.0611282	0.807583
		*TM_ROW3 -52.307	14.4022	100.529
		*TM_POS -52.307	14.4022	100.529
		*TM_ROTAXIS 0.22506	0.490461	-0.8419
		*TM_ROTANGLE 1.22469
		*TM_SCALE 1	1	1
		*TM_SCALEAXIS 0	0	0
		*TM_SCALEAXISANG 0	0	0
	}
}
*HELPEROBJECT {
	*NODE_NAME "zs_LeftArm"
	*NODE_PARENT "Bip01 L Forearm"
	*NODE_TM {
		*NODE_NAME "zs_LeftArm"
		*TM_ROW0 -0.733852	0.0549078	-0.677087
		*TM_ROW1 0.675874	-0.0410971	-0.735871
		*TM_ROW2 -0.0682313	-0.997645	-0.00695155
		*TM_ROW3 -215.619	-68.0188	103.362
		*TM_POS -215.619	-68.0188	103.362
		*TM_ROTAXIS 0.288234	0.670397	-0.683732
		*TM_ROTANGLE 3.61296
		*TM_SCALE 1	1	1
		*TM_SCALEAXIS 0	0	0
		*TM_SCALEAXISANG 0	0	0
	}
}
*HELPEROBJECT {
	*NODE_NAME "Bip01 R Clavicle"
	*NODE_PARENT "Bip01 Neck"
	*NODE_TM {
		*NODE_NAME "Bip01 R Clavicle"
		*TM_ROW0 -0.698356	0.712546	-0.0676534
		*TM_ROW1 0.653407	0.673255	0.346103
		*TM_ROW2 0.292163	0.197498	-0.935754
		*TM_ROW3 90.7678	9.22253	145.492
		*TM_POS 90.7678	9.22253	145.492
		*TM_ROTAXIS -0.377398	-0.91379	-0.150191
		*TM_ROTANGLE 2.94342
		*TM_SCALE 1	1	1
		*TM_SCALEAXIS 0	0	0
		*TM_SCALEAXISANG 0	0	0
	}
}
*HELPEROBJECT {
	*NODE_NAME "Bip01 R UpperArm"
	*NODE_PARENT "Bip01 R Clavicle"
	*NODE_TM {
		*NODE_NAME "Bip01 R UpperArm"
		*TM_ROW0 -0.229334	0.257118	-0.938774
		*TM_ROW1 -0.0677077	0.957929	0.278905
		*TM_ROW2 0.97099	0.127525	-0.202277
		*TM_ROW3 81.4615	18.7179	144.591
		*TM_POS 81.4615	18.7179	144.591
		*TM_ROTAXIS -0.0779066	-0.982845	-0.167169
		*TM_ROTANGLE 1.80991
		*TM_SCALE 1	1	1
		*TM_SCALEAXIS 0	0	0
		*TM_SCALEAXISANG 0	0	0
	}
}
*HELPEROBJECT {
	*NODE_NAME "Bip01 R Forearm"
	*NODE_PARENT "Bip01 R UpperArm"
	*NODE_TM {
		*NODE_NAME "Bip01 R Forearm"
		*TM_ROW0 -0.104317	-0.535271	-0.838214
		*TM_ROW1 -0.215166	0.834998	-0.50644
		*TM_ROW2 0.97099	0.127525	-0.202277
		*TM_ROW3 75.0616	25.8931	118.393
		*TM_POS 75.0616	25.8931	118.393
		*TM_ROTAXIS 0.32618	-0.93085	0.164697
		*TM_ROTANGLE 1.80884
		*TM_SCALE 1	1	1
		*TM_SCALEAXIS 0	0	0
		*TM_SCALEAXISANG 0	0	0
	}
}
*HELPEROBJECT {
	*NODE_NAME "Bip01 R Hand"
	*NODE_PARENT "Bip01 R Forearm"
	*NODE_TM {
		*NODE_NAME "Bip01 R Hand"
		*TM_ROW0 0.49268	-0.854688	0.163628
		*TM_ROW1 -0.477013	-0.107983	0.872238
		*TM_ROW2 -0.727822	-0.507787	-0.460898
		*TM_ROW3 72.1599	11.0038	95.0773
		*TM_POS 72.1599	11.0038	95.0773
		*TM_ROTAXIS -0.818636	0.528812	0.224039
		*TM_ROTANGLE 2.13898
		*TM_SCALE 1	1	1
		*TM_SCALEAXIS 0	0	0
		*TM_SCALEAXISANG 0	0	0
	}
}
*HELPEROBJECT {
	*NODE_NAME "Bip01 R Finger0"
	*NODE_PARENT "Bip01 R Hand"
	*NODE_TM {
		*NODE_NAME "Bip01 R Finger0"
		*TM_ROW0 0.492681	-0.854688	0.163629
		*TM_ROW1 -0.477568	-0.108371	0.871886
		*TM_ROW2 -0.727458	-0.507705	-0.461564
		*TM_ROW3 78.5006	0.00413308	97.1832
		*TM_POS 78.5006	0.00413308	97.1832
		*TM_ROTAXIS -0.818705	0.528807	0.223798
		*TM_ROTANGLE 2.1396
		*TM_SCALE 1	1	1
		*TM_SCALEAXIS 0	0	0
		*TM_SCALEAXISANG 0	0	0
	}
}
*HELPEROBJECT {
	*NODE_NAME "zs_RightHand"
	*NODE_PARENT "Bip01 R Hand"
	*NODE_TM {
		*NODE_NAME "zs_RightHand"
		*TM_ROW0 0.202846	0.88921	0.410073
		*TM_ROW1 -0.845889	0.370084	-0.38407
		*TM_ROW2 -0.49328	-0.268969	0.827243
		*TM_ROW3 96.222	-93.7874	157.097
		*TM_POS 96.222	-93.7874	157.097
		*TM_ROTAXIS 0.058738	0.460999	-0.885455
		*TM_ROTANGLE 1.36935
		*TM_SCALE 1	1	1
		*TM_SCALEAXIS 0	0	0
		*TM_SCALEAXISANG 0	0	0
	}
}
*HELPEROBJECT {
	*NODE_NAME "zs_Crossbow"
	*NODE_PARENT "Bip01 Spine2"
	*NODE_TM {
		*NODE_NAME "zs_Crossbow"
		*TM_ROW0 -0.450049	0.0709542	0.890181
		*TM_ROW1 -0.223706	0.956095	-0.189307
		*TM_ROW2 -0.86453	-0.284337	-0.414417
		*TM_ROW3 60.0602	85.8264	1593.02
		*TM_POS 60.0602	85.8264	1593.02
		*TM_ROTAXIS -0.0533329	0.984788	-0.165371
		*TM_ROTANGLE 2.04225
		*TM_SCALE 1	1	1
		*TM_SCALEAXIS 0	0	0
		*TM_SCALEAXISANG 0	0	0
	}
}
*HELPEROBJECT {
	*NODE_NAME "zs_Longsword"
	*NODE_PARENT "Bip01 Spine2"
	*NODE_TM {
		*NODE_NAME "zs_Longsword"
		*TM_ROW0 -0.596663	0.15745	0.786894
		*TM_ROW1 -0.0689759	0.966873	-0.245763
		*TM_ROW2 -0.799522	-0.200915	-0.566037
		*TM_ROW3 -88.2619	181.763	1239.46
		*TM_POS -88.2619	181.763	1239.46
		*TM_ROTAXIS -0.0279758	-0.98958	0.141241
		*TM_ROTANGLE 4.07149
		*TM_SCALE 1	1	1
		*TM_SCALEAXIS 0	0	0
		*TM_SCALEAXISANG 0	0	0
	}
}
*HELPEROBJECT {
	*NODE_NAME "zs_Shield"
	*NODE_PARENT "Bip01 Spine2"
	*NODE_TM {
		*NODE_NAME "zs_Shield"
		*TM_ROW0 0.471801	0.358208	-0.805662
		*TM_ROW1 -0.0187527	0.917624	0.397006
		*TM_ROW2 0.881506	-0.1722	0.439654
		*TM_ROW3 479.724	-120.916	495.211
		*TM_POS 479.724	-120.916	495.211
		*TM_ROTAXIS -0.31274	-0.926983	-0.207114
		*TM_ROTANGLE 1.14336
		*TM_SCALE 1	1	1
		*TM_SCALEAXIS 0	0	0
		*TM_SCALEAXISANG 0	0	0
	}
}
*HELPEROBJECT {
	*NODE_NAME "zs_Bow"
	*NODE_PARENT "Bip01 Spine2"
	*NODE_TM {
		*NODE_NAME "zs_Bow"
		*TM_ROW0 -0.561411	-0.00881767	0.82749
		*TM_ROW1 0.805731	0.222214	0.549016
		*TM_ROW2 -0.188721	0.974958	-0.117649
		*TM_ROW3 550.053	137.919	371.353
		*TM_POS 550.053	137.919	371.353
		*TM_ROTAXIS -0.310848	-0.741622	-0.59445
		*TM_ROTANGLE 3.89637
		*TM_SCALE 1	1	1
		*TM_SCALEAXIS 0	0	0
		*TM_SCALEAXISANG 0	0	0
	}
}
*HELPEROBJECT {
	*NODE_NAME "zs_Sword"
	*NODE_PARENT "Bip01 Spine"
	*NODE_TM {
		*NODE_NAME "zs_Sword"
		*TM_ROW0 -0.134537	-0.245779	0.959944
		*TM_ROW1 0.575392	0.769321	0.277615
		*TM_ROW2 -0.806736	0.589694	0.0379167
		*TM_ROW3 394.652	-116.076	120.678
		*TM_POS 394.652	-116.076	120.678
		*TM_ROTAXIS 0.158172	0.895412	0.416196
		*TM_ROTANGLE 1.73519
		*TM_SCALE 1	1	1
		*TM_SCALEAXIS 0	0	0
		*TM_SCALEAXISANG 0	0	0
	}
}
*HELPEROBJECT {
	*NODE_NAME "Bip01 L Thigh"
	*NODE_PARENT "Bip01 Pelvis"
	*NODE_TM {
		*NODE_NAME "Bip01 L Thigh"
		*TM_ROW0 -0.0437371	-0.44352	-0.895196
		*TM_ROW1 -0.410204	-0.809065	0.420888
		*TM_ROW2 -0.910945	0.385621	-0.146548
		*TM_ROW3 104.678	6.29913	96.0002
		*TM_POS 104.678	6.29913	96.0002
		*TM_ROTAXIS -0.691409	0.30874	0.653171
		*TM_ROTANGLE 3.11609
		*TM_SCALE 1	1	1
		*TM_SCALEAXIS 0	0	0
		*TM_SCALEAXISANG 0	0	0
	}
	*TM_ANIMATION {
		*NODE_NAME "Bip01 L Thigh"
		*CONTROL_POS_TRACK {
			*CONTROL_POS_SAMPLE 192	3.96101	6.29913	96.6287
			*CONTROL_POS_SAMPLE 384	6.82628	6.21806	96.0319
			*CONTROL_POS_SAMPLE 576	9.69174	6.15022	95.9222
			*CONTROL_POS_SAMPLE 768	12.5576	6.09477	95.9428
			*CONTROL_POS_SAMPLE 960	15.4241	6.05086	95.7372
			*CONTROL_POS_SAMPLE 1152	18.2913	6.01766	95.0831
			*CONTROL_POS_SAMPLE 1344	21.1592	5.9943	94.2135
			*CONTROL_POS_SAMPLE 1536	24.0278	5.97995	93.4546
			*CONTROL_POS_SAMPLE 1728	26.8971	5.97376	93.1329
			*CONTROL_POS_SAMPLE 1920	31.3404	5.97489	93.5282
			*CONTROL_POS_SAMPLE 2112	35.7563	5.98248	94.4027
			*CONTROL_POS_SAMPLE 2304	40.154	5.99571	95.3055
			*CONTROL_POS_SAMPLE 2496	44.5428	6.01372	95.786
			*CONTROL_POS_SAMPLE 2688	48.9319	6.03567	95.6939
			*CONTROL_POS_SAMPLE 2880	53.3305	6.06071	95.3038
			*CONTROL_POS_SAMPLE 3072	57.7478	6.08801	94.8017
			*CONTROL_POS_SAMPLE 3264	62.1931	6.11672	94.3738
			*CONTROL_POS_SAMPLE 3456	66.6756	6.14599	94.2061
			*CONTROL_POS_SAMPLE 3648	71.2047	6.17499	94.4171
			*CONTROL_POS_SAMPLE 3840	75.7894	6.20285	94.895
			*CONTROL_POS_SAMPLE 4032	80.4392	6.22875	95.48
			*CONTROL_POS_SAMPLE 4224	85.5133	6.25184	96.0124
			*CONTROL_POS_SAMPLE 4416	91.07	6.27126	96.0074
			*CONTROL_POS_SAMPLE 4608	96.6672	6.28618	96.0035
			*CONTROL_POS_SAMPLE 4800	101.863	6.29575	96.0011
			*CONTROL_POS_SAMPLE 4992	104.678	6.29913	96.0002
		}
		*CONTROL_ROT_TRACK {
			*CONTROL_ROT_SAMPLE 192	-0.734401	0.177667	0.655049	3.1825
			*CONTROL_ROT_SAMPLE 384	-0.725035	0.241266	0.64507	3.09939
			*CONTROL_ROT_SAMPLE 576	-0.724106	0.278676	0.63088	3.05847
			*CONTROL_ROT_SAMPLE 768	-0.730601	0.288684	0.618776	3.06447
			*CONTROL_ROT_SAMPLE 960	-0.739198	0.292382	0.606711	3.08033
			*CONTROL_ROT_SAMPLE 1152	-0.748928	0.290496	0.595582	3.10316
			*CONTROL_ROT_SAMPLE 1344	-0.762781	0.273821	0.585822	3.14711
			*CONTROL_ROT_SAMPLE 1536	-0.780711	0.239074	0.577351	3.21738
			*CONTROL_ROT_SAMPLE 1728	-0.800224	0.186125	0.570087	3.31022
			*CONTROL_ROT_SAMPLE 1920	-0.785376	0.195289	0.587406	3.29904
			*CONTROL_ROT_SAMPLE 2112	-0.768711	0.203637	0.606312	3.28445
			*CONTROL_ROT_SAMPLE 2304	-0.752824	0.207271	0.624736	3.27643
			*CONTROL_ROT_SAMPLE 2496	-0.734619	0.217222	0.642767	3.25714
			*CONTROL_ROT_SAMPLE 2688	-0.713624	0.234139	0.660242	3.22417
			*CONTROL_ROT_SAMPLE 2880	-0.69156	0.251666	0.677059	3.18932
			*CONTROL_ROT_SAMPLE 3072	0.669194	-0.266214	-0.693765	3.12565
			*CONTROL_ROT_SAMPLE 3264	0.647305	-0.275377	-0.710749	3.14823
			*CONTROL_ROT_SAMPLE 3456	0.625432	-0.275721	-0.72994	3.15663
			*CONTROL_ROT_SAMPLE 3648	0.60744	-0.265319	-0.748747	3.14131
			*CONTROL_ROT_SAMPLE 3840	0.596737	-0.244898	-0.764153	3.0996
			*CONTROL_ROT_SAMPLE 4032	0.601269	-0.267897	-0.752799	3.14742
			*CONTROL_ROT_SAMPLE 4224	0.613659	-0.286842	-0.735625	3.18079
			*CONTROL_ROT_SAMPLE 4416	0.626179	-0.299578	-0.719829	3.19798
			*CONTROL_ROT_SAMPLE 4608	0.641562	-0.307481	-0.702747	3.20171
			*CONTROL_ROT_SAMPLE 4800	0.660484	-0.311566	-0.683145	3.19453
			*CONTROL_ROT_SAMPLE 4992	-0.691409	0.30874	0.653171	3.11609
		}
	}
}
*HELPEROBJECT {
	*NODE_NAME "Bip01 L Calf"
	*NODE_PARENT "Bip01 L Thigh"
	*NODE_TM {
		*NODE_NAME "Bip01 L Calf"
		*TM_ROW0 0.261161	0.26409	-0.928467
		*TM_ROW1 -0.319335	-0.884055	-0.34128
		*TM_ROW2 -0.910945	0.385621	-0.146548
		*TM_ROW3 102.957	-11.1511	60.7788
		*TM_POS 102.957	-11.1511	60.7788
		*TM_ROTAXIS -0.779734	0.0187963	0.625829
		*TM_ROTANGLE 3.62649
		*TM_SCALE 1	1	1
		*TM_SCALEAXIS 0	0	0
		*TM_SCALEAXISANG 0	0	0
	}
	*TM_ANIMATION {
		*NODE_NAME "Bip01 L Calf"
		*CONTROL_POS_TRACK {
			*CONTROL_POS_SAMPLE 192	7.07219	-2.90991	58.5035
			*CONTROL_POS_SAMPLE 384	8.86333	-8.6116	59.6458
			*CONTROL_POS_SAMPLE 576	11.6709	-11.762	60.9472
			*CONTROL_POS_SAMPLE 768	15.2701	-12.353	61.2969
			*CONTROL_POS_SAMPLE 960	19.1099	-12.4017	61.1838
			*CONTROL_POS_SAMPLE 1152	23.0957	-11.9962	60.4358
			*CONTROL_POS_SAMPLE 1344	27.5989	-10.3139	58.9915
			*CONTROL_POS_SAMPLE 1536	32.6891	-6.96629	57.3244
			*CONTROL_POS_SAMPLE 1728	38.1425	-1.89894	56.2604
			*CONTROL_POS_SAMPLE 1920	40.719	-2.39573	56.2456
			*CONTROL_POS_SAMPLE 2112	43.0745	-2.87649	56.7732
			*CONTROL_POS_SAMPLE 2304	45.5607	-2.92294	57.3682
			*CONTROL_POS_SAMPLE 2496	47.7848	-3.58568	57.7681
			*CONTROL_POS_SAMPLE 2688	49.7263	-4.94717	57.9214
			*CONTROL_POS_SAMPLE 2880	51.6428	-6.35595	58.0078
			*CONTROL_POS_SAMPLE 3072	53.6445	-7.49443	58.1044
			*CONTROL_POS_SAMPLE 3264	55.82	-8.09528	58.2432
			*CONTROL_POS_SAMPLE 3456	58.1142	-7.85481	58.4472
			*CONTROL_POS_SAMPLE 3648	60.895	-6.49875	58.6246
			*CONTROL_POS_SAMPLE 3840	64.4879	-4.02964	58.624
			*CONTROL_POS_SAMPLE 4032	69.543	-6.61895	59.924
			*CONTROL_POS_SAMPLE 4224	75.8201	-8.72816	60.9459
			*CONTROL_POS_SAMPLE 4416	82.6174	-10.0746	61.2312
			*CONTROL_POS_SAMPLE 4608	89.753	-10.884	61.2847
			*CONTROL_POS_SAMPLE 4800	96.8764	-11.3083	61.1693
			*CONTROL_POS_SAMPLE 4992	102.957	-11.1511	60.7788
		}
		*CONTROL_ROT_TRACK {
			*CONTROL_ROT_SAMPLE 192	-0.760286	0.0511338	0.647573	3.40453
			*CONTROL_ROT_SAMPLE 384	-0.776442	0.00603178	0.63016	3.50112
			*CONTROL_ROT_SAMPLE 576	-0.791562	-0.0215225	0.61071	3.55238
			*CONTROL_ROT_SAMPLE 768	-0.802696	-0.0277868	0.595741	3.56809
			*CONTROL_ROT_SAMPLE 960	-0.813086	-0.0293931	0.581401	3.57544
			*CONTROL_ROT_SAMPLE 1152	-0.822056	-0.0267631	0.568777	3.57623
			*CONTROL_ROT_SAMPLE 1344	-0.828543	-0.0118642	0.5598	3.56144
			*CONTROL_ROT_SAMPLE 1536	-0.831207	0.0195857	0.555617	3.52873
			*CONTROL_ROT_SAMPLE 1728	-0.827494	0.0676421	0.557386	3.47613
			*CONTROL_ROT_SAMPLE 1920	-0.815567	0.0706316	0.574336	3.48207
			*CONTROL_ROT_SAMPLE 2112	-0.801984	0.0721796	0.592969	3.48769
			*CONTROL_ROT_SAMPLE 2304	-0.787081	0.0774199	0.611972	3.48777
			*CONTROL_ROT_SAMPLE 2496	-0.773109	0.0774254	0.62953	3.49637
			*CONTROL_ROT_SAMPLE 2688	-0.760323	0.0720085	0.645542	3.51557
			*CONTROL_ROT_SAMPLE 2880	-0.747336	0.0672823	0.661031	3.5373
			*CONTROL_ROT_SAMPLE 3072	-0.732983	0.0655419	0.677082	3.55584
			*CONTROL_ROT_SAMPLE 3264	-0.716327	0.0690585	0.694339	3.56684
			*CONTROL_ROT_SAMPLE 3456	0.694342	-0.0798983	-0.715196	2.72053
			*CONTROL_ROT_SAMPLE 3648	0.668876	-0.0983975	-0.736833	2.74545
			*CONTROL_ROT_SAMPLE 3840	0.643416	-0.121961	-0.755739	2.79197
			*CONTROL_ROT_SAMPLE 4032	0.66417	-0.0995118	-0.740929	2.74235
			*CONTROL_ROT_SAMPLE 4224	0.689736	-0.0761685	-0.720043	2.70233
			*CONTROL_ROT_SAMPLE 4416	-0.710631	0.0582462	0.70115	3.60602
			*CONTROL_ROT_SAMPLE 4608	-0.730774	0.0435565	0.681229	3.62124
			*CONTROL_ROT_SAMPLE 4800	-0.751651	0.0308037	0.658841	3.62929
			*CONTROL_ROT_SAMPLE 4992	-0.779734	0.0187963	0.625829	3.62649
		}
	}
}
*HELPEROBJECT {
	*NODE_NAME "Bip01 L Foot"
	*NODE_PARENT "Bip01 L Calf"
	*NODE_TM {
		*NODE_NAME "Bip01 L Foot"
		*TM_ROW0 0.000569515	-0.000255938	-1
		*TM_ROW1 0.173637	-0.98481	0.000350937
		*TM_ROW2 -0.98481	-0.173637	-0.000516424
		*TM_ROW3 115.78	1.81508	15.1932
		*TM_POS 115.78	1.81508	15.1932
		*TM_ROTAXIS -0.705955	-0.0616344	0.705569
		*TM_ROTANGLE 3.01805
		*TM_SCALE 1	1	1
		*TM_SCALEAXIS 0	0	0
		*TM_SCALEAXISANG 0	0	0
	}
	*TM_ANIMATION {
		*NODE_NAME "Bip01 L Foot"
		*CONTROL_POS_TRACK {
			*CONTROL_POS_SAMPLE 192	15.4469	1.6021	10.3362
			*CONTROL_POS_SAMPLE 384	20.2106	1.82866	13.0323
			*CONTROL_POS_SAMPLE 576	25.6247	1.81488	15.8746
			*CONTROL_POS_SAMPLE 768	31.0061	1.8392	17.0076
			*CONTROL_POS_SAMPLE 960	36.4715	1.83583	17.5209
			*CONTROL_POS_SAMPLE 1152	41.8362	1.82268	17.2107
			*CONTROL_POS_SAMPLE 1344	47.2476	1.81293	15.6619
			*CONTROL_POS_SAMPLE 1536	52.5583	1.7934	13.2896
			*CONTROL_POS_SAMPLE 1728	57.1417	1.74241	11.1345
			*CONTROL_POS_SAMPLE 1920	57.8797	1.52675	10.4122
			*CONTROL_POS_SAMPLE 2112	58.1727	1.48392	10.2586
			*CONTROL_POS_SAMPLE 2304	58.403	1.46569	10.1835
			*CONTROL_POS_SAMPLE 2496	58.6083	1.45657	10.1445
			*CONTROL_POS_SAMPLE 2688	58.8261	1.44104	10.0992
			*CONTROL_POS_SAMPLE 2880	59.0633	1.40751	10.0991
			*CONTROL_POS_SAMPLE 3072	59.2253	1.36795	10.1367
			*CONTROL_POS_SAMPLE 3264	59.2378	1.3274	10.1796
			*CONTROL_POS_SAMPLE 3456	58.5784	1.28773	10.2105
			*CONTROL_POS_SAMPLE 3648	57.8306	1.24809	10.2389
			*CONTROL_POS_SAMPLE 3840	57.7823	1.20799	10.2692
			*CONTROL_POS_SAMPLE 4032	65.9194	1.28695	11.6028
			*CONTROL_POS_SAMPLE 4224	75.8811	1.39239	12.9027
			*CONTROL_POS_SAMPLE 4416	85.6823	1.49554	13.6149
			*CONTROL_POS_SAMPLE 4608	95.6762	1.6015	14.172
			*CONTROL_POS_SAMPLE 4800	105.747	1.70857	14.6671
			*CONTROL_POS_SAMPLE 4992	115.78	1.81508	15.1932
		}
		*CONTROL_ROT_TRACK {
			*CONTROL_ROT_SAMPLE 192	-0.705955	-0.0616344	0.705569	3.01805
			*CONTROL_ROT_SAMPLE 384	-0.705988	-0.0616159	0.705538	3.01801
			*CONTROL_ROT_SAMPLE 576	-0.705986	-0.061617	0.70554	3.01802
			*CONTROL_ROT_SAMPLE 768	-0.70599	-0.0616152	0.705537	3.01801
			*CONTROL_ROT_SAMPLE 960	-0.705989	-0.0616158	0.705538	3.01801
			*CONTROL_ROT_SAMPLE 1152	-0.705987	-0.0616166	0.705539	3.01802
			*CONTROL_ROT_SAMPLE 1344	-0.705986	-0.0616175	0.70554	3.01802
			*CONTROL_ROT_SAMPLE 1536	-0.705984	-0.0616185	0.705542	3.01802
			*CONTROL_ROT_SAMPLE 1728	-0.705982	-0.0616195	0.705544	3.01802
			*CONTROL_ROT_SAMPLE 1920	-0.705982	-0.0616191	0.705544	3.01802
			*CONTROL_ROT_SAMPLE 2112	-0.705982	-0.0616194	0.705544	3.01802
			*CONTROL_ROT_SAMPLE 2304	-0.705981	-0.0616197	0.705545	3.01802
			*CONTROL_ROT_SAMPLE 2496	-0.705981	-0.0616201	0.705545	3.01802
			*CONTROL_ROT_SAMPLE 2688	-0.70598	-0.0616205	0.705546	3.01802
			*CONTROL_ROT_SAMPLE 2880	-0.705978	-0.0616215	0.705548	3.01803
			*CONTROL_ROT_SAMPLE 3072	-0.705976	-0.0616228	0.70555	3.01803
			*CONTROL_ROT_SAMPLE 3264	-0.705974	-0.0616241	0.705552	3.01803
			*CONTROL_ROT_SAMPLE 3456	-0.705971	-0.0616257	0.705554	3.01803
			*CONTROL_ROT_SAMPLE 3648	-0.705969	-0.0616271	0.705556	3.01804
			*CONTROL_ROT_SAMPLE 3840	-0.705967	-0.0616284	0.705559	3.01804
			*CONTROL_ROT_SAMPLE 4032	-0.705965	-0.0616295	0.70556	3.01804
			*CONTROL_ROT_SAMPLE 4224	-0.705963	-0.0616305	0.705562	3.01804
			*CONTROL_ROT_SAMPLE 4416	-0.705961	-0.0616315	0.705564	3.01804
			*CONTROL_ROT_SAMPLE 4608	-0.705959	-0.0616325	0.705566	3.01805
			*CONTROL_ROT_SAMPLE 4800	-0.705957	-0.0616334	0.705568	3.01805
			*CONTROL_ROT_SAMPLE 4992	-0.705955	-0.0616344	0.705569	3.01805
		}
	}
}
*HELPEROBJECT {
	*NODE_NAME "Bip01 L Toe0"
	*NODE_PARENT "Bip01 L Foot"
	*NODE_TM {
		*NODE_NAME "Bip01 L Toe0"
		*TM_ROW0 0.173635	-0.98481	0.000271828
		*TM_ROW1 -0.000553809	0.000178377	1
		*TM_ROW2 -0.98481	-0.173635	-0.000514411
		*TM_ROW3 119.719	-20.488	2.57445
		*TM_POS 119.719	-20.488	2.57445
		*TM_ROTAXIS -0.644449	0.540914	0.54046
		*TM_ROTANGLE 1.99693
		*TM_SCALE 1	1	1
		*TM_SCALEAXIS 0	0	0
		*TM_SCALEAXISANG 0	0	0
	}
	*TM_ANIMATION {
		*NODE_NAME "Bip01 L Toe0"
		*CONTROL_POS_TRACK {
			*CONTROL_POS_SAMPLE 192	19.3859	-20.701	-2.28259
			*CONTROL_POS_SAMPLE 384	24.1508	-20.475	0.414854
			*CONTROL_POS_SAMPLE 576	29.5648	-20.4887	3.25705
			*CONTROL_POS_SAMPLE 768	34.9463	-20.4645	4.39018
			*CONTROL_POS_SAMPLE 960	40.4117	-20.4678	4.90347
			*CONTROL_POS_SAMPLE 1152	45.7763	-20.4809	4.59316
			*CONTROL_POS_SAMPLE 1344	51.1877	-20.4906	3.04434
			*CONTROL_POS_SAMPLE 1536	56.4983	-20.5101	0.671966
			*CONTROL_POS_SAMPLE 1728	61.0816	-20.5611	-1.48325
			*CONTROL_POS_SAMPLE 1920	61.8196	-20.7768	-2.20553
			*CONTROL_POS_SAMPLE 2112	62.1126	-20.8196	-2.35916
			*CONTROL_POS_SAMPLE 2304	62.3429	-20.8378	-2.43425
			*CONTROL_POS_SAMPLE 2496	62.5481	-20.8469	-2.47325
			*CONTROL_POS_SAMPLE 2688	62.766	-20.8625	-2.51859
			*CONTROL_POS_SAMPLE 2880	63.0031	-20.896	-2.51881
			*CONTROL_POS_SAMPLE 3072	63.165	-20.9355	-2.48124
			*CONTROL_POS_SAMPLE 3264	63.1774	-20.976	-2.43848
			*CONTROL_POS_SAMPLE 3456	62.518	-21.0156	-2.40763
			*CONTROL_POS_SAMPLE 3648	61.7701	-21.0552	-2.37931
			*CONTROL_POS_SAMPLE 3840	61.7217	-21.0953	-2.34913
			*CONTROL_POS_SAMPLE 4032	69.8587	-21.0163	-1.01566
			*CONTROL_POS_SAMPLE 4224	79.8204	-20.9108	0.284199
			*CONTROL_POS_SAMPLE 4416	89.6215	-20.8076	0.996282
			*CONTROL_POS_SAMPLE 4608	99.6154	-20.7016	1.55333
			*CONTROL_POS_SAMPLE 4800	109.686	-20.5945	2.0484
			*CONTROL_POS_SAMPLE 4992	119.719	-20.488	2.57445
		}
		*CONTROL_ROT_TRACK {
			*CONTROL_ROT_SAMPLE 192	-0.644449	0.540914	0.54046	1.99693
			*CONTROL_ROT_SAMPLE 384	-0.644455	0.540952	0.540415	1.99695
			*CONTROL_ROT_SAMPLE 576	-0.644455	0.54095	0.540418	1.99695
			*CONTROL_ROT_SAMPLE 768	-0.644456	0.540953	0.540413	1.99695
			*CONTROL_ROT_SAMPLE 960	-0.644455	0.540952	0.540414	1.99695
			*CONTROL_ROT_SAMPLE 1152	-0.644455	0.54095	0.540417	1.99695
			*CONTROL_ROT_SAMPLE 1344	-0.644455	0.540949	0.540419	1.99695
			*CONTROL_ROT_SAMPLE 1536	-0.644454	0.540947	0.540421	1.99695
			*CONTROL_ROT_SAMPLE 1728	-0.644454	0.540945	0.540424	1.99695
			*CONTROL_ROT_SAMPLE 1920	-0.644454	0.540945	0.540423	1.99695
			*CONTROL_ROT_SAMPLE 2112	-0.644454	0.540945	0.540424	1.99695
			*CONTROL_ROT_SAMPLE 2304	-0.644454	0.540944	0.540425	1.99695
			*CONTROL_ROT_SAMPLE 2496	-0.644454	0.540943	0.540425	1.99695
			*CONTROL_ROT_SAMPLE 2688	-0.644454	0.540942	0.540427	1.99695
			*CONTROL_ROT_SAMPLE 2880	-0.644453	0.54094	0.540429	1.99694
			*CONTROL_ROT_SAMPLE 3072	-0.644453	0.540938	0.540432	1.99694
			*CONTROL_ROT_SAMPLE 3264	-0.644453	0.540935	0.540435	1.99694
			*CONTROL_ROT_SAMPLE 3456	-0.644452	0.540932	0.540438	1.99694
			*CONTROL_ROT_SAMPLE 3648	-0.644452	0.540929	0.540442	1.99694
			*CONTROL_ROT_SAMPLE 3840	-0.644452	0.540927	0.540445	1.99694
			*CONTROL_ROT_SAMPLE 4032	-0.644451	0.540924	0.540448	1.99693
			*CONTROL_ROT_SAMPLE 4224	-0.644451	0.540922	0.54045	1.99693
			*CONTROL_ROT_SAMPLE 4416	-0.64445	0.54092	0.540453	1.99693
			*CONTROL_ROT_SAMPLE 4608	-0.64445	0.540918	0.540455	1.99693
			*CONTROL_ROT_SAMPLE 4800	-0.64445	0.540916	0.540458	1.99693
			*CONTROL_ROT_SAMPLE 4992	-0.644449	0.540914	0.54046	1.99693
		}
	}
}
*HELPEROBJECT {
	*NODE_NAME "Bip01 R Thigh"
	*NODE_PARENT "Bip01 Pelvis"
	*NODE_TM {
		*NODE_NAME "Bip01 R Thigh"
		*TM_ROW0 -0.35414	-0.146609	-0.923629
		*TM_ROW1 -0.493342	-0.809745	0.317691
		*TM_ROW2 -0.79448	0.568172	0.214435
		*TM_ROW3 87.1688	10.3681	94.7338
		*TM_POS 87.1688	10.3681	94.7338
		*TM_ROTAXIS 0.560593	-0.289043	-0.776009
		*TM_ROTANGLE 2.91628
		*TM_SCALE 1	1	1
		*TM_SCALEAXIS 0	0	0
		*TM_SCALEAXISANG 0	0	0
	}
	*TM_ANIMATION {
		*NODE_NAME "Bip01 R Thigh"
		*CONTROL_POS_TRACK {
			*CONTROL_POS_SAMPLE 192	-13.5483	10.3681	95.3623
			*CONTROL_POS_SAMPLE 384	-10.6462	10.4298	94.7237
			*CONTROL_POS_SAMPLE 576	-7.74885	10.4813	94.5791
			*CONTROL_POS_SAMPLE 768	-4.85627	10.5232	94.5713
			*CONTROL_POS_SAMPLE 960	-1.96824	10.5563	94.3433
			*CONTROL_POS_SAMPLE 1152	0.915471	10.5813	93.6722
			*CONTROL_POS_SAMPLE 1344	3.79512	10.5989	92.7907
			*CONTROL_POS_SAMPLE 1536	6.67102	10.6097	92.0246
			*CONTROL_POS_SAMPLE 1728	9.54348	10.6143	91.6997
			*CONTROL_POS_SAMPLE 1920	13.9862	10.6135	92.0956
			*CONTROL_POS_SAMPLE 2112	18.3982	10.6078	92.9739
			*CONTROL_POS_SAMPLE 2304	22.7893	10.5978	93.8835
			*CONTROL_POS_SAMPLE 2496	27.169	10.5843	94.3731
			*CONTROL_POS_SAMPLE 2688	31.5471	10.5678	94.2922
			*CONTROL_POS_SAMPLE 2880	35.9333	10.5489	93.9149
			*CONTROL_POS_SAMPLE 3072	40.3372	10.5283	93.4267
			*CONTROL_POS_SAMPLE 3264	44.7686	10.5066	93.0135
			*CONTROL_POS_SAMPLE 3456	49.2371	10.4844	92.8608
			*CONTROL_POS_SAMPLE 3648	53.7523	10.4625	93.0867
			*CONTROL_POS_SAMPLE 3840	58.3241	10.4413	93.5789
			*CONTROL_POS_SAMPLE 4032	62.9619	10.4217	94.1773
			*CONTROL_POS_SAMPLE 4224	68.0254	10.4041	94.7216
			*CONTROL_POS_SAMPLE 4416	73.5732	10.3893	94.7266
			*CONTROL_POS_SAMPLE 4608	79.1637	10.378	94.7304
			*CONTROL_POS_SAMPLE 4800	84.3549	10.3707	94.7329
			*CONTROL_POS_SAMPLE 4992	87.1688	10.3681	94.7338
		}
		*CONTROL_ROT_TRACK {
			*CONTROL_ROT_SAMPLE 192	0.614758	-0.224692	-0.756033	2.91802
			*CONTROL_ROT_SAMPLE 384	0.597815	-0.255342	-0.75988	2.90562
			*CONTROL_ROT_SAMPLE 576	0.585029	-0.257916	-0.768908	2.89303
			*CONTROL_ROT_SAMPLE 768	0.57488	-0.252693	-0.778241	2.87302
			*CONTROL_ROT_SAMPLE 960	0.563912	-0.251295	-0.786673	2.85557
			*CONTROL_ROT_SAMPLE 1152	0.548885	-0.256066	-0.79571	2.85676
			*CONTROL_ROT_SAMPLE 1344	0.532252	-0.262944	-0.804716	2.86507
			*CONTROL_ROT_SAMPLE 1536	0.517023	-0.269877	-0.812314	2.86556
			*CONTROL_ROT_SAMPLE 1728	0.514421	-0.252293	-0.819585	2.81555
			*CONTROL_ROT_SAMPLE 1920	0.503114	-0.289586	-0.814258	2.91944
			*CONTROL_ROT_SAMPLE 2112	0.507733	-0.314151	-0.802194	2.9743
			*CONTROL_ROT_SAMPLE 2304	0.519179	-0.330695	-0.788095	3.00481
			*CONTROL_ROT_SAMPLE 2496	0.529443	-0.347832	-0.773759	3.03784
			*CONTROL_ROT_SAMPLE 2688	0.546081	-0.358468	-0.757163	3.04978
			*CONTROL_ROT_SAMPLE 2880	0.572503	-0.357058	-0.738072	3.02519
			*CONTROL_ROT_SAMPLE 3072	0.602451	-0.350465	-0.717096	2.98546
			*CONTROL_ROT_SAMPLE 3264	0.633704	-0.338085	-0.695786	2.93304
			*CONTROL_ROT_SAMPLE 3456	0.664457	-0.319437	-0.675616	2.87134
			*CONTROL_ROT_SAMPLE 3648	-0.693012	0.294827	0.657884	3.4779
			*CONTROL_ROT_SAMPLE 3840	0.671968	-0.301477	-0.676439	2.83475
			*CONTROL_ROT_SAMPLE 4032	0.65278	-0.303314	-0.694175	2.85631
			*CONTROL_ROT_SAMPLE 4224	0.632872	-0.302708	-0.71263	2.87484
			*CONTROL_ROT_SAMPLE 4416	0.609029	-0.304238	-0.732477	2.90128
			*CONTROL_ROT_SAMPLE 4608	0.587198	-0.301292	-0.75128	2.9171
			*CONTROL_ROT_SAMPLE 4800	0.569194	-0.294566	-0.767626	2.92018
			*CONTROL_ROT_SAMPLE 4992	0.560593	-0.289043	-0.776009	2.91628
		}
	}
}
*HELPEROBJECT {
	*NODE_NAME "Bip01 R Calf"
	*NODE_PARENT "Bip01 R Thigh"
	*NODE_TM {
		*NODE_NAME "Bip01 R Calf"
		*TM_ROW0 -0.0386236	0.305112	-0.951533
		*TM_ROW1 -0.606061	-0.764256	-0.22046
		*TM_ROW2 -0.79448	0.568172	0.214434
		*TM_ROW3 73.2353	4.59978	58.3938
		*TM_POS 73.2353	4.59978	58.3938
		*TM_ROTAXIS 0.648944	-0.129235	-0.74978
		*TM_ROTANGLE 2.48852
		*TM_SCALE 1	1	1
		*TM_SCALEAXIS 0	0	0
		*TM_SCALEAXISANG 0	0	0
	}
	*TM_ANIMATION {
		*NODE_NAME "Bip01 R Calf"
		*CONTROL_POS_TRACK {
			*CONTROL_POS_SAMPLE 192	-22.545	6.22897	57.2842
			*CONTROL_POS_SAMPLE 384	-21.168	5.57402	57.1241
			*CONTROL_POS_SAMPLE 576	-19.3661	6.23289	57.2293
			*CONTROL_POS_SAMPLE 768	-17.2509	7.42207	57.3587
			*CONTROL_POS_SAMPLE 960	-15.1999	8.36441	57.355
			*CONTROL_POS_SAMPLE 1152	-13.6144	8.5415	57.1655
			*CONTROL_POS_SAMPLE 1344	-12.1862	8.43936	56.9027
			*CONTROL_POS_SAMPLE 1536	-10.5478	8.54811	56.7077
			*CONTROL_POS_SAMPLE 1728	-7.45349	10.9991	56.2177
			*CONTROL_POS_SAMPLE 1920	-4.71825	6.34828	57.7449
			*CONTROL_POS_SAMPLE 2112	-0.25325	3.39966	59.0891
			*CONTROL_POS_SAMPLE 2304	4.92341	1.37884	60.0628
			*CONTROL_POS_SAMPLE 2496	10.0339	-0.715004	60.8063
			*CONTROL_POS_SAMPLE 2688	15.7842	-2.07212	60.5316
			*CONTROL_POS_SAMPLE 2880	22.5587	-2.10969	59.1457
			*CONTROL_POS_SAMPLE 3072	29.8574	-1.59778	57.4942
			*CONTROL_POS_SAMPLE 3264	37.5342	-0.50162	55.9392
			*CONTROL_POS_SAMPLE 3456	45.4315	1.18219	54.8213
			*CONTROL_POS_SAMPLE 3648	53.345	3.3769	54.3873
			*CONTROL_POS_SAMPLE 3840	55.5188	2.91144	55.0634
			*CONTROL_POS_SAMPLE 4032	58.061	2.84264	55.8816
			*CONTROL_POS_SAMPLE 4224	61.032	2.98654	56.7204
			*CONTROL_POS_SAMPLE 4416	64.127	2.87764	57.2785
			*CONTROL_POS_SAMPLE 4608	67.598	3.2112	57.8131
			*CONTROL_POS_SAMPLE 4800	71.1534	3.97075	58.2257
			*CONTROL_POS_SAMPLE 4992	73.2353	4.59978	58.3938
		}
		*CONTROL_ROT_TRACK {
			*CONTROL_ROT_SAMPLE 192	0.673294	-0.079432	-0.735096	2.56983
			*CONTROL_ROT_SAMPLE 384	0.667178	-0.107885	-0.737044	2.54044
			*CONTROL_ROT_SAMPLE 576	0.651939	-0.123652	-0.748122	2.54675
			*CONTROL_ROT_SAMPLE 768	0.633937	-0.138714	-0.760843	2.56671
			*CONTROL_ROT_SAMPLE 960	0.61688	-0.153723	-0.771899	2.58252
			*CONTROL_ROT_SAMPLE 1152	0.601885	-0.162922	-0.781787	2.58489
			*CONTROL_ROT_SAMPLE 1344	0.587542	-0.170292	-0.791072	2.58271
			*CONTROL_ROT_SAMPLE 1536	0.572813	-0.181414	-0.799359	2.58426
			*CONTROL_ROT_SAMPLE 1728	0.549563	-0.197617	-0.811744	2.63476
			*CONTROL_ROT_SAMPLE 1920	0.582403	-0.165794	-0.795813	2.52428
			*CONTROL_ROT_SAMPLE 2112	0.617267	-0.138865	-0.774401	2.44751
			*CONTROL_ROT_SAMPLE 2304	0.649824	-0.113475	-0.751567	2.39406
			*CONTROL_ROT_SAMPLE 2496	0.681579	-0.0836559	-0.726947	2.34265
			*CONTROL_ROT_SAMPLE 2688	-0.710929	0.0568655	0.700961	3.97245
			*CONTROL_ROT_SAMPLE 2880	-0.735387	0.0419969	0.676345	3.97483
			*CONTROL_ROT_SAMPLE 3072	-0.757827	0.0332299	0.651609	3.9671
			*CONTROL_ROT_SAMPLE 3264	-0.776346	0.0327825	0.629454	3.95048
			*CONTROL_ROT_SAMPLE 3456	-0.789437	0.0416979	0.612414	3.92585
			*CONTROL_ROT_SAMPLE 3648	-0.796129	0.0592013	0.602224	3.894
			*CONTROL_ROT_SAMPLE 3840	-0.779928	0.0636021	0.622629	3.89362
			*CONTROL_ROT_SAMPLE 4032	-0.761382	0.0721747	0.644273	3.88551
			*CONTROL_ROT_SAMPLE 4224	-0.739732	0.083319	0.667724	3.87205
			*CONTROL_ROT_SAMPLE 4416	-0.716245	0.0923904	0.691705	3.86161
			*CONTROL_ROT_SAMPLE 4608	0.690259	-0.10514	-0.715883	2.44111
			*CONTROL_ROT_SAMPLE 4800	0.664049	-0.120022	-0.737993	2.4687
			*CONTROL_ROT_SAMPLE 4992	0.648944	-0.129235	-0.74978	2.48852
		}
	}
}
*HELPEROBJECT {
	*NODE_NAME "Bip01 R Foot"
	*NODE_PARENT "Bip01 R Calf"
	*NODE_TM {
		*NODE_NAME "Bip01 R Foot"
		*TM_ROW0 -0.000204505	3.07759e-005	-1
		*TM_ROW1 -0.528438	-0.848972	8.19401e-005
