*3DSMAX_ASCIIEXPORT	110
*COMMENT "This file is part of Gothic Free Aim Copyright (C) 2016-2018  mud-freak (@szapp)"
*COMMENT "<http://github.com/szapp/GothicFreeAim>"
*COMMENT "Animations: first iteration"
*SCENE {
	*SCENE_FILENAME "cbowIK_T2_hurt.max"
	*SCENE_FIRSTFRAME 1
	*SCENE_LASTFRAME 10
	*SCENE_FRAMESPEED 25
	*SCENE_TICKSPERFRAME 192
	*SCENE_BACKGROUND_STATIC 0	0	0
	*SCENE_AMBIENT_STATIC 0.2	0.2	0.2
}
*HELPEROBJECT {
	*NODE_NAME "Bip01"
	*NODE_TM {
		*NODE_NAME "Bip01"
		*TM_ROW0 -0.223483	-0.973914	-0.0393292
		*TM_ROW1 0.974662	-0.222899	-0.0187185
		*TM_ROW2 0.00946376	-0.0425159	0.999051
		*TM_ROW3 0.174413	15.7754	48.3625
		*TM_POS 0.174413	15.7754	48.3625
		*TM_ROTAXIS -0.012208	-0.0250306	0.999612
		*TM_ROTANGLE 1.79637
		*TM_SCALE 1	1	1
		*TM_SCALEAXIS 0	0	0
		*TM_SCALEAXISANG 0	0	0
	}
}
*HELPEROBJECT {
	*NODE_NAME "Bip01 Footsteps"
	*NODE_PARENT "Bip01"
	*NODE_TM {
		*NODE_NAME "Bip01 Footsteps"
		*TM_ROW0 1	0	0
		*TM_ROW1 0	1	0
		*TM_ROW2 0	0	1
		*TM_ROW3 0.174413	15.7754	-3.02652
		*TM_POS 0.174413	15.7754	-3.02652
		*TM_ROTAXIS 0	0	0
		*TM_ROTANGLE 0
		*TM_SCALE 1	1	1
		*TM_SCALEAXIS 0	0	0
		*TM_SCALEAXISANG 0	0	0
	}
}
*HELPEROBJECT {
	*NODE_NAME "Bip01 Pelvis"
	*NODE_PARENT "Bip01"
	*NODE_TM {
		*NODE_NAME "Bip01 Pelvis"
		*TM_ROW0 -0.244782	0.0170215	0.969429
		*TM_ROW1 -0.223482	-0.973914	-0.0393292
		*TM_ROW2 0.943471	-0.226277	0.242201
		*TM_ROW3 -0.656407	16.066	48.3828
		*TM_POS -0.656407	16.066	48.3828
		*TM_ROTAXIS -0.611498	0.0849064	-0.786677
		*TM_ROTANGLE 2.98813
		*TM_SCALE 1	1	1
		*TM_SCALEAXIS 0	0	0
		*TM_SCALEAXISANG 0	0	0
	}
}
*HELPEROBJECT {
	*NODE_NAME "Bip01 Spine"
	*NODE_PARENT "Bip01 Pelvis"
	*NODE_TM {
		*NODE_NAME "Bip01 Spine"
		*TM_ROW0 0.0587345	0.0698435	0.995827
		*TM_ROW1 -0.315401	-0.945154	0.084892
		*TM_ROW2 0.947139	-0.319071	-0.0334843
		*TM_ROW3 -0.61305	16.0505	50.7833
		*TM_POS -0.61305	16.0505	50.7833
		*TM_ROTAXIS -0.720937	0.0868922	-0.687531
		*TM_ROTANGLE 2.85763
		*TM_SCALE 1	1	1
		*TM_SCALEAXIS 0	0	0
		*TM_SCALEAXISANG 0	0	0
	}
	*TM_ANIMATION {
		*NODE_NAME "Bip01 Spine"
		*CONTROL_POS_TRACK {
			*CONTROL_POS_SAMPLE 192	-0.61305	16.0505	50.7833
			*CONTROL_POS_SAMPLE 384	-0.980208	17.1653	50.7837
			*CONTROL_POS_SAMPLE 576	-1.52507	18.866	50.7843
			*CONTROL_POS_SAMPLE 768	-2.21764	21.1183	50.785
			*CONTROL_POS_SAMPLE 960	-2.63352	22.5285	50.7855
			*CONTROL_POS_SAMPLE 1152	-2.35224	21.5695	50.7852
			*CONTROL_POS_SAMPLE 1344	-1.78726	19.7058	50.7845
			*CONTROL_POS_SAMPLE 1536	-1.29088	18.1279	50.784
			*CONTROL_POS_SAMPLE 1728	-0.888189	16.8837	50.7836
			*CONTROL_POS_SAMPLE 1920	-0.61305	16.0505	50.7833
		}
		*CONTROL_ROT_TRACK {
			*CONTROL_ROT_SAMPLE 192	-0.720937	0.0868922	-0.687531	2.85763
			*CONTROL_ROT_SAMPLE 384	-0.729202	0.106741	-0.675922	2.89235
			*CONTROL_ROT_SAMPLE 576	-0.740943	0.136825	-0.657482	2.94577
			*CONTROL_ROT_SAMPLE 768	-0.755022	0.176696	-0.631443	3.01794
			*CONTROL_ROT_SAMPLE 960	-0.763039	0.201933	-0.613998	3.06438
			*CONTROL_ROT_SAMPLE 1152	-0.757652	0.184736	-0.625968	3.03268
			*CONTROL_ROT_SAMPLE 1344	-0.746381	0.151662	-0.648008	2.97245
			*CONTROL_ROT_SAMPLE 1536	-0.735971	0.123786	-0.665601	2.92251
			*CONTROL_ROT_SAMPLE 1728	-0.727158	0.10174	-0.678889	2.88356
			*CONTROL_ROT_SAMPLE 1920	-0.720937	0.0868922	-0.687531	2.85763
		}
	}
}
*HELPEROBJECT {
	*NODE_NAME "Bip01 Spine1"
	*NODE_PARENT "Bip01 Spine"
	*NODE_TM {
		*NODE_NAME "Bip01 Spine1"
		*TM_ROW0 0.0613707	-0.0222146	0.997868
		*TM_ROW1 -0.540599	-0.841155	0.014522
		*TM_ROW2 0.839039	-0.540338	-0.0636315
		*TM_ROW3 -0.0303499	16.7454	60.5694
		*TM_POS -0.0303499	16.7454	60.5694
		*TM_ROTAXIS -0.715238	0.204737	-0.66822
		*TM_ROTANGLE 2.74326
		*TM_SCALE 1	1	1
		*TM_SCALEAXIS 0	0	0
		*TM_SCALEAXISANG 0	0	0
	}
	*TM_ANIMATION {
		*NODE_NAME "Bip01 Spine1"
		*CONTROL_POS_TRACK {
			*CONTROL_POS_SAMPLE 192	-0.0303499	16.7454	60.5694
			*CONTROL_POS_SAMPLE 384	-0.208724	17.3062	60.5803
			*CONTROL_POS_SAMPLE 576	-0.471718	18.1581	60.53
			*CONTROL_POS_SAMPLE 768	-0.802639	19.2798	60.3352
			*CONTROL_POS_SAMPLE 960	-0.999209	19.9781	60.135
			*CONTROL_POS_SAMPLE 1152	-0.866454	19.5036	60.278
			*CONTROL_POS_SAMPLE 1344	-0.59747	18.5772	60.4747
			*CONTROL_POS_SAMPLE 1536	-0.358942	17.7889	60.5618
			*CONTROL_POS_SAMPLE 1728	-0.164103	17.1647	60.5809
			*CONTROL_POS_SAMPLE 1920	-0.0303499	16.7454	60.5694
		}
		*CONTROL_ROT_TRACK {
			*CONTROL_ROT_SAMPLE 192	-0.715238	0.204737	-0.66822	2.74326
			*CONTROL_ROT_SAMPLE 384	-0.724048	0.222965	-0.652718	2.77559
			*CONTROL_ROT_SAMPLE 576	-0.736528	0.250369	-0.628365	2.82549
			*CONTROL_ROT_SAMPLE 768	-0.751422	0.286255	-0.594494	2.89325
			*CONTROL_ROT_SAMPLE 960	-0.759864	0.308705	-0.572108	2.93704
			*CONTROL_ROT_SAMPLE 1152	-0.754195	0.29343	-0.587442	2.90713
			*CONTROL_ROT_SAMPLE 1344	-0.742291	0.263781	-0.615974	2.8505
			*CONTROL_ROT_SAMPLE 1536	-0.731249	0.238524	-0.639047	2.80373
			*CONTROL_ROT_SAMPLE 1728	-0.721871	0.218383	-0.656666	2.76739
			*CONTROL_ROT_SAMPLE 1920	-0.715238	0.204737	-0.66822	2.74326
		}
	}
}
*HELPEROBJECT {
	*NODE_NAME "Bip01 Spine2"
	*NODE_PARENT "Bip01 Spine1"
	*NODE_TM {
		*NODE_NAME "Bip01 Spine2"
		*TM_ROW0 0.0495997	-0.145559	0.988106
		*TM_ROW1 -0.77193	-0.633363	-0.0545528
		*TM_ROW2 0.63377	-0.760042	-0.143776
		*TM_ROW3 0.773	16.4764	73.3332
		*TM_POS 0.773	16.4764	73.3332
		*TM_ROTAXIS -0.700047	0.351602	-0.621539
		*TM_ROTANGLE 2.6135
		*TM_SCALE 1	1	1
		*TM_SCALEAXIS 0	0	0
		*TM_SCALEAXISANG 0	0	0
	}
	*TM_ANIMATION {
		*NODE_NAME "Bip01 Spine2"
		*CONTROL_POS_TRACK {
			*CONTROL_POS_SAMPLE 192	0.773	16.4764	73.3332
			*CONTROL_POS_SAMPLE 384	0.833069	16.316	73.2913
			*CONTROL_POS_SAMPLE 576	0.923406	16.0708	73.0731
			*CONTROL_POS_SAMPLE 768	1.04058	15.7449	72.4901
			*CONTROL_POS_SAMPLE 960	1.11243	15.5402	71.9451
			*CONTROL_POS_SAMPLE 1152	1.0637	15.6795	72.3314
			*CONTROL_POS_SAMPLE 1344	0.967432	15.9494	72.8957
			*CONTROL_POS_SAMPLE 1536	0.884394	16.1773	73.1908
			*CONTROL_POS_SAMPLE 1728	0.817955	16.3566	73.3094
			*CONTROL_POS_SAMPLE 1920	0.773	16.4764	73.3332
		}
		*CONTROL_ROT_TRACK {
			*CONTROL_ROT_SAMPLE 192	-0.700047	0.351602	-0.621539	2.6135
			*CONTROL_ROT_SAMPLE 384	-0.709456	0.367054	-0.601618	2.64252
			*CONTROL_ROT_SAMPLE 576	-0.722739	0.389968	-0.570591	2.68759
			*CONTROL_ROT_SAMPLE 768	-0.738506	0.419369	-0.527957	2.74926
			*CONTROL_ROT_SAMPLE 960	-0.74739	0.437391	-0.500097	2.78939
			*CONTROL_ROT_SAMPLE 1152	-0.741429	0.425161	-0.519155	2.76195
			*CONTROL_ROT_SAMPLE 1344	-0.728852	0.401039	-0.554926	2.71029
			*CONTROL_ROT_SAMPLE 1536	-0.717127	0.380111	-0.584161	2.6679
			*CONTROL_ROT_SAMPLE 1728	-0.707133	0.363185	-0.606679	2.63516
			*CONTROL_ROT_SAMPLE 1920	-0.700047	0.351602	-0.621539	2.6135
		}
	}
}
*HELPEROBJECT {
	*NODE_NAME "Bip01 Neck"
	*NODE_PARENT "Bip01 Spine2"
	*NODE_TM {
		*NODE_NAME "Bip01 Neck"
		*TM_ROW0 -0.341534	-0.166136	0.925069
		*TM_ROW1 -0.174352	-0.95597	-0.236056
		*TM_ROW2 0.923556	-0.241909	0.29753
		*TM_ROW3 2.26115	12.1172	102.962
		*TM_POS 2.26115	12.1172	102.962
		*TM_ROTAXIS -0.573784	0.148353	-0.805458
		*TM_ROTANGLE 3.13649
		*TM_SCALE 1	1	1
		*TM_SCALEAXIS 0	0	0
		*TM_SCALEAXISANG 0	0	0
	}
}
*HELPEROBJECT {
	*NODE_NAME "Bip01 Head"
	*NODE_PARENT "Bip01 Neck"
	*NODE_TM {
		*NODE_NAME "Bip01 Head"
		*TM_ROW0 -0.445847	0.0435763	0.894048
		*TM_ROW1 0.0163128	-0.998253	0.0567902
		*TM_ROW2 0.894961	0.0399041	0.444357
		*TM_ROW3 -0.0746775	10.981	109.289
		*TM_POS -0.0746775	10.981	109.289
		*TM_ROTAXIS -0.526336	-0.028448	-0.8498
		*TM_ROTANGLE 3.12555
		*TM_SCALE 1	1	1
		*TM_SCALEAXIS 0	0	0
		*TM_SCALEAXISANG 0	0	0
	}
}
*HELPEROBJECT {
	*NODE_NAME "zs_Helmet"
	*NODE_PARENT "Bip01 Head"
	*NODE_TM {
		*NODE_NAME "zs_Helmet"
		*TM_ROW0 0.894961	0.039905	0.444357
		*TM_ROW1 0.0187171	0.991757	-0.126761
		*TM_ROW2 -0.445752	0.121763	0.886836
		*TM_ROW3 -124.494	-48.7777	365.244
		*TM_POS -124.494	-48.7777	365.244
		*TM_ROTAXIS 0.26885	0.962909	-0.0229209
		*TM_ROTANGLE 0.480472
		*TM_SCALE 1	1	1
		*TM_SCALEAXIS 0	0	0
		*TM_SCALEAXISANG 0	0	0
	}
}
*HELPEROBJECT {
	*NODE_NAME "Bip01 L Clavicle"
	*NODE_PARENT "Bip01 Neck"
	*NODE_TM {
		*NODE_NAME "Bip01 L Clavicle"
		*TM_ROW0 0.640364	-0.733053	-0.229276
		*TM_ROW1 0.760578	0.646801	0.0562965
		*TM_ROW2 0.107027	-0.210432	0.971732
		*TM_ROW3 8.94936	8.40582	96.6471
		*TM_POS 8.94936	8.40582	96.6471
		*TM_ROTAXIS -0.171631	-0.2164	0.9611
		*TM_ROTANGLE 0.889953
		*TM_SCALE 1	1	1
		*TM_SCALEAXIS 0	0	0
		*TM_SCALEAXISANG 0	0	0
	}
}
*HELPEROBJECT {
	*NODE_NAME "Bip01 L UpperArm"
	*NODE_PARENT "Bip01 L Clavicle"
	*NODE_TM {
		*NODE_NAME "Bip01 L UpperArm"
		*TM_ROW0 -0.512908	-0.737502	-0.439336
		*TM_ROW1 0.445851	0.208483	-0.870489
		*TM_ROW2 0.733582	-0.642359	0.221883
		*TM_ROW3 17.4829	-1.36285	93.5918
		*TM_POS 17.4829	-1.36285	93.5918
		*TM_ROTAXIS -0.135655	0.697461	-0.703666
		*TM_ROTANGLE 4.14044
		*TM_SCALE 1	1	1
		*TM_SCALEAXIS 0	0	0
		*TM_SCALEAXISANG 0	0	0
	}
}
*HELPEROBJECT {
	*NODE_NAME "Bip01 L Forearm"
	*NODE_PARENT "Bip01 L UpperArm"
	*NODE_TM {
		*NODE_NAME "Bip01 L Forearm"
		*TM_ROW0 -0.436474	-0.195072	0.878315
		*TM_ROW1 -0.52091	-0.741163	-0.423475
		*TM_ROW2 0.733582	-0.642359	0.221883
		*TM_ROW3 3.16954	-21.9438	81.3316
		*TM_POS 3.16954	-21.9438	81.3316
		*TM_ROTAXIS -0.523191	0.345949	-0.778839
		*TM_ROTANGLE 2.93085
		*TM_SCALE 1	1	1
		*TM_SCALEAXIS 0	0	0
		*TM_SCALEAXISANG 0	0	0
	}
}
*HELPEROBJECT {
	*NODE_NAME "Bip01 L Hand"
	*NODE_PARENT "Bip01 L Forearm"
	*NODE_TM {
		*NODE_NAME "Bip01 L Hand"
		*TM_ROW0 -0.985851	0.0836733	-0.145248
		*TM_ROW1 -0.126203	0.199785	0.971678
		*TM_ROW2 0.110322	0.976261	-0.186399
		*TM_ROW3 -8.97156	-27.3699	105.763
		*TM_POS -8.97156	-27.3699	105.763
		*TM_ROTAXIS 0.0138549	-0.772735	-0.634578
		*TM_ROTANGLE 2.97546
		*TM_SCALE 1	1	1
		*TM_SCALEAXIS 0	0	0
		*TM_SCALEAXISANG 0	0	0
	}
}
*HELPEROBJECT {
	*NODE_NAME "Bip01 L Finger0"
	*NODE_PARENT "Bip01 L Hand"
	*NODE_TM {
		*NODE_NAME "Bip01 L Finger0"
		*TM_ROW0 -0.98585	0.0836757	-0.145251
		*TM_ROW1 -0.12629	0.199039	0.97182
		*TM_ROW2 0.110228	0.976413	-0.185655
		*TM_ROW3 -21.6593	-26.2931	103.894
		*TM_POS -21.6593	-26.2931	103.894
		*TM_ROTAXIS 0.0138868	-0.772492	-0.634873
		*TM_ROTANGLE 2.97547
		*TM_SCALE 1	1	1
		*TM_SCALEAXIS 0	0	0
		*TM_SCALEAXISANG 0	0	0
	}
}
*HELPEROBJECT {
	*NODE_NAME "zs_LeftHand"
	*NODE_PARENT "Bip01 L Hand"
	*NODE_TM {
		*NODE_NAME "zs_LeftHand"
		*TM_ROW0 0.024375	0.998895	-0.0401838
		*TM_ROW1 0.0675178	-0.0417489	-0.996844
		*TM_ROW2 -0.99742	0.0215849	-0.0684608
		*TM_ROW3 -134.12	-165.014	301.969
		*TM_POS -134.12	-165.014	301.969
		*TM_ROTAXIS -0.606362	-0.569929	0.554532
		*TM_ROTANGLE 4.13848
		*TM_SCALE 1	1	1
		*TM_SCALEAXIS 0	0	0
		*TM_SCALEAXISANG 0	0	0
	}
}
*HELPEROBJECT {
	*NODE_NAME "zs_LeftArm"
	*NODE_PARENT "Bip01 L Forearm"
	*NODE_TM {
		*NODE_NAME "zs_LeftArm"
		*TM_ROW0 -0.536219	-0.270946	0.799411
		*TM_ROW1 -0.405677	-0.7478	-0.525568
		*TM_ROW2 0.7402	-0.606122	0.291067
		*TM_ROW3 16.4997	25.2333	396.979
		*TM_POS 16.4997	25.2333	396.979
		*TM_ROTAXIS -0.48014	0.352927	-0.803062
		*TM_ROTANGLE 3.05761
		*TM_SCALE 1	1	1
		*TM_SCALEAXIS 0	0	0
		*TM_SCALEAXISANG 0	0	0
	}
}
*HELPEROBJECT {
	*NODE_NAME "Bip01 R Clavicle"
	*NODE_PARENT "Bip01 Neck"
	*NODE_TM {
		*NODE_NAME "Bip01 R Clavicle"
		*TM_ROW0 -0.978152	0.185343	-0.0941616
		*TM_ROW1 0.171962	0.975876	0.134514
		*TM_ROW2 0.116821	0.115383	-0.986428
		*TM_ROW3 -1.14534	20.5117	98.9372
		*TM_POS -1.14534	20.5117	98.9372
		*TM_ROTAXIS -0.090126	-0.993934	-0.0630337
		*TM_ROTANGLE 3.03526
		*TM_SCALE 1	1	1
		*TM_SCALEAXIS 0	0	0
		*TM_SCALEAXISANG 0	0	0
	}
}
*HELPEROBJECT {
	*NODE_NAME "Bip01 R UpperArm"
	*NODE_PARENT "Bip01 R Clavicle"
	*NODE_TM {
		*NODE_NAME "Bip01 R UpperArm"
		*TM_ROW0 -0.916774	-0.33527	-0.217069
		*TM_ROW1 -0.289976	0.932452	-0.215514
		*TM_ROW2 0.274662	-0.134633	-0.952069
		*TM_ROW3 -14.1802	22.9816	97.6824
		*TM_POS -14.1802	22.9816	97.6824
		*TM_ROTAXIS 0.161635	-0.98269	0.0905182
		*TM_ROTANGLE 2.88871
		*TM_SCALE 1	1	1
		*TM_SCALEAXIS 0	0	0
		*TM_SCALEAXISANG 0	0	0
	}
}
*HELPEROBJECT {
	*NODE_NAME "Bip01 R Forearm"
	*NODE_PARENT "Bip01 R UpperArm"
	*NODE_TM {
		*NODE_NAME "Bip01 R Forearm"
		*TM_ROW0 0.483406	-0.836587	0.25776
		*TM_ROW1 -0.831192	-0.531033	-0.164696
		*TM_ROW2 0.274662	-0.134633	-0.952069
		*TM_ROW3 -39.7639	13.6255	91.6248
		*TM_POS -39.7639	13.6255	91.6248
		*TM_ROTAXIS -0.86121	0.484175	-0.154568
		*TM_ROTANGLE 3.15905
		*TM_SCALE 1	1	1
		*TM_SCALEAXIS 0	0	0
		*TM_SCALEAXISANG 0	0	0
	}
}
*HELPEROBJECT {
	*NODE_NAME "Bip01 R Hand"
	*NODE_PARENT "Bip01 R Forearm"
	*NODE_TM {
		*NODE_NAME "Bip01 R Hand"
		*TM_ROW0 0.7551	-0.626242	0.194021
		*TM_ROW1 -0.132232	0.144381	0.980647
		*TM_ROW2 -0.642136	-0.766143	0.0262129
		*TM_ROW3 -26.3173	-9.64529	98.7947
		*TM_POS -26.3173	-9.64529	98.7947
		*TM_ROTAXIS -0.873998	0.418367	0.247176
		*TM_ROTANGLE 1.60796
		*TM_SCALE 1	1	1
		*TM_SCALEAXIS 0	0	0
		*TM_SCALEAXISANG 0	0	0
	}
}
*HELPEROBJECT {
	*NODE_NAME "Bip01 R Finger0"
	*NODE_PARENT "Bip01 R Hand"
	*NODE_TM {
		*NODE_NAME "Bip01 R Finger0"
		*TM_ROW0 0.7551	-0.626243	0.194021
		*TM_ROW1 -0.132722	0.143795	0.980667
		*TM_ROW2 -0.642035	-0.766252	0.0254635
		*TM_ROW3 -16.5993	-17.7049	101.292
		*TM_POS -16.5993	-17.7049	101.292
		*TM_ROTAXIS -0.874085	0.418327	0.246937
		*TM_ROTANGLE 1.60863
		*TM_SCALE 1	1	1
		*TM_SCALEAXIS 0	0	0
		*TM_SCALEAXISANG 0	0	0
	}
}
*HELPEROBJECT {
	*NODE_NAME "zs_RightHand"
	*NODE_PARENT "Bip01 R Hand"
	*NODE_TM {
		*NODE_NAME "zs_RightHand"
		*TM_ROW0 0.036562	0.998993	0.0260057
		*TM_ROW1 -0.993092	0.0392248	-0.110586
		*TM_ROW2 -0.111495	-0.0217828	0.993526
		*TM_ROW3 46.2261	-77.1726	173.54
		*TM_POS 46.2261	-77.1726	173.54
		*TM_ROTAXIS 0.0444283	0.0687915	-0.996641
		*TM_ROTANGLE 1.53613
		*TM_SCALE 1	1	1
		*TM_SCALEAXIS 0	0	0
		*TM_SCALEAXISANG 0	0	0
	}
}
*HELPEROBJECT {
	*NODE_NAME "zs_Crossbow"
	*NODE_PARENT "Bip01 Spine2"
	*NODE_TM {
		*NODE_NAME "zs_Crossbow"
		*TM_ROW0 -0.281615	0.0878718	0.955495
		*TM_ROW1 -0.569371	0.786232	-0.240117
		*TM_ROW2 -0.772341	-0.611652	-0.171383
		*TM_ROW3 200.599	346.962	1497.15
		*TM_POS 200.599	346.962	1497.15
		*TM_ROTAXIS -0.197039	0.916341	-0.348562
		*TM_ROTANGLE 1.91069
		*TM_SCALE 1	1	1
		*TM_SCALEAXIS 0	0	0
		*TM_SCALEAXISANG 0	0	0
	}
}
*HELPEROBJECT {
	*NODE_NAME "zs_Longsword"
	*NODE_PARENT "Bip01 Spine2"
	*NODE_TM {
		*NODE_NAME "zs_Longsword"
		*TM_ROW0 -0.464884	0.103653	0.879283
		*TM_ROW1 -0.440451	0.834437	-0.331236
		*TM_ROW2 -0.76804	-0.541268	-0.342263
		*TM_ROW3 -31.842	325.248	1178.19
		*TM_POS -31.842	325.248	1178.19
		*TM_ROTAXIS -0.120188	0.942662	-0.311357
		*TM_ROTANGLE 2.07871
		*TM_SCALE 1	1	1
		*TM_SCALEAXIS 0	0	0
		*TM_SCALEAXISANG 0	0	0
	}
}
*HELPEROBJECT {
	*NODE_NAME "zs_Shield"
	*NODE_PARENT "Bip01 Spine2"
	*NODE_TM {
		*NODE_NAME "zs_Shield"
		*TM_ROW0 0.168687	0.334312	-0.927243
		*TM_ROW1 -0.263295	0.921824	0.284459
		*TM_ROW2 0.949853	0.196154	0.243523
		*TM_ROW3 464.229	85.0727	363.104
		*TM_POS 464.229	85.0727	363.104
		*TM_ROTAXIS -0.0447812	-0.951919	-0.303061
		*TM_ROTANGLE 1.40299
		*TM_SCALE 1	1	1
		*TM_SCALEAXIS 0	0	0
		*TM_SCALEAXISANG 0	0	0
	}
}
*HELPEROBJECT {
	*NODE_NAME "zs_Bow"
	*NODE_PARENT "Bip01 Spine2"
	*NODE_TM {
		*NODE_NAME "zs_Bow"
		*TM_ROW0 -0.367875	-0.0328161	0.929296
		*TM_ROW1 0.763405	0.559949	0.321978
		*TM_ROW2 -0.530925	0.827877	-0.180939
		*TM_ROW3 417.884	325.66	198.021
		*TM_POS 417.884	325.66	198.021
		*TM_ROTAXIS 0.291009	0.839964	0.458011
		*TM_ROTANGLE 2.08798
		*TM_SCALE 1	1	1
		*TM_SCALEAXIS 0	0	0
		*TM_SCALEAXISANG 0	0	0
	}
}
*HELPEROBJECT {
	*NODE_NAME "zs_Sword"
	*NODE_PARENT "Bip01 Spine"
	*NODE_TM {
		*NODE_NAME "zs_Sword"
		*TM_ROW0 -0.0478955	-0.243821	0.968637
		*TM_ROW1 0.317234	0.915828	0.246215
		*TM_ROW2 -0.947137	0.319077	0.0334843
		*TM_ROW3 321.846	-11.4051	72.5995
		*TM_POS 321.846	-11.4051	72.5995
		*TM_ROTAXIS 0.0364754	0.959053	0.280869
		*TM_ROTANGLE 1.62011
		*TM_SCALE 1	1	1
		*TM_SCALEAXIS 0	0	0
		*TM_SCALEAXISANG 0	0	0
	}
}
*HELPEROBJECT {
	*NODE_NAME "Bip01 L Thigh"
	*NODE_PARENT "Bip01 Pelvis"
	*NODE_TM {
		*NODE_NAME "Bip01 L Thigh"
		*TM_ROW0 0.157614	-0.986309	-0.048508
		*TM_ROW1 -0.105647	-0.0656818	0.992232
		*TM_ROW2 -0.981833	-0.151265	-0.114553
		*TM_ROW3 7.84447	14.0272	50.565
		*TM_POS 7.84447	14.0272	50.565
		*TM_ROTAXIS -0.665291	0.543012	0.512373
		*TM_ROTANGLE 2.10751
		*TM_SCALE 1	1	1
		*TM_SCALEAXIS 0	0	0
		*TM_SCALEAXISANG 0	0	0
	}
}
*HELPEROBJECT {
	*NODE_NAME "Bip01 L Calf"
	*NODE_PARENT "Bip01 L Thigh"
	*NODE_TM {
		*NODE_NAME "Bip01 L Calf"
		*TM_ROW0 -0.000548513	0.605977	-0.795482
		*TM_ROW1 0.189744	-0.780968	-0.595052
		*TM_ROW2 -0.981833	-0.151265	-0.114552
		*TM_ROW3 14.0458	-24.779	48.6565
		*TM_POS 14.0458	-24.779	48.6565
		*TM_ROTAXIS -0.69741	-0.292851	0.654108
		*TM_ROTANGLE 3.46539
		*TM_SCALE 1	1	1
		*TM_SCALEAXIS 0	0	0
		*TM_SCALEAXISANG 0	0	0
	}
}
*HELPEROBJECT {
	*NODE_NAME "Bip01 L Foot"
	*NODE_PARENT "Bip01 L Calf"
	*NODE_TM {
		*NODE_NAME "Bip01 L Foot"
		*TM_ROW0 -0.0245303	0.412298	-0.910719
		*TM_ROW1 0.34396	-0.851893	-0.394931
		*TM_ROW2 -0.938664	-0.322939	-0.120917
		*TM_ROW3 14.0188	4.97308	9.60021
		*TM_POS 14.0188	4.97308	9.60021
		*TM_ROTAXIS -0.698136	-0.270994	0.662698
		*TM_ROTANGLE 3.19318
		*TM_SCALE 1	1	1
		*TM_SCALEAXIS 0	0	0
		*TM_SCALEAXISANG 0	0	0
	}
}
*HELPEROBJECT {
	*NODE_NAME "Bip01 L Toe0"
	*NODE_PARENT "Bip01 L Foot"
	*NODE_TM {
		*NODE_NAME "Bip01 L Toe0"
		*TM_ROW0 0.343954	-0.8519	-0.39492
		*TM_ROW1 0.0245325	-0.412285	0.910725
		*TM_ROW2 -0.938666	-0.322936	-0.120908
		*TM_ROW3 21.4977	-9.11104	-10.8419
		*TM_POS 21.4977	-9.11104	-10.8419
		*TM_ROTAXIS -0.767195	0.338147	0.54504
		*TM_ROTANGLE 2.20759
		*TM_SCALE 1	1	1
		*TM_SCALEAXIS 0	0	0
		*TM_SCALEAXISANG 0	0	0
	}
}
*HELPEROBJECT {
	*NODE_NAME "Bip01 R Thigh"
	*NODE_PARENT "Bip01 Pelvis"
	*NODE_TM {
		*NODE_NAME "Bip01 R Thigh"
		*TM_ROW0 -0.348762	-0.091222	-0.932761
		*TM_ROW1 0.180521	-0.983154	0.028653
		*TM_ROW2 -0.919661	-0.15839	0.359354
		*TM_ROW3 -9.15729	18.1048	46.2005
		*TM_POS -9.15729	18.1048	46.2005
		*TM_ROTAXIS 0.566534	0.0396779	-0.823082
		*TM_ROTANGLE 3.30743
		*TM_SCALE 1	1	1
		*TM_SCALEAXIS 0	0	0
		*TM_SCALEAXISANG 0	0	0
	}
}
*HELPEROBJECT {
	*NODE_NAME "Bip01 R Calf"
	*NODE_PARENT "Bip01 R Thigh"
	*NODE_TM {
		*NODE_NAME "Bip01 R Calf"
		*TM_ROW0 -0.00142271	0.916396	0.400271
		*TM_ROW1 -0.39271	0.367603	-0.842999
		*TM_ROW2 -0.919661	-0.15839	0.359354
		*TM_ROW3 -22.8793	14.5157	9.50116
		*TM_POS -22.8793	14.5157	9.50116
		*TM_ROTAXIS 0.345574	0.66627	-0.660805
		*TM_ROTANGLE 1.70846
		*TM_SCALE 1	1	1
		*TM_SCALEAXIS 0	0	0
		*TM_SCALEAXISANG 0	0	0
	}
}
*HELPEROBJECT {
	*NODE_NAME "Bip01 R Foot"
	*NODE_PARENT "Bip01 R Calf"
	*NODE_TM {
		*NODE_NAME "Bip01 R Foot"
		*TM_ROW0 -0.135973	0.841743	-0.522474
		*TM_ROW1 -0.107817	-0.536813	-0.836784
		*TM_ROW2 -0.984828	-0.0574482	0.163746
		*TM_ROW3 -22.9491	59.5085	29.1536
		*TM_POS -22.9491	59.5085	29.1536
		*TM_ROTAXIS 0.593755	0.352255	-0.723444
		*TM_ROTANGLE 2.42572
		*TM_SCALE 1	1	1
		*TM_SCALEAXIS 0	0	0
		*TM_SCALEAXISANG 0	0	0
	}
}
*HELPEROBJECT {
	*NODE_NAME "Bip01 R Toe0"
	*NODE_PARENT "Bip01 R Foot"
	*NODE_TM {
		*NODE_NAME "Bip01 R Toe0"
		*TM_ROW0 -0.107824	-0.536754	-0.836821
		*TM_ROW1 0.13597	-0.84178	0.522415
		*TM_ROW2 -0.984828	-0.0574539	0.163747
		*TM_ROW3 -27.1074	57.9815	3.60842
		*TM_POS -27.1074	57.9815	3.60842
		*TM_ROTAXIS 0.644016	-0.16438	-0.747143
		*TM_ROTANGLE 3.60858
		*TM_SCALE 1	1	1
		*TM_SCALEAXIS 0	0	0
		*TM_SCALEAXISANG 0	0	0
	}
}
