*3DSMAX_ASCIIEXPORT	110
*COMMENT "This file is part of Gothic Free Aim Copyright (C) 2016-2017  mud-freak (@szapp)"
*COMMENT "<http://github.com/szapp/GothicFreeAim>"
*COMMENT "Animations: first iteration"
*SCENE {
	*SCENE_FILENAME "magIK_left_02_further.max"
	*SCENE_FIRSTFRAME 1
	*SCENE_LASTFRAME 26
	*SCENE_FRAMESPEED 25
	*SCENE_TICKSPERFRAME 192
	*SCENE_BACKGROUND_STATIC 0	0	0
	*SCENE_AMBIENT_STATIC 0.2	0.2	0.2
}
*HELPEROBJECT {
	*NODE_NAME "Bip01"
	*NODE_TM {
		*NODE_NAME "Bip01"
		*TM_ROW0 0.281133	-0.931654	-0.230183
		*TM_ROW1 0.958039	0.286437	0.0107599
		*TM_ROW2 0.0559084	-0.223549	0.973088
		*TM_ROW3 -15.4947	14.5376	92.0941
		*TM_POS -15.4947	14.5376	92.0941
		*TM_ROTAXIS -0.121685	-0.148578	0.981385
		*TM_ROTANGLE 1.29706
		*TM_SCALE 1	1	1
		*TM_SCALEAXIS 0	0	0
		*TM_SCALEAXISANG 0	0	0
	}
	*TM_ANIMATION {
		*NODE_NAME "Bip01"
		*CONTROL_POS_TRACK {
			*CONTROL_POS_SAMPLE 192	-20.6701	11.9132	92.6719
			*CONTROL_POS_SAMPLE 384	-19.645	13.3472	91.7797
			*CONTROL_POS_SAMPLE 576	-17.8741	14.1872	91.8132
			*CONTROL_POS_SAMPLE 768	-15.4947	14.5376	92.0941
			*CONTROL_POS_SAMPLE 960	-12.644	14.5027	91.9445
			*CONTROL_POS_SAMPLE 1152	-9.4593	14.1868	91.2292
			*CONTROL_POS_SAMPLE 1344	-6.0778	13.6944	90.3256
			*CONTROL_POS_SAMPLE 1536	-2.63681	13.1298	89.3269
			*CONTROL_POS_SAMPLE 1728	0.726436	12.5973	88.3197
			*CONTROL_POS_SAMPLE 1920	3.87467	12.2013	87.3905
			*CONTROL_POS_SAMPLE 2112	6.67063	12.0461	86.6258
			*CONTROL_POS_SAMPLE 2304	7.6447	11.9132	87.3853
			*CONTROL_POS_SAMPLE 2496	11.6853	11.9014	88.2349
			*CONTROL_POS_SAMPLE 2688	15.936	11.8955	89.1214
			*CONTROL_POS_SAMPLE 2880	20.3257	11.8942	90.0019
			*CONTROL_POS_SAMPLE 3072	24.7836	11.8961	90.8312
			*CONTROL_POS_SAMPLE 3264	29.2388	11.8999	91.561
			*CONTROL_POS_SAMPLE 3456	33.6202	11.9042	92.0893
			*CONTROL_POS_SAMPLE 3648	37.8569	11.9078	92.4181
			*CONTROL_POS_SAMPLE 3840	41.8781	11.9093	92.6554
			*CONTROL_POS_SAMPLE 4032	44.1781	11.9111	92.8366
			*CONTROL_POS_SAMPLE 4224	46.5418	11.9132	92.689
			*CONTROL_POS_SAMPLE 4416	51.414	11.9135	91.9996
			*CONTROL_POS_SAMPLE 4608	57.0351	11.9134	91.1084
			*CONTROL_POS_SAMPLE 4800	61.9626	11.9132	90.4691
			*CONTROL_POS_SAMPLE 4992	62.941	11.9132	91.2407
		}
		*CONTROL_ROT_TRACK {
			*CONTROL_ROT_SAMPLE 192	-0.106431	-0.13988	0.984432	1.31512
			*CONTROL_ROT_SAMPLE 384	-0.121191	-0.155968	0.980299	1.29015
			*CONTROL_ROT_SAMPLE 576	-0.124814	-0.156634	0.979738	1.28735
			*CONTROL_ROT_SAMPLE 768	-0.121685	-0.148578	0.981385	1.29706
			*CONTROL_ROT_SAMPLE 960	-0.116508	-0.138808	0.983442	1.30993
			*CONTROL_ROT_SAMPLE 1152	-0.113856	-0.134049	0.984412	1.3164
			*CONTROL_ROT_SAMPLE 1344	-0.113427	-0.134265	0.984432	1.31642
			*CONTROL_ROT_SAMPLE 1536	-0.112195	-0.134991	0.984474	1.3164
			*CONTROL_ROT_SAMPLE 1728	-0.110532	-0.136116	0.984508	1.31626
			*CONTROL_ROT_SAMPLE 1920	-0.10881	-0.137529	0.984503	1.31591
			*CONTROL_ROT_SAMPLE 2112	-0.107401	-0.139119	0.984434	1.31528
			*CONTROL_ROT_SAMPLE 2304	-0.106039	-0.141681	0.984217	1.31385
			*CONTROL_ROT_SAMPLE 2496	-0.104586	-0.145123	0.983871	1.31177
			*CONTROL_ROT_SAMPLE 2688	-0.103611	-0.148003	0.983545	1.30993
			*CONTROL_ROT_SAMPLE 2880	-0.103693	-0.148867	0.983405	1.3092
			*CONTROL_ROT_SAMPLE 3072	-0.104994	-0.147355	0.983495	1.3098
			*CONTROL_ROT_SAMPLE 3264	-0.107067	-0.14447	0.9837	1.31114
			*CONTROL_ROT_SAMPLE 3456	-0.109575	-0.140804	0.983955	1.31292
			*CONTROL_ROT_SAMPLE 3648	-0.112186	-0.136948	0.984205	1.31482
			*CONTROL_ROT_SAMPLE 3840	-0.114569	-0.133489	0.984406	1.31653
			*CONTROL_ROT_SAMPLE 4032	-0.114569	-0.133489	0.984406	1.31653
			*CONTROL_ROT_SAMPLE 4224	-0.114569	-0.133489	0.984406	1.31653
			*CONTROL_ROT_SAMPLE 4416	-0.114569	-0.133489	0.984406	1.31653
			*CONTROL_ROT_SAMPLE 4608	-0.114569	-0.133489	0.984406	1.31653
			*CONTROL_ROT_SAMPLE 4800	-0.114569	-0.133489	0.984406	1.31653
			*CONTROL_ROT_SAMPLE 4992	-0.114569	-0.133489	0.984406	1.31653
		}
	}
}
*HELPEROBJECT {
	*NODE_NAME "Bip01 Footsteps"
	*NODE_PARENT "Bip01"
	*NODE_TM {
		*NODE_NAME "Bip01 Footsteps"
		*TM_ROW0 1	0	0
		*TM_ROW1 0	1	0
		*TM_ROW2 0	0	1
		*TM_ROW3 -15.4947	14.5376	-0.117544
		*TM_POS -15.4947	14.5376	-0.117544
		*TM_ROTAXIS 0	0	0
		*TM_ROTANGLE 0
		*TM_SCALE 1	1	1
		*TM_SCALEAXIS 0	0	0
		*TM_SCALEAXISANG 0	0	0
	}
}
*HELPEROBJECT {
	*NODE_NAME "Bip01 Pelvis"
	*NODE_PARENT "Bip01"
	*NODE_TM {
		*NODE_NAME "Bip01 Pelvis"
		*TM_ROW0 0.0519097	-0.224743	0.973035
		*TM_ROW1 0.281135	-0.931654	-0.230183
		*TM_ROW2 0.958263	0.285503	0.0148211
		*TM_ROW3 -17.2124	15.4637	92.4055
		*TM_POS -17.2124	15.4637	92.4055
		*TM_ROTAXIS -0.713714	-0.0204434	-0.700139
		*TM_ROTANGLE 3.51122
		*TM_SCALE 1	1	1
		*TM_SCALEAXIS 0	0	0
		*TM_SCALEAXISANG 0	0	0
	}
	*TM_ANIMATION {
		*NODE_NAME "Bip01 Pelvis"
		*CONTROL_POS_TRACK {
			*CONTROL_POS_SAMPLE 192	-22.3673	12.879	92.9745
			*CONTROL_POS_SAMPLE 384	-21.3685	14.2573	92.1057
			*CONTROL_POS_SAMPLE 576	-19.6011	15.0911	92.1385
			*CONTROL_POS_SAMPLE 768	-17.2124	15.4637	92.4055
			*CONTROL_POS_SAMPLE 960	-14.3487	15.4576	92.2396
			*CONTROL_POS_SAMPLE 1152	-11.1574	15.156	91.5162
			*CONTROL_POS_SAMPLE 1344	-7.77572	14.6636	90.6132
			*CONTROL_POS_SAMPLE 1536	-4.33442	14.0989	89.6166
			*CONTROL_POS_SAMPLE 1728	-0.970869	13.566	88.6126
			*CONTROL_POS_SAMPLE 1920	2.17751	13.1691	87.6871
			*CONTROL_POS_SAMPLE 2112	4.97329	13.0123	86.9264
			*CONTROL_POS_SAMPLE 2304	5.94645	12.876	87.6918
			*CONTROL_POS_SAMPLE 2496	9.98562	12.8591	88.5493
			*CONTROL_POS_SAMPLE 2688	14.2349	12.8487	89.4422
			*CONTROL_POS_SAMPLE 2880	18.624	12.8457	90.3244
			*CONTROL_POS_SAMPLE 3072	23.0821	12.8491	91.15
			*CONTROL_POS_SAMPLE 3264	27.5378	12.8562	91.8728
			*CONTROL_POS_SAMPLE 3456	31.9201	12.865	92.3924
			*CONTROL_POS_SAMPLE 3648	36.1579	12.8732	92.7119
			*CONTROL_POS_SAMPLE 3840	40.18	12.8788	92.9409
			*CONTROL_POS_SAMPLE 4032	42.48	12.8805	93.1221
			*CONTROL_POS_SAMPLE 4224	44.8437	12.8827	92.9745
			*CONTROL_POS_SAMPLE 4416	49.7159	12.883	92.2851
			*CONTROL_POS_SAMPLE 4608	55.337	12.8828	91.3939
			*CONTROL_POS_SAMPLE 4800	60.2645	12.8827	90.7546
			*CONTROL_POS_SAMPLE 4992	61.2428	12.8827	91.5262
		}
		*CONTROL_ROT_TRACK {
			*CONTROL_ROT_SAMPLE 192	-0.715813	-0.0195665	-0.698017	3.4837
			*CONTROL_ROT_SAMPLE 384	-0.716054	-0.0214912	-0.697714	3.52023
			*CONTROL_ROT_SAMPLE 576	-0.715146	-0.0214999	-0.698644	3.52485
			*CONTROL_ROT_SAMPLE 768	-0.713714	-0.0204434	-0.700139	3.51122
			*CONTROL_ROT_SAMPLE 960	-0.712379	-0.0191807	-0.701533	3.49302
			*CONTROL_ROT_SAMPLE 1152	-0.711761	-0.0185632	-0.702177	3.48392
			*CONTROL_ROT_SAMPLE 1344	-0.711959	-0.018614	-0.701974	3.48376
			*CONTROL_ROT_SAMPLE 1536	-0.71256	-0.0187662	-0.70136	3.48343
			*CONTROL_ROT_SAMPLE 1728	-0.713414	-0.0189802	-0.700485	3.48317
			*CONTROL_ROT_SAMPLE 1920	-0.714373	-0.0192166	-0.699502	3.48319
			*CONTROL_ROT_SAMPLE 2112	-0.715286	-0.0194356	-0.698561	3.48373
			*CONTROL_ROT_SAMPLE 2304	-0.716475	-0.0197079	-0.697334	3.48547
			*CONTROL_ROT_SAMPLE 2496	-0.717952	-0.0200397	-0.695804	3.48818
			*CONTROL_ROT_SAMPLE 2688	-0.719109	-0.0202954	-0.694601	3.49068
			*CONTROL_ROT_SAMPLE 2880	-0.719341	-0.0203391	-0.69436	3.49179
			*CONTROL_ROT_SAMPLE 3072	-0.718493	-0.0201354	-0.695242	3.49124
			*CONTROL_ROT_SAMPLE 3264	-0.716997	-0.0197823	-0.696796	3.4898
			*CONTROL_ROT_SAMPLE 3456	-0.715126	-0.0193438	-0.698728	3.48785
			*CONTROL_ROT_SAMPLE 3648	-0.713157	-0.0188839	-0.70075	3.48577
			*CONTROL_ROT_SAMPLE 3840	-0.71137	-0.0184668	-0.702575	3.48394
			*CONTROL_ROT_SAMPLE 4032	-0.71137	-0.0184668	-0.702575	3.48394
			*CONTROL_ROT_SAMPLE 4224	-0.71137	-0.0184668	-0.702575	3.48394
			*CONTROL_ROT_SAMPLE 4416	-0.71137	-0.0184668	-0.702575	3.48394
			*CONTROL_ROT_SAMPLE 4608	-0.71137	-0.0184668	-0.702575	3.48394
			*CONTROL_ROT_SAMPLE 4800	-0.71137	-0.0184668	-0.702575	3.48394
			*CONTROL_ROT_SAMPLE 4992	-0.71137	-0.0184668	-0.702575	3.48394
		}
	}
}
*HELPEROBJECT {
	*NODE_NAME "Bip01 Spine"
	*NODE_PARENT "Bip01 Pelvis"
	*NODE_TM {
		*NODE_NAME "Bip01 Spine"
		*TM_ROW0 0.0817128	-0.286116	0.954704
		*TM_ROW1 0.274273	-0.914466	-0.297532
		*TM_ROW2 0.958174	0.286162	0.00375046
		*TM_ROW3 -17.1032	15.01	94.7623
		*TM_POS -17.1032	15.01	94.7623
		*TM_ROTAXIS -0.721354	0.00428786	-0.692553
		*TM_ROTANGLE 3.55811
		*TM_SCALE 1	1	1
		*TM_SCALEAXIS 0	0	0
		*TM_SCALEAXISANG 0	0	0
	}
}
*HELPEROBJECT {
	*NODE_NAME "Bip01 Spine1"
	*NODE_PARENT "Bip01 Spine"
	*NODE_TM {
		*NODE_NAME "Bip01 Spine1"
		*TM_ROW0 0.0713615	-0.309611	0.948182
		*TM_ROW1 0.255633	-0.913179	-0.317421
		*TM_ROW2 0.964137	0.265038	0.013981
		*TM_ROW3 -16.3028	12.2076	104.148
		*TM_POS -16.3028	12.2076	104.148
		*TM_ROTAXIS -0.717494	0.0196538	-0.696288
		*TM_ROTANGLE 3.55955
		*TM_SCALE 1	1	1
		*TM_SCALEAXIS 0	0	0
		*TM_SCALEAXISANG 0	0	0
	}
}
*HELPEROBJECT {
	*NODE_NAME "Bip01 Spine2"
	*NODE_PARENT "Bip01 Spine1"
	*NODE_TM {
		*NODE_NAME "Bip01 Spine2"
		*TM_ROW0 0.242405	-0.152776	0.958071
		*TM_ROW1 0.0904068	-0.979669	-0.179094
		*TM_ROW2 0.965954	0.130029	-0.223664
		*TM_ROW3 -15.3923	8.2711	116.279
		*TM_POS -15.3923	8.2711	116.279
		*TM_ROTAXIS -0.78579	0.0200385	-0.618169
		*TM_ROTANGLE 3.33958
		*TM_SCALE 1	1	1
		*TM_SCALEAXIS 0	0	0
		*TM_SCALEAXISANG 0	0	0
	}
}
*HELPEROBJECT {
	*NODE_NAME "Bip01 Neck"
	*NODE_PARENT "Bip01 Spine2"
	*NODE_TM {
		*NODE_NAME "Bip01 Neck"
		*TM_ROW0 0.256775	-0.376218	0.89024
		*TM_ROW1 0.0316053	-0.917362	-0.396796
		*TM_ROW2 0.965954	0.130024	-0.223665
		*TM_ROW3 -8.12416	3.69527	145.008
		*TM_POS -8.12416	3.69527	145.008
		*TM_ROTAXIS -0.785693	0.11292	-0.608223
		*TM_ROTANGLE 3.48347
		*TM_SCALE 1	1	1
		*TM_SCALEAXIS 0	0	0
		*TM_SCALEAXISANG 0	0	0
	}
}
*HELPEROBJECT {
	*NODE_NAME "Bip01 Head"
	*NODE_PARENT "Bip01 Neck"
	*NODE_TM {
		*NODE_NAME "Bip01 Head"
		*TM_ROW0 0.0565716	-0.13729	0.988914
		*TM_ROW1 -0.0255782	-0.990375	-0.136029
		*TM_ROW2 0.998071	-0.0175993	-0.0595387
		*TM_ROW3 -6.36802	1.12223	151.096
		*TM_POS -6.36802	1.12223	151.096
		*TM_ROTAXIS -0.726291	0.056155	-0.685089
		*TM_ROTANGLE 3.22321
		*TM_SCALE 1	1	1
		*TM_SCALEAXIS 0	0	0
		*TM_SCALEAXISANG 0	0	0
	}
}
*HELPEROBJECT {
	*NODE_NAME "zs_Helmet"
	*NODE_PARENT "Bip01 Head"
	*NODE_TM {
		*NODE_NAME "zs_Helmet"
		*TM_ROW0 0.998071	-0.0175984	-0.0595385
		*TM_ROW1 0.02106	0.998093	0.0580216
		*TM_ROW2 0.0584039	-0.0591636	0.996538
		*TM_ROW3 7.72304	-109.019	419.862
		*TM_POS 7.72304	-109.019	419.862
		*TM_ROTAXIS -0.686513	-0.690948	0.226474
		*TM_ROTANGLE 0.0854521
		*TM_SCALE 1	1	1
		*TM_SCALEAXIS 0	0	0
		*TM_SCALEAXISANG 0	0	0
	}
}
*HELPEROBJECT {
	*NODE_NAME "Bip01 L Clavicle"
	*NODE_PARENT "Bip01 Neck"
	*NODE_TM {
		*NODE_NAME "Bip01 L Clavicle"
		*TM_ROW0 0.971203	0.167875	-0.169067
		*TM_ROW1 -0.135317	0.972703	0.188516
		*TM_ROW2 0.196099	-0.160209	0.967408
		*TM_ROW3 -1.95564	7.96732	138.525
		*TM_POS -1.95564	7.96732	138.525
		*TM_ROTAXIS -0.592098	-0.620011	-0.514787
		*TM_ROTANGLE 0.298914
		*TM_SCALE 1	1	1
		*TM_SCALEAXIS 0	0	0
		*TM_SCALEAXISANG 0	0	0
	}
}
*HELPEROBJECT {
	*NODE_NAME "Bip01 L UpperArm"
	*NODE_PARENT "Bip01 L Clavicle"
	*NODE_TM {
		*NODE_NAME "Bip01 L UpperArm"
		*TM_ROW0 0.388305	0.339343	-0.856777
		*TM_ROW1 0.0733679	0.915396	0.395811
		*TM_ROW2 0.918606	-0.216555	0.330556
		*TM_ROW3 10.9866	10.2044	136.272
		*TM_POS 10.9866	10.2044	136.272
		*TM_ROTAXIS -0.322848	-0.936005	-0.140225
		*TM_ROTANGLE 1.2481
		*TM_SCALE 1	1	1
		*TM_SCALEAXIS 0	0	0
		*TM_SCALEAXISANG 0	0	0
	}
}
*HELPEROBJECT {
	*NODE_NAME "Bip01 L Forearm"
	*NODE_PARENT "Bip01 L UpperArm"
	*NODE_TM {
		*NODE_NAME "Bip01 L Forearm"
		*TM_ROW0 0.241874	-0.35338	-0.90367
		*TM_ROW1 0.312506	0.910069	-0.272238
		*TM_ROW2 0.918606	-0.216555	0.330556
		*TM_ROW3 21.8227	19.6742	112.363
		*TM_POS 21.8227	19.6742	112.363
		*TM_ROTAXIS 0.0286886	-0.938869	0.343077
		*TM_ROTANGLE 1.32714
		*TM_SCALE 1	1	1
		*TM_SCALEAXIS 0	0	0
		*TM_SCALEAXISANG 0	0	0
	}
}
*HELPEROBJECT {
	*NODE_NAME "Bip01 L Hand"
	*NODE_PARENT "Bip01 L Forearm"
	*NODE_TM {
		*NODE_NAME "Bip01 L Hand"
		*TM_ROW0 0.0854342	-0.509107	-0.856453
		*TM_ROW1 -0.955312	0.202288	-0.215543
		*TM_ROW2 0.282984	0.836594	-0.469073
		*TM_ROW3 28.5508	9.84446	87.2259
		*TM_POS 28.5508	9.84446	87.2259
		*TM_ROTAXIS 0.651955	-0.706051	-0.276491
		*TM_ROTANGLE 2.20269
		*TM_SCALE 1	1	1
		*TM_SCALEAXIS 0	0	0
		*TM_SCALEAXISANG 0	0	0
	}
}
*HELPEROBJECT {
	*NODE_NAME "Bip01 L Finger0"
	*NODE_PARENT "Bip01 L Hand"
	*NODE_TM {
		*NODE_NAME "Bip01 L Finger0"
		*TM_ROW0 0.0854332	-0.509106	-0.856453
		*TM_ROW1 -0.955528	0.201649	-0.215183
		*TM_ROW2 0.282254	0.836749	-0.469238
		*TM_ROW3 29.6503	3.29233	76.2035
		*TM_POS 29.6503	3.29233	76.2035
		*TM_ROTAXIS 0.652066	-0.705856	-0.276726
		*TM_ROTANGLE 2.20319
		*TM_SCALE 1	1	1
		*TM_SCALEAXIS 0	0	0
		*TM_SCALEAXISANG 0	0	0
	}
}
*HELPEROBJECT {
	*NODE_NAME "zs_LeftHand"
	*NODE_PARENT "Bip01 L Hand"
	*NODE_TM {
		*NODE_NAME "zs_LeftHand"
		*TM_ROW0 0.239662	0.893055	-0.380809
		*TM_ROW1 0.296357	-0.440814	-0.847264
		*TM_ROW2 -0.924519	0.0902011	-0.370309
		*TM_ROW3 -30.2171	-41.7801	-19.9588
		*TM_POS -30.2171	-41.7801	-19.9588
		*TM_ROTAXIS -0.757769	-0.43949	0.482321
		*TM_ROTANGLE 3.80851
		*TM_SCALE 1	1	1
		*TM_SCALEAXIS 0	0	0
		*TM_SCALEAXISANG 0	0	0
	}
}
*HELPEROBJECT {
	*NODE_NAME "zs_LeftArm"
	*NODE_PARENT "Bip01 L Forearm"
	*NODE_TM {
		*NODE_NAME "zs_LeftArm"
		*TM_ROW0 0.226331	-0.125072	-0.965987
		*TM_ROW1 0.32269	0.945347	-0.0467931
		*TM_ROW2 0.919046	-0.301124	0.254321
		*TM_ROW3 75.858	-243.498	-60.4295
		*TM_POS 75.858	-243.498	-60.4295
		*TM_ROTAXIS -0.130152	-0.964653	0.229139
		*TM_ROTANGLE 1.35615
		*TM_SCALE 1	1	1
		*TM_SCALEAXIS 0	0	0
		*TM_SCALEAXISANG 0	0	0
	}
}
*HELPEROBJECT {
	*NODE_NAME "Bip01 R Clavicle"
	*NODE_PARENT "Bip01 Neck"
	*NODE_TM {
		*NODE_NAME "Bip01 R Clavicle"
		*TM_ROW0 -0.999426	-0.0211022	0.0265077
		*TM_ROW1 -0.0165738	0.986859	0.160731
		*TM_ROW2 -0.0295511	0.160199	-0.986642
		*TM_ROW3 -17.3413	5.89618	142.088
		*TM_POS -17.3413	5.89618	142.088
		*TM_ROTAXIS 0.00945195	-0.996709	-0.0805135
		*TM_ROTANGLE 3.16972
		*TM_SCALE 1	1	1
		*TM_SCALEAXIS 0	0	0
		*TM_SCALEAXISANG 0	0	0
	}
}
*HELPEROBJECT {
	*NODE_NAME "Bip01 R UpperArm"
	*NODE_PARENT "Bip01 R Clavicle"
	*NODE_TM {
		*NODE_NAME "Bip01 R UpperArm"
		*TM_ROW0 -0.323866	-0.0417634	-0.945181
		*TM_ROW1 0.0441528	0.99727	-0.0591939
		*TM_ROW2 0.945072	-0.0609033	-0.321137
		*TM_ROW3 -30.6597	5.61497	142.441
		*TM_POS -30.6597	5.61497	142.441
		*TM_ROTAXIS -0.000903354	-0.998968	0.0454053
		*TM_ROTANGLE 1.90061
		*TM_SCALE 1	1	1
		*TM_SCALEAXIS 0	0	0
		*TM_SCALEAXISANG 0	0	0
	}
}
*HELPEROBJECT {
	*NODE_NAME "Bip01 R Forearm"
	*NODE_PARENT "Bip01 R UpperArm"
	*NODE_TM {
		*NODE_NAME "Bip01 R Forearm"
		*TM_ROW0 -0.0656322	-0.997836	-0.00391007
		*TM_ROW1 -0.320204	0.0247723	-0.947025
		*TM_ROW2 0.945072	-0.0609033	-0.321137
		*TM_ROW3 -39.6975	4.44951	116.064
		*TM_POS -39.6975	4.44951	116.064
		*TM_ROTAXIS 0.605039	-0.64796	0.462683
		*TM_ROTANGLE 2.31992
		*TM_SCALE 1	1	1
		*TM_SCALEAXIS 0	0	0
		*TM_SCALEAXISANG 0	0	0
	}
}
*HELPEROBJECT {
	*NODE_NAME "Bip01 R Hand"
	*NODE_PARENT "Bip01 R Forearm"
	*NODE_TM {
		*NODE_NAME "Bip01 R Hand"
		*TM_ROW0 -0.066934	-0.99766	-0.0139757
		*TM_ROW1 0.269517	-0.031565	0.962478
		*TM_ROW2 -0.960667	0.0606558	0.270999
		*TM_ROW3 -41.5232	-23.3066	115.956
		*TM_POS -41.5232	-23.3066	115.956
		*TM_ROTAXIS -0.495294	0.519937	0.695952
		*TM_ROTANGLE 1.99737
		*TM_SCALE 1	1	1
		*TM_SCALEAXIS 0	0	0
		*TM_SCALEAXISANG 0	0	0
	}
}
*HELPEROBJECT {
	*NODE_NAME "Bip01 R Finger0"
	*NODE_PARENT "Bip01 R Hand"
	*NODE_TM {
		*NODE_NAME "Bip01 R Finger0"
		*TM_ROW0 -0.0669274	-0.99766	-0.0139696
		*TM_ROW1 0.268788	-0.0315113	0.962684
		*TM_ROW2 -0.960871	0.060675	0.270268
		*TM_ROW3 -42.3846	-36.1463	115.776
		*TM_POS -42.3846	-36.1463	115.776
		*TM_ROTAXIS -0.49548	0.52014	0.695669
		*TM_ROTANGLE 1.99773
		*TM_SCALE 1	1	1
		*TM_SCALEAXIS 0	0	0
		*TM_SCALEAXISANG 0	0	0
	}
}
*HELPEROBJECT {
	*NODE_NAME "zs_RightHand"
	*NODE_PARENT "Bip01 R Hand"
	*NODE_TM {
		*NODE_NAME "zs_RightHand"
		*TM_ROW0 0.855848	-0.0580489	-0.513959
		*TM_ROW1 0.115704	0.989987	0.080857
		*TM_ROW2 0.504119	-0.128668	0.853995
		*TM_ROW3 -169.692	-119.918	246.402
		*TM_POS -169.692	-119.918	246.402
		*TM_ROTAXIS -0.198821	-0.966067	0.164876
		*TM_ROTANGLE 0.554972
		*TM_SCALE 1	1	1
		*TM_SCALEAXIS 0	0	0
		*TM_SCALEAXISANG 0	0	0
	}
}
*HELPEROBJECT {
	*NODE_NAME "zs_Crossbow"
	*NODE_PARENT "Bip01 Spine2"
	*NODE_TM {
		*NODE_NAME "zs_Crossbow"
		*TM_ROW0 -0.147557	-0.452661	0.879389
		*TM_ROW1 -0.988887	0.0511967	-0.139577
		*TM_ROW2 0.0181591	-0.890212	-0.455185
		*TM_ROW3 -41.4064	44.4268	1496.93
		*TM_POS -41.4064	44.4268	1496.93
		*TM_ROTAXIS 0.594786	-0.682419	0.424893
		*TM_ROTANGLE 3.82445
		*TM_SCALE 1	1	1
		*TM_SCALEAXIS 0	0	0
		*TM_SCALEAXISANG 0	0	0
	}
}
*HELPEROBJECT {
	*NODE_NAME "zs_Longsword"
	*NODE_PARENT "Bip01 Spine2"
	*NODE_TM {
		*NODE_NAME "zs_Longsword"
		*TM_ROW0 -0.270234	-0.430204	0.861335
		*TM_ROW1 -0.962709	0.13263	-0.235795
		*TM_ROW2 -0.0127991	-0.892936	-0.450002
		*TM_ROW3 -182.995	20.7102	1251.56
		*TM_POS -182.995	20.7102	1251.56
		*TM_ROTAXIS 0.540256	-0.718654	0.43779
		*TM_ROTANGLE 3.79535
		*TM_SCALE 1	1	1
		*TM_SCALEAXIS 0	0	0
		*TM_SCALEAXISANG 0	0	0
	}
}
*HELPEROBJECT {
	*NODE_NAME "zs_Shield"
	*NODE_PARENT "Bip01 Spine2"
	*NODE_TM {
		*NODE_NAME "zs_Shield"
		*TM_ROW0 -0.268325	0.438973	-0.857499
		*TM_ROW1 -0.878648	0.253414	0.404671
		*TM_ROW2 0.394942	0.862023	0.317706
		*TM_ROW3 212.585	397.069	433.023
		*TM_POS 212.585	397.069	433.023
		*TM_ROTAXIS 0.24398	-0.668132	-0.702903
		*TM_ROTANGLE 1.92688
		*TM_SCALE 1	1	1
		*TM_SCALEAXIS 0	0	0
		*TM_SCALEAXISANG 0	0	0
	}
}
*HELPEROBJECT {
	*NODE_NAME "zs_Bow"
	*NODE_PARENT "Bip01 Spine2"
	*NODE_TM {
		*NODE_NAME "zs_Bow"
		*TM_ROW0 -0.0846267	-0.433991	0.896934
		*TM_ROW1 -0.00385958	0.900299	0.435255
		*TM_ROW2 -0.996405	0.0333724	-0.0778643
		*TM_ROW3 -27.8061	508.592	302.419
		*TM_POS -27.8061	508.592	302.419
		*TM_ROTAXIS -0.202691	0.954911	0.216938
		*TM_ROTANGLE 1.70227
		*TM_SCALE 1	1	1
		*TM_SCALEAXIS 0	0	0
		*TM_SCALEAXISANG 0	0	0
	}
}
*HELPEROBJECT {
	*NODE_NAME "zs_Sword"
	*NODE_PARENT "Bip01 Spine"
	*NODE_TM {
		*NODE_NAME "zs_Sword"
		*TM_ROW0 0.178188	-0.632971	0.75339
		*TM_ROW1 -0.223516	0.719592	0.65744
		*TM_ROW2 -0.958274	-0.285543	-0.0132564
		*TM_ROW3 266.127	161.201	154.918
		*TM_POS 266.127	161.201	154.918
		*TM_ROTAXIS -0.47228	0.857262	0.20507
		*TM_ROTANGLE 1.62857
		*TM_SCALE 1	1	1
		*TM_SCALEAXIS 0	0	0
		*TM_SCALEAXISANG 0	0	0
	}
}
*HELPEROBJECT {
	*NODE_NAME "Bip01 L Thigh"
	*NODE_PARENT "Bip01 Pelvis"
	*NODE_TM {
		*NODE_NAME "Bip01 L Thigh"
		*TM_ROW0 0.40782	-0.600501	-0.687809
		*TM_ROW1 0.170795	-0.689831	0.703535
		*TM_ROW2 -0.896946	-0.40439	-0.178764
		*TM_ROW3 -8.57823	18.0361	92.539
		*TM_POS -8.57823	18.0361	92.539
		*TM_ROTAXIS -0.811034	0.153094	0.564612
		*TM_ROTANGLE 2.38969
		*TM_SCALE 1	1	1
		*TM_SCALEAXIS 0	0	0
		*TM_SCALEAXISANG 0	0	0
	}
	*TM_ANIMATION {
		*NODE_NAME "Bip01 L Thigh"
		*CONTROL_POS_TRACK {
			*CONTROL_POS_SAMPLE 192	-13.6834	15.2817	93.0121
			*CONTROL_POS_SAMPLE 384	-12.7559	16.9029	92.1954
			*CONTROL_POS_SAMPLE 576	-10.9965	17.7615	92.2587
			*CONTROL_POS_SAMPLE 768	-8.57823	18.0361	92.539
			*CONTROL_POS_SAMPLE 960	-5.6776	17.9022	92.3778
			*CONTROL_POS_SAMPLE 1152	-2.46849	17.5368	91.6561
			*CONTROL_POS_SAMPLE 1344	0.913157	17.0446	90.7478
			*CONTROL_POS_SAMPLE 1536	4.35427	16.4814	89.7356
			*CONTROL_POS_SAMPLE 1728	7.71719	15.9518	88.7097
			*CONTROL_POS_SAMPLE 1920	10.8643	15.5605	87.7602
			*CONTROL_POS_SAMPLE 2112	13.6579	15.4121	86.9773
			*CONTROL_POS_SAMPLE 2304	14.6264	15.2928	87.7155
			*CONTROL_POS_SAMPLE 2496	18.6588	15.3004	88.5399
			*CONTROL_POS_SAMPLE 2688	22.902	15.3113	89.4075
			*CONTROL_POS_SAMPLE 2880	27.2889	15.3161	90.2857
			*CONTROL_POS_SAMPLE 3072	31.7493	15.3114	91.1318
			*CONTROL_POS_SAMPLE 3264	36.2099	15.3015	91.8902
			*CONTROL_POS_SAMPLE 3456	40.5982	15.2881	92.4538
			*CONTROL_POS_SAMPLE 3648	44.842	15.2728	92.8195
			*CONTROL_POS_SAMPLE 3840	48.8692	15.2575	93.0906
			*CONTROL_POS_SAMPLE 4032	51.1693	15.2592	93.2717
			*CONTROL_POS_SAMPLE 4224	53.533	15.2614	93.1241
			*CONTROL_POS_SAMPLE 4416	58.4052	15.2617	92.4347
			*CONTROL_POS_SAMPLE 4608	64.0263	15.2615	91.5435
			*CONTROL_POS_SAMPLE 4800	68.9537	15.2614	90.9043
			*CONTROL_POS_SAMPLE 4992	69.9321	15.2614	91.6759
		}
		*CONTROL_ROT_TRACK {
			*CONTROL_ROT_SAMPLE 192	-0.7581	0.0686005	0.64852	2.52982
			*CONTROL_ROT_SAMPLE 384	-0.772302	0.102307	0.626963	2.42782
			*CONTROL_ROT_SAMPLE 576	-0.79403	0.138628	0.591861	2.38484
			*CONTROL_ROT_SAMPLE 768	-0.811034	0.153094	0.564612	2.38969
			*CONTROL_ROT_SAMPLE 960	-0.82253	0.15023	0.548521	2.40964
			*CONTROL_ROT_SAMPLE 1152	-0.834116	0.145595	0.532027	2.42547
			*CONTROL_ROT_SAMPLE 1344	-0.845194	0.136059	0.516851	2.44241
			*CONTROL_ROT_SAMPLE 1536	-0.855246	0.123386	0.503318	2.4643
			*CONTROL_ROT_SAMPLE 1728	-0.864177	0.10726	0.491623	2.49097
			*CONTROL_ROT_SAMPLE 1920	-0.871842	0.0865862	0.482073	2.52274
			*CONTROL_ROT_SAMPLE 2112	-0.877851	0.0582183	0.475383	2.56173
			*CONTROL_ROT_SAMPLE 2304	-0.873922	0.0471841	0.48377	2.57386
			*CONTROL_ROT_SAMPLE 2496	-0.864994	0.0698052	0.496904	2.53627
			*CONTROL_ROT_SAMPLE 2688	-0.853499	0.0845459	0.51419	2.50564
			*CONTROL_ROT_SAMPLE 2880	-0.83993	0.0931232	0.534645	2.48244
			*CONTROL_ROT_SAMPLE 3072	-0.82475	0.0968231	0.557147	2.46696
			*CONTROL_ROT_SAMPLE 3264	-0.808602	0.0968908	0.580324	2.45814
			*CONTROL_ROT_SAMPLE 3456	-0.792368	0.095611	0.602504	2.45341
			*CONTROL_ROT_SAMPLE 3648	-0.776888	0.0938621	0.622603	2.45153
			*CONTROL_ROT_SAMPLE 3840	-0.762958	0.0912149	0.63998	2.45298
			*CONTROL_ROT_SAMPLE 4032	-0.757347	0.0882936	0.647016	2.45663
			*CONTROL_ROT_SAMPLE 4224	-0.754285	0.0908802	0.650226	2.45249
			*CONTROL_ROT_SAMPLE 4416	-0.751091	0.10356	0.652025	2.42896
			*CONTROL_ROT_SAMPLE 4608	-0.75601	0.12227	0.643039	2.39727
			*CONTROL_ROT_SAMPLE 4800	-0.767602	0.138996	0.625674	2.37332
			*CONTROL_ROT_SAMPLE 4992	-0.789922	0.135326	0.598088	2.39085
		}
	}
}
*HELPEROBJECT {
	*NODE_NAME "Bip01 L Calf"
	*NODE_PARENT "Bip01 L Thigh"
	*NODE_TM {
		*NODE_NAME "Bip01 L Calf"
		*TM_ROW0 0.127239	0.151128	-0.980291
		*TM_ROW1 0.423436	-0.902014	-0.0840993
		*TM_ROW2 -0.896946	-0.40439	-0.178764
		*TM_ROW3 7.46737	-5.5905	65.4773
		*TM_POS 7.46737	-5.5905	65.4773
		*TM_ROTAXIS -0.747323	-0.194466	0.635367
		*TM_ROTANGLE 2.92563
		*TM_SCALE 1	1	1
		*TM_SCALEAXIS 0	0	0
		*TM_SCALEAXISANG 0	0	0
	}
	*TM_ANIMATION {
		*NODE_NAME "Bip01 L Calf"
		*CONTROL_POS_TRACK {
			*CONTROL_POS_SAMPLE 192	-4.76929	-3.09383	59.3833
			*CONTROL_POS_SAMPLE 384	-1.29047	-4.70543	61.3792
			*CONTROL_POS_SAMPLE 576	3.23925	-5.70609	64.0694
			*CONTROL_POS_SAMPLE 768	7.46737	-5.5905	65.4773
			*CONTROL_POS_SAMPLE 960	11.4749	-4.99949	65.3719
			*CONTROL_POS_SAMPLE 1152	15.8755	-4.58731	64.7853
			*CONTROL_POS_SAMPLE 1344	20.4175	-4.03044	63.851
			*CONTROL_POS_SAMPLE 1536	24.899	-3.31616	62.6435
			*CONTROL_POS_SAMPLE 1728	29.1731	-2.31259	61.2494
			*CONTROL_POS_SAMPLE 1920	33.0826	-0.831757	59.7306
			*CONTROL_POS_SAMPLE 2112	36.4283	1.47123	58.0778
			*CONTROL_POS_SAMPLE 2304	36.8383	2.06764	58.055
			*CONTROL_POS_SAMPLE 2496	39.9509	-0.153648	59.2852
			*CONTROL_POS_SAMPLE 2688	42.9681	-1.82783	60.225
			*CONTROL_POS_SAMPLE 2880	45.8858	-3.0773	60.8942
			*CONTROL_POS_SAMPLE 3072	48.6864	-3.97601	61.3132
			*CONTROL_POS_SAMPLE 3264	51.3743	-4.58948	61.519
			*CONTROL_POS_SAMPLE 3456	53.9911	-5.0512	61.5513
			*CONTROL_POS_SAMPLE 3648	56.5594	-5.40271	61.4629
			*CONTROL_POS_SAMPLE 3840	59.0767	-5.59582	61.3264
			*CONTROL_POS_SAMPLE 4032	60.7431	-5.51425	61.2589
			*CONTROL_POS_SAMPLE 4224	62.8282	-5.78413	61.207
			*CONTROL_POS_SAMPLE 4416	67.6255	-6.88749	61.2512
			*CONTROL_POS_SAMPLE 4608	74.1146	-8.19084	61.6065
			*CONTROL_POS_SAMPLE 4800	80.5137	-9.0615	62.2201
			*CONTROL_POS_SAMPLE 4992	83.6649	-8.07259	63.1285
		}
		*CONTROL_ROT_TRACK {
			*CONTROL_ROT_SAMPLE 192	-0.711109	-0.161475	0.684288	2.94985
			*CONTROL_ROT_SAMPLE 384	-0.708501	-0.189702	0.679735	2.94621
			*CONTROL_ROT_SAMPLE 576	-0.726156	-0.198542	0.658239	2.94099
			*CONTROL_ROT_SAMPLE 768	-0.747323	-0.194466	0.635367	2.92563
			*CONTROL_ROT_SAMPLE 960	-0.763386	-0.187779	0.618046	2.90752
			*CONTROL_ROT_SAMPLE 1152	-0.777982	-0.183757	0.600814	2.88908
			*CONTROL_ROT_SAMPLE 1344	-0.791935	-0.179074	0.583756	2.86711
			*CONTROL_ROT_SAMPLE 1536	-0.805925	-0.171786	0.566546	2.84563
			*CONTROL_ROT_SAMPLE 1728	-0.820082	-0.160763	0.549201	2.82338
			*CONTROL_ROT_SAMPLE 1920	-0.834565	-0.14443	0.53164	2.79827
			*CONTROL_ROT_SAMPLE 2112	-0.849734	-0.119721	0.513438	2.76626
			*CONTROL_ROT_SAMPLE 2304	-0.847841	-0.114183	0.51781	2.76245
			*CONTROL_ROT_SAMPLE 2496	-0.82941	-0.139413	0.540965	2.79381
			*CONTROL_ROT_SAMPLE 2688	-0.809705	-0.158776	0.564949	2.82304
			*CONTROL_ROT_SAMPLE 2880	-0.789357	-0.172936	0.589074	2.85151
			*CONTROL_ROT_SAMPLE 3072	-0.769088	-0.182349	0.612578	2.87921
			*CONTROL_ROT_SAMPLE 3264	-0.749507	-0.187861	0.634782	2.9051
			*CONTROL_ROT_SAMPLE 3456	-0.73107	-0.190873	0.655061	2.9295
			*CONTROL_ROT_SAMPLE 3648	-0.714381	-0.19208	0.672878	2.95165
			*CONTROL_ROT_SAMPLE 3840	-0.700249	-0.191558	0.687719	2.96959
			*CONTROL_ROT_SAMPLE 4032	-0.695214	-0.190073	0.693217	2.97383
			*CONTROL_ROT_SAMPLE 4224	0.691404	0.191296	-0.696683	3.30145
			*CONTROL_ROT_SAMPLE 4416	0.683876	0.199123	-0.7019	3.27989
			*CONTROL_ROT_SAMPLE 4608	0.683185	0.210005	-0.699397	3.26347
			*CONTROL_ROT_SAMPLE 4800	-0.690636	-0.219071	0.689225	3.0211
			*CONTROL_ROT_SAMPLE 4992	-0.716617	-0.214688	0.663603	2.97945
		}
	}
}
*HELPEROBJECT {
	*NODE_NAME "Bip01 L Foot"
	*NODE_PARENT "Bip01 L Calf"
	*NODE_TM {
		*NODE_NAME "Bip01 L Foot"
		*TM_ROW0 0.0215744	0.0062493	-0.999748
		*TM_ROW1 0.476181	-0.879334	0.00477929
		*TM_ROW2 -0.879083	-0.476164	-0.0219469
		*TM_ROW3 13.7145	1.82952	17.3473
		*TM_POS 13.7145	1.82952	17.3473
		*TM_ROTAXIS -0.704002	-0.176629	0.687883
		*TM_ROTANGLE 2.793
		*TM_SCALE 1	1	1
		*TM_SCALEAXIS 0	0	0
		*TM_SCALEAXISANG 0	0	0
	}
	*TM_ANIMATION {
		*NODE_NAME "Bip01 L Foot"
		*CONTROL_POS_TRACK {
			*CONTROL_POS_SAMPLE 192	-3.76714	1.67568	10.5281
			*CONTROL_POS_SAMPLE 384	-0.631411	1.88773	12.7307
			*CONTROL_POS_SAMPLE 576	6.38563	1.86916	15.6618
			*CONTROL_POS_SAMPLE 768	13.7145	1.82952	17.3473
			*CONTROL_POS_SAMPLE 960	20.1601	1.84635	17.5359
			*CONTROL_POS_SAMPLE 1152	26.8258	1.85815	17.3603
			*CONTROL_POS_SAMPLE 1344	33.5894	1.86581	16.9222
			*CONTROL_POS_SAMPLE 1536	40.3289	1.87017	16.3229
			*CONTROL_POS_SAMPLE 1728	46.9223	1.87208	15.6639
			*CONTROL_POS_SAMPLE 1920	53.2475	1.87246	15.0468
			*CONTROL_POS_SAMPLE 2112	59.1824	1.87215	14.573
			*CONTROL_POS_SAMPLE 2304	59.3072	1.82659	14.401
			*CONTROL_POS_SAMPLE 2496	59.3212	1.80887	14.2128
			*CONTROL_POS_SAMPLE 2688	59.1002	1.79148	13.9947
			*CONTROL_POS_SAMPLE 2880	58.7452	1.77457	13.7596
			*CONTROL_POS_SAMPLE 3072	58.3574	1.75814	13.5202
			*CONTROL_POS_SAMPLE 3264	58.0378	1.74234	13.2895
			*CONTROL_POS_SAMPLE 3456	57.8873	1.72722	13.0802
			*CONTROL_POS_SAMPLE 3648	58.0071	1.71294	12.9051
			*CONTROL_POS_SAMPLE 3840	58.4982	1.69956	12.7772
			*CONTROL_POS_SAMPLE 4032	59.4617	1.68713	12.7092
			*CONTROL_POS_SAMPLE 4224	60.9985	1.67579	12.7139
			*CONTROL_POS_SAMPLE 4416	64.702	1.66975	12.9935
			*CONTROL_POS_SAMPLE 4608	71.043	1.67044	13.6075
			*CONTROL_POS_SAMPLE 4800	78.4392	1.67381	14.3554
			*CONTROL_POS_SAMPLE 4992	85.3078	1.67586	15.0364
		}
		*CONTROL_ROT_TRACK {
			*CONTROL_ROT_SAMPLE 192	-0.704597	-0.16544	0.690053	2.81464
			*CONTROL_ROT_SAMPLE 384	-0.703732	-0.181198	0.68697	2.78418
			*CONTROL_ROT_SAMPLE 576	-0.703795	-0.180165	0.687178	2.78617
			*CONTROL_ROT_SAMPLE 768	-0.704002	-0.176629	0.687883	2.793
			*CONTROL_ROT_SAMPLE 960	-0.704029	-0.176151	0.687978	2.79392
			*CONTROL_ROT_SAMPLE 1152	-0.704099	-0.174913	0.688222	2.79631
			*CONTROL_ROT_SAMPLE 1344	-0.704197	-0.17314	0.68857	2.79974
			*CONTROL_ROT_SAMPLE 1536	-0.70431	-0.171059	0.688975	2.80376
			*CONTROL_ROT_SAMPLE 1728	-0.704423	-0.168894	0.689393	2.80795
			*CONTROL_ROT_SAMPLE 1920	-0.704526	-0.166872	0.689781	2.81187
			*CONTROL_ROT_SAMPLE 2112	-0.704608	-0.165216	0.690095	2.81507
			*CONTROL_ROT_SAMPLE 2304	-0.704597	-0.16544	0.690053	2.81464
			*CONTROL_ROT_SAMPLE 2496	-0.704596	-0.165456	0.69005	2.81461
			*CONTROL_ROT_SAMPLE 2688	-0.704595	-0.165466	0.690048	2.81459
			*CONTROL_ROT_SAMPLE 2880	-0.704595	-0.16547	0.690047	2.81458
			*CONTROL_ROT_SAMPLE 3072	-0.704595	-0.165469	0.690048	2.81458
			*CONTROL_ROT_SAMPLE 3264	-0.704595	-0.165465	0.690048	2.81459
			*CONTROL_ROT_SAMPLE 3456	-0.704596	-0.165459	0.690049	2.8146
			*CONTROL_ROT_SAMPLE 3648	-0.704596	-0.165453	0.690051	2.81462
			*CONTROL_ROT_SAMPLE 3840	-0.704596	-0.165446	0.690052	2.81463
			*CONTROL_ROT_SAMPLE 4032	-0.704597	-0.165442	0.690053	2.81464
			*CONTROL_ROT_SAMPLE 4224	-0.704597	-0.16544	0.690053	2.81464
			*CONTROL_ROT_SAMPLE 4416	-0.704597	-0.16544	0.690053	2.81464
			*CONTROL_ROT_SAMPLE 4608	-0.704597	-0.16544	0.690053	2.81464
			*CONTROL_ROT_SAMPLE 4800	-0.704597	-0.16544	0.690053	2.81464
			*CONTROL_ROT_SAMPLE 4992	-0.704597	-0.16544	0.690053	2.81464
		}
	}
}
*HELPEROBJECT {
	*NODE_NAME "Bip01 L Toe0"
	*NODE_PARENT "Bip01 L Foot"
	*NODE_TM {
		*NODE_NAME "Bip01 L Toe0"
		*TM_ROW0 0.476187	-0.879331	0.00470805
		*TM_ROW1 -0.0215373	-0.00631038	0.999748
		*TM_ROW2 -0.87908	-0.476169	-0.0219434
		*TM_ROW3 24.7695	-18.0031	4.83195
		*TM_POS 24.7695	-18.0031	4.83195
		*TM_ROTAXIS -0.767788	0.459757	0.446234
		*TM_ROTANGLE 1.85046
		*TM_SCALE 1	1	1
		*TM_SCALEAXIS 0	0	0
		*TM_SCALEAXISANG 0	0	0
	}
	*TM_ANIMATION {
		*NODE_NAME "Bip01 L Toe0"
		*CONTROL_POS_TRACK {
			*CONTROL_POS_SAMPLE 192	6.63771	-18.4944	-2.0052
			*CONTROL_POS_SAMPLE 384	10.6856	-17.8014	0.223097
			*CONTROL_POS_SAMPLE 576	17.6436	-17.8527	3.15248
			*CONTROL_POS_SAMPLE 768	24.7695	-18.0031	4.83195
			*CONTROL_POS_SAMPLE 960	31.1876	-18.001	5.01976
			*CONTROL_POS_SAMPLE 1152	37.7818	-18.0275	4.84215
			*CONTROL_POS_SAMPLE 1344	44.443	-18.0741	4.40108
			*CONTROL_POS_SAMPLE 1536	51.0617	-18.1329	3.7984
			*CONTROL_POS_SAMPLE 1728	57.5291	-18.1959	3.136
			*CONTROL_POS_SAMPLE 1920	63.7362	-18.2555	2.51569
			*CONTROL_POS_SAMPLE 2112	69.5741	-18.3045	2.03934
			*CONTROL_POS_SAMPLE 2304	69.7121	-18.3435	1.86773
			*CONTROL_POS_SAMPLE 2496	69.727	-18.3607	1.67953
			*CONTROL_POS_SAMPLE 2688	69.5065	-18.3778	1.46146
			*CONTROL_POS_SAMPLE 2880	69.1518	-18.3946	1.22632
			*CONTROL_POS_SAMPLE 3072	68.764	-18.4111	0.986961
			*CONTROL_POS_SAMPLE 3264	68.4441	-18.427	0.756215
			*CONTROL_POS_SAMPLE 3456	68.2933	-18.4423	0.546889
			*CONTROL_POS_SAMPLE 3648	68.4127	-18.4568	0.371841
			*CONTROL_POS_SAMPLE 3840	68.9035	-18.4703	0.243899
			*CONTROL_POS_SAMPLE 4032	69.8666	-18.4829	0.175865
			*CONTROL_POS_SAMPLE 4224	71.4033	-18.4943	0.180594
			*CONTROL_POS_SAMPLE 4416	75.1068	-18.5003	0.460146
			*CONTROL_POS_SAMPLE 4608	81.4479	-18.4996	1.07421
			*CONTROL_POS_SAMPLE 4800	88.844	-18.4963	1.82208
			*CONTROL_POS_SAMPLE 4992	95.7126	-18.4942	2.50306
		}
		*CONTROL_ROT_TRACK {
			*CONTROL_ROT_SAMPLE 192	-0.756308	0.46864	0.45648	1.86331
			*CONTROL_ROT_SAMPLE 384	-0.772432	0.456067	0.441986	1.84531
			*CONTROL_ROT_SAMPLE 576	-0.771385	0.456904	0.442949	1.84647
			*CONTROL_ROT_SAMPLE 768	-0.767788	0.459757	0.446234	1.85046
			*CONTROL_ROT_SAMPLE 960	-0.767301	0.46014	0.446676	1.851
			*CONTROL_ROT_SAMPLE 1152	-0.766038	0.461133	0.44782	1.85241
			*CONTROL_ROT_SAMPLE 1344	-0.764226	0.462549	0.449452	1.85443
			*CONTROL_ROT_SAMPLE 1536	-0.762093	0.464206	0.451362	1.85682
			*CONTROL_ROT_SAMPLE 1728	-0.759869	0.46592	0.45334	1.85931
			*CONTROL_ROT_SAMPLE 1920	-0.757786	0.467515	0.455181	1.86165
			*CONTROL_ROT_SAMPLE 2112	-0.756078	0.468815	0.456682	1.86357
			*CONTROL_ROT_SAMPLE 2304	-0.756308	0.46864	0.45648	1.86331
			*CONTROL_ROT_SAMPLE 2496	-0.756325	0.468627	0.456465	1.86329
			*CONTROL_ROT_SAMPLE 2688	-0.756335	0.46862	0.456456	1.86328
			*CONTROL_ROT_SAMPLE 2880	-0.756339	0.468617	0.456453	1.86328
			*CONTROL_ROT_SAMPLE 3072	-0.756339	0.468617	0.456453	1.86328
			*CONTROL_ROT_SAMPLE 3264	-0.756335	0.46862	0.456457	1.86328
			*CONTROL_ROT_SAMPLE 3456	-0.756329	0.468625	0.456462	1.86329
			*CONTROL_ROT_SAMPLE 3648	-0.756322	0.46863	0.456468	1.8633
			*CONTROL_ROT_SAMPLE 3840	-0.756315	0.468635	0.456474	1.8633
			*CONTROL_ROT_SAMPLE 4032	-0.75631	0.468639	0.456478	1.86331
			*CONTROL_ROT_SAMPLE 4224	-0.756308	0.46864	0.45648	1.86331
			*CONTROL_ROT_SAMPLE 4416	-0.756308	0.46864	0.45648	1.86331
			*CONTROL_ROT_SAMPLE 4608	-0.756308	0.46864	0.45648	1.86331
			*CONTROL_ROT_SAMPLE 4800	-0.756308	0.46864	0.45648	1.86331
			*CONTROL_ROT_SAMPLE 4992	-0.756308	0.46864	0.45648	1.86331
		}
	}
}
*HELPEROBJECT {
	*NODE_NAME "Bip01 R Thigh"
	*NODE_PARENT "Bip01 Pelvis"
	*NODE_TM {
		*NODE_NAME "Bip01 R Thigh"
		*TM_ROW0 -0.357041	-0.209132	-0.910376
		*TM_ROW1 -0.383645	-0.855787	0.347054
		*TM_ROW2 -0.851668	0.473173	0.225318
		*TM_ROW3 -25.8466	12.8912	92.272
		*TM_POS -25.8466	12.8912	92.272
		*TM_ROTAXIS 0.565114	-0.263059	-0.78195
		*TM_ROTANGLE 3.02977
		*TM_SCALE 1	1	1
		*TM_SCALEAXIS 0	0	0
		*TM_SCALEAXISANG 0	0	0
	}
	*TM_ANIMATION {
		*NODE_NAME "Bip01 R Thigh"
		*CONTROL_POS_TRACK {
			*CONTROL_POS_SAMPLE 192	-31.0512	10.4764	92.9369
			*CONTROL_POS_SAMPLE 384	-29.9811	11.6118	92.016
			*CONTROL_POS_SAMPLE 576	-28.2056	12.4207	92.0182
			*CONTROL_POS_SAMPLE 768	-25.8466	12.8912	92.272
			*CONTROL_POS_SAMPLE 960	-23.0199	13.013	92.1014
			*CONTROL_POS_SAMPLE 1152	-19.8462	12.7752	91.3764
			*CONTROL_POS_SAMPLE 1344	-16.4646	12.2826	90.4786
			*CONTROL_POS_SAMPLE 1536	-13.0231	11.7164	89.4976
			*CONTROL_POS_SAMPLE 1728	-9.65893	11.1801	88.5154
			*CONTROL_POS_SAMPLE 1920	-6.50924	10.7776	87.614
			*CONTROL_POS_SAMPLE 2112	-3.71132	10.6125	86.8755
			*CONTROL_POS_SAMPLE 2304	-2.73355	10.4591	87.6682
			*CONTROL_POS_SAMPLE 2496	1.31242	10.4179	88.5587
			*CONTROL_POS_SAMPLE 2688	5.56783	10.3862	89.4768
			*CONTROL_POS_SAMPLE 2880	9.95919	10.3752	90.3632
			*CONTROL_POS_SAMPLE 3072	14.4149	10.3868	91.1682
			*CONTROL_POS_SAMPLE 3264	18.8658	10.411	91.8555
			*CONTROL_POS_SAMPLE 3456	23.242	10.4419	92.331
			*CONTROL_POS_SAMPLE 3648	27.4737	10.4736	92.6043
			*CONTROL_POS_SAMPLE 3840	31.4907	10.5001	92.7913
			*CONTROL_POS_SAMPLE 4032	33.7908	10.5018	92.9725
			*CONTROL_POS_SAMPLE 4224	36.1544	10.504	92.8249
			*CONTROL_POS_SAMPLE 4416	41.0266	10.5043	92.1355
			*CONTROL_POS_SAMPLE 4608	46.6477	10.5041	91.2443
			*CONTROL_POS_SAMPLE 4800	51.5752	10.504	90.605
			*CONTROL_POS_SAMPLE 4992	52.5536	10.504	91.3766
		}
		*CONTROL_ROT_TRACK {
			*CONTROL_ROT_SAMPLE 192	0.601949	-0.236185	-0.762807	3.08469
			*CONTROL_ROT_SAMPLE 384	0.57747	-0.27131	-0.770012	3.05033
			*CONTROL_ROT_SAMPLE 576	0.570967	-0.269505	-0.775477	3.04093
			*CONTROL_ROT_SAMPLE 768	0.565114	-0.263059	-0.78195	3.02977
			*CONTROL_ROT_SAMPLE 960	0.552354	-0.263526	-0.79086	3.0238
			*CONTROL_ROT_SAMPLE 1152	0.536198	-0.261363	-0.802609	3.02844
			*CONTROL_ROT_SAMPLE 1344	0.520333	-0.253358	-0.815514	3.03253
			*CONTROL_ROT_SAMPLE 1536	0.504969	-0.243559	-0.828062	3.03145
			*CONTROL_ROT_SAMPLE 1728	0.491156	-0.233383	-0.839225	3.02768
			*CONTROL_ROT_SAMPLE 1920	0.479454	-0.22511	-0.848203	3.02764
			*CONTROL_ROT_SAMPLE 2112	0.470069	-0.221696	-0.854334	3.04121
			*CONTROL_ROT_SAMPLE 2304	0.475477	-0.218584	-0.85214	3.04404
			*CONTROL_ROT_SAMPLE 2496	0.475	-0.216044	-0.853053	3.05459
			*CONTROL_ROT_SAMPLE 2688	0.474484	-0.230649	-0.849509	3.11884
			*CONTROL_ROT_SAMPLE 2880	0.479642	-0.247832	-0.841738	3.17959
			*CONTROL_ROT_SAMPLE 3072	0.491759	-0.260165	-0.830955	3.20831
			*CONTROL_ROT_SAMPLE 3264	0.509355	-0.267854	-0.817809	3.20807
			*CONTROL_ROT_SAMPLE 3456	0.530371	-0.275011	-0.80192	3.19672
			*CONTROL_ROT_SAMPLE 3648	0.554038	-0.28097	-0.783643	3.17512
			*CONTROL_ROT_SAMPLE 3840	0.580175	-0.284204	-0.763299	3.14258
			*CONTROL_ROT_SAMPLE 4032	0.614755	-0.283831	-0.735878	3.09608
			*CONTROL_ROT_SAMPLE 4224	0.647949	-0.279784	-0.708438	3.0476
			*CONTROL_ROT_SAMPLE 4416	0.623316	-0.286227	-0.727703	3.08612
			*CONTROL_ROT_SAMPLE 4608	0.595013	-0.290517	-0.749373	3.12397
			*CONTROL_ROT_SAMPLE 4800	0.571343	-0.290255	-0.767671	3.14617
			*CONTROL_ROT_SAMPLE 4992	0.571171	-0.282891	-0.770543	3.12933
		}
	}
}
*HELPEROBJECT {
	*NODE_NAME "Bip01 R Calf"
	*NODE_PARENT "Bip01 R Thigh"
	*NODE_TM {
		*NODE_NAME "Bip01 R Calf"
		*TM_ROW0 -0.0406966	0.368921	-0.928569
		*TM_ROW1 -0.522499	-0.800002	-0.294942
		*TM_ROW2 -0.851668	0.473173	0.225318
		*TM_ROW3 -39.8943	4.66296	56.4534
		*TM_POS -39.8943	4.66296	56.4534
		*TM_ROTAXIS 0.651379	-0.0652139	-0.755945
		*TM_ROTANGLE 2.51102
		*TM_SCALE 1	1	1
		*TM_SCALEAXIS 0	0	0
		*TM_SCALEAXISANG 0	0	0
	}
	*TM_ANIMATION {
		*NODE_NAME "Bip01 R Calf"
		*CONTROL_POS_TRACK {
			*CONTROL_POS_SAMPLE 192	-41.8429	1.00488	56.3057
			*CONTROL_POS_SAMPLE 384	-42.976	2.06991	56.1259
			*CONTROL_POS_SAMPLE 576	-41.7631	3.40882	56.1993
			*CONTROL_POS_SAMPLE 768	-39.8943	4.66296	56.4534
			*CONTROL_POS_SAMPLE 960	-38.1675	5.25542	56.6277
			*CONTROL_POS_SAMPLE 1152	-36.3878	5.34835	56.4589
			*CONTROL_POS_SAMPLE 1344	-34.334	5.4323	56.1017
			*CONTROL_POS_SAMPLE 1536	-32.125	5.64901	55.6403
			*CONTROL_POS_SAMPLE 1728	-29.8277	5.94237	55.1417
			*CONTROL_POS_SAMPLE 1920	-27.5687	6.10677	54.7096
			*CONTROL_POS_SAMPLE 2112	-25.5142	5.80117	54.4795
			*CONTROL_POS_SAMPLE 2304	-24.1435	5.56584	55.0234
			*CONTROL_POS_SAMPLE 2496	-20.1628	5.27442	55.9953
			*CONTROL_POS_SAMPLE 2688	-16.0533	2.53596	57.5564
			*CONTROL_POS_SAMPLE 2880	-11.2607	-0.233514	58.9755
			*CONTROL_POS_SAMPLE 3072	-5.83428	-1.84903	59.7314
			*CONTROL_POS_SAMPLE 3264	0.000725145	-2.45044	59.8132
			*CONTROL_POS_SAMPLE 3456	6.07508	-2.76551	59.4848
			*CONTROL_POS_SAMPLE 3648	12.2987	-2.80594	58.8198
			*CONTROL_POS_SAMPLE 3840	18.6331	-2.50445	57.9548
			*CONTROL_POS_SAMPLE 4032	24.21	-1.90414	56.8848
			*CONTROL_POS_SAMPLE 4224	29.9472	-1.11374	55.7504
			*CONTROL_POS_SAMPLE 4416	32.2915	-1.93657	55.8458
			*CONTROL_POS_SAMPLE 4608	35.1661	-2.57752	55.9589
			*CONTROL_POS_SAMPLE 4800	37.9175	-2.68361	56.1438
			*CONTROL_POS_SAMPLE 4992	38.8822	-1.83854	56.6092
		}
		*CONTROL_ROT_TRACK {
			*CONTROL_ROT_SAMPLE 192	0.674531	-0.0172562	-0.738045	2.5594
			*CONTROL_ROT_SAMPLE 384	0.669691	-0.0514338	-0.740857	2.49969
			*CONTROL_ROT_SAMPLE 576	0.662108	-0.0575577	-0.747194	2.49882
			*CONTROL_ROT_SAMPLE 768	0.651379	-0.0652139	-0.755945	2.51102
			*CONTROL_ROT_SAMPLE 960	0.636828	-0.0787226	-0.766976	2.52003
			*CONTROL_ROT_SAMPLE 1152	0.61845	-0.0870028	-0.780993	2.52985
			*CONTROL_ROT_SAMPLE 1344	0.597115	-0.0925673	-0.796797	2.54854
			*CONTROL_ROT_SAMPLE 1536	0.574936	-0.0985246	-0.812245	2.5716
			*CONTROL_ROT_SAMPLE 1728	0.554068	-0.103786	-0.825977	2.59657
			*CONTROL_ROT_SAMPLE 1920	0.536975	-0.106703	-0.836823	2.61788
			*CONTROL_ROT_SAMPLE 2112	0.526309	-0.105199	-0.84376	2.62727
			*CONTROL_ROT_SAMPLE 2304	0.530687	-0.10077	-0.841556	2.63143
			*CONTROL_ROT_SAMPLE 2496	0.5296	-0.0968601	-0.842699	2.63686
			*CONTROL_ROT_SAMPLE 2688	0.5429	-0.0763382	-0.83632	2.59023
			*CONTROL_ROT_SAMPLE 2880	0.56271	-0.0532177	-0.82494	2.53936
			*CONTROL_ROT_SAMPLE 3072	0.584069	-0.0362596	-0.810894	2.50753
			*CONTROL_ROT_SAMPLE 3264	0.606367	-0.0258794	-0.794764	2.49185
			*CONTROL_ROT_SAMPLE 3456	0.631331	-0.0166767	-0.775334	2.47896
			*CONTROL_ROT_SAMPLE 3648	0.657898	-0.00885972	-0.753055	2.46921
			*CONTROL_ROT_SAMPLE 3840	0.684905	-0.00325868	-0.728625	2.46458
			*CONTROL_ROT_SAMPLE 4032	-0.717628	-0.00319218	0.696419	3.81837
			*CONTROL_ROT_SAMPLE 4224	-0.746738	-0.00727312	0.665079	3.81376
			*CONTROL_ROT_SAMPLE 4416	-0.727477	-0.0063062	0.686104	3.82348
			*CONTROL_ROT_SAMPLE 4608	0.703501	0.0012719	-0.710693	2.45221
			*CONTROL_ROT_SAMPLE 4800	0.680754	-0.00802691	-0.732468	2.45296
			*CONTROL_ROT_SAMPLE 4992	0.674926	-0.0172542	-0.737684	2.46944
		}
	}
}
*HELPEROBJECT {
	*NODE_NAME "Bip01 R Foot"
	*NODE_PARENT "Bip01 R Calf"
	*NODE_TM {
		*NODE_NAME "Bip01 R Foot"
		*TM_ROW0 0.0345101	-0.0355048	-0.998773
