*3DSMAX_ASCIIEXPORT	110
*COMMENT "This file is part of Gothic Free Aim Copyright (C) 2016-2018  mud-freak (@szapp)"
*COMMENT "<http://github.com/szapp/GothicFreeAim>"
*COMMENT "Animations: first iteration"
*SCENE {
	*SCENE_FILENAME "magIK_WND_front.max"
	*SCENE_FIRSTFRAME 1
	*SCENE_LASTFRAME 27
	*SCENE_FRAMESPEED 25
	*SCENE_TICKSPERFRAME 192
	*SCENE_BACKGROUND_STATIC 0	0	0
	*SCENE_AMBIENT_STATIC 0.2	0.2	0.2
}
*HELPEROBJECT {
	*NODE_NAME "Bip01"
	*NODE_TM {
		*NODE_NAME "Bip01"
		*TM_ROW0 -0.0755356	-0.997141	0.00191268
		*TM_ROW1 0.997127	-0.0755234	0.00580135
		*TM_ROW2 -0.00564031	0.00234539	0.999981
		*TM_ROW3 -20.6701	11.9132	86.0442
		*TM_POS -20.6701	11.9132	86.0442
		*TM_ROTAXIS -0.00173293	0.00378732	0.999991
		*TM_ROTANGLE 1.64641
		*TM_SCALE 1	1	1
		*TM_SCALEAXIS 0	0	0
		*TM_SCALEAXISANG 0	0	0
	}
	*TM_ANIMATION {
		*NODE_NAME "Bip01"
		*CONTROL_POS_TRACK {
			*CONTROL_POS_SAMPLE 192	-20.6701	11.9132	86.0442
			*CONTROL_POS_SAMPLE 384	-20.6701	1.25799	85.9778
			*CONTROL_POS_SAMPLE 576	-20.6701	-5.29339	85.9947
			*CONTROL_POS_SAMPLE 768	-20.6701	-9.96586	85.9515
			*CONTROL_POS_SAMPLE 960	-20.6701	-14.9843	85.7049
			*CONTROL_POS_SAMPLE 1152	-20.6701	-20.5917	85.1186
			*CONTROL_POS_SAMPLE 1344	-20.6701	-25.718	84.2934
			*CONTROL_POS_SAMPLE 1536	-20.6701	-30.6194	83.4418
			*CONTROL_POS_SAMPLE 1728	-20.6701	-35.552	82.776
			*CONTROL_POS_SAMPLE 1920	-20.6701	-40.4211	82.5092
			*CONTROL_POS_SAMPLE 2112	-20.6701	-45.1852	82.6656
			*CONTROL_POS_SAMPLE 2304	-20.6701	-50.01	83.0695
			*CONTROL_POS_SAMPLE 2496	-20.6701	-54.837	83.6329
			*CONTROL_POS_SAMPLE 2688	-20.6701	-59.6648	84.2679
			*CONTROL_POS_SAMPLE 2880	-20.6701	-64.4925	84.8863
			*CONTROL_POS_SAMPLE 3072	-20.6701	-69.3199	85.4027
			*CONTROL_POS_SAMPLE 3264	-20.6701	-74.1476	85.7319
			*CONTROL_POS_SAMPLE 3456	-20.6701	-78.9754	85.8307
			*CONTROL_POS_SAMPLE 3648	-20.6701	-83.8031	85.7601
			*CONTROL_POS_SAMPLE 3840	-20.6701	-88.6309	85.5902
			*CONTROL_POS_SAMPLE 4032	-20.6701	-93.4587	85.3908
			*CONTROL_POS_SAMPLE 4224	-20.6701	-98.2865	85.2318
			*CONTROL_POS_SAMPLE 4416	-20.6701	-103.114	85.1824
			*CONTROL_POS_SAMPLE 4608	-20.6701	-107.942	85.2926
			*CONTROL_POS_SAMPLE 4800	-20.6701	-112.77	85.5194
			*CONTROL_POS_SAMPLE 4992	-20.6701	-117.598	85.7932
			*CONTROL_POS_SAMPLE 5184	-20.6701	-122.425	86.0442
		}
		*CONTROL_ROT_TRACK {
			*CONTROL_ROT_SAMPLE 192	-0.00173293	0.00378732	0.999991	1.64641
			*CONTROL_ROT_SAMPLE 384	-0.00215272	0.000929834	0.999997	1.64824
			*CONTROL_ROT_SAMPLE 576	-0.00242693	-0.00261639	0.999994	1.64608
			*CONTROL_ROT_SAMPLE 768	-0.00262254	-0.00657113	0.999975	1.64099
			*CONTROL_ROT_SAMPLE 960	-0.00280582	-0.0106486	0.999939	1.63405
			*CONTROL_ROT_SAMPLE 1152	-0.00304331	-0.014553	0.999889	1.6263
			*CONTROL_ROT_SAMPLE 1344	-0.00340212	-0.0179764	0.999833	1.61881
			*CONTROL_ROT_SAMPLE 1536	-0.00394959	-0.0205998	0.99978	1.61261
			*CONTROL_ROT_SAMPLE 1728	-0.00475221	-0.0220973	0.999745	1.60877
			*CONTROL_ROT_SAMPLE 1920	-0.00604341	-0.0219082	0.999742	1.60728
			*CONTROL_ROT_SAMPLE 2112	-0.00784218	-0.0200615	0.999768	1.60721
			*CONTROL_ROT_SAMPLE 2304	-0.00989095	-0.0171194	0.999805	1.60818
			*CONTROL_ROT_SAMPLE 2496	-0.0119329	-0.0136455	0.999836	1.60986
			*CONTROL_ROT_SAMPLE 2688	-0.0137133	-0.010201	0.999854	1.61186
			*CONTROL_ROT_SAMPLE 2880	-0.01498	-0.00734314	0.999861	1.61383
			*CONTROL_ROT_SAMPLE 3072	-0.0158988	-0.00481398	0.999862	1.61585
			*CONTROL_ROT_SAMPLE 3264	-0.0167438	-0.00209471	0.999858	1.61824
			*CONTROL_ROT_SAMPLE 3456	-0.0174269	0.000652833	0.999848	1.6209
			*CONTROL_ROT_SAMPLE 3648	-0.0178607	0.00326805	0.999835	1.62373
			*CONTROL_ROT_SAMPLE 3840	-0.0179586	0.00559171	0.999823	1.62665
			*CONTROL_ROT_SAMPLE 4032	-0.0176346	0.00746593	0.999817	1.62956
			*CONTROL_ROT_SAMPLE 4224	-0.0168032	0.00873407	0.999821	1.63236
			*CONTROL_ROT_SAMPLE 4416	-0.0150008	0.00895976	0.999847	1.6351
			*CONTROL_ROT_SAMPLE 4608	-0.0121305	0.00811862	0.999893	1.63789
			*CONTROL_ROT_SAMPLE 4800	-0.00865557	0.00667112	0.99994	1.64071
			*CONTROL_ROT_SAMPLE 4992	-0.00503689	0.00507542	0.999974	1.64356
			*CONTROL_ROT_SAMPLE 5184	-0.00173293	0.00378732	0.999991	1.64641
		}
	}
}
*HELPEROBJECT {
	*NODE_NAME "Bip01 Footsteps"
	*NODE_PARENT "Bip01"
	*NODE_TM {
		*NODE_NAME "Bip01 Footsteps"
		*TM_ROW0 1	0	0
		*TM_ROW1 0	1	0
		*TM_ROW2 0	0	1
		*TM_ROW3 -20.6701	11.9132	-2.29554
		*TM_POS -20.6701	11.9132	-2.29554
		*TM_ROTAXIS 0	0	0
		*TM_ROTANGLE 0
		*TM_SCALE 1	1	1
		*TM_SCALEAXIS 0	0	0
		*TM_SCALEAXISANG 0	0	0
	}
}
*HELPEROBJECT {
	*NODE_NAME "Bip01 Pelvis"
	*NODE_PARENT "Bip01"
	*NODE_TM {
		*NODE_NAME "Bip01 Pelvis"
		*TM_ROW0 -0.00980149	0.00266055	0.999948
		*TM_ROW1 -0.0755342	-0.997141	0.00191269
		*TM_ROW2 0.997095	-0.0755116	0.00997443
		*TM_ROW3 -21.936	13.4305	86.0335
		*TM_POS -21.936	13.4305	86.0335
		*TM_ROTAXIS -0.703361	0.0259216	-0.71036
		*TM_ROTANGLE 3.08653
		*TM_SCALE 1	1	1
		*TM_SCALEAXIS 0	0	0
		*TM_SCALEAXISANG 0	0	0
	}
	*TM_ANIMATION {
		*NODE_NAME "Bip01 Pelvis"
		*CONTROL_POS_TRACK {
			*CONTROL_POS_SAMPLE 192	-21.936	13.4305	86.0335
			*CONTROL_POS_SAMPLE 384	-21.9333	2.77765	85.9754
			*CONTROL_POS_SAMPLE 576	-21.9366	-3.77648	86.0026
			*CONTROL_POS_SAMPLE 768	-21.9443	-8.45551	85.9709
			*CONTROL_POS_SAMPLE 960	-21.9547	-13.4831	85.7359
			*CONTROL_POS_SAMPLE 1152	-21.9662	-19.1006	85.1607
			*CONTROL_POS_SAMPLE 1344	-21.9773	-24.237	84.3452
			*CONTROL_POS_SAMPLE 1536	-21.9864	-29.1468	83.5009
			*CONTROL_POS_SAMPLE 1728	-21.9921	-34.0846	82.8393
			*CONTROL_POS_SAMPLE 1920	-21.9943	-38.9557	82.572
			*CONTROL_POS_SAMPLE 2112	-21.9946	-43.7197	82.7234
			*CONTROL_POS_SAMPLE 2304	-21.9932	-48.5431	83.1191
			*CONTROL_POS_SAMPLE 2496	-21.9909	-53.3676	83.6729
			*CONTROL_POS_SAMPLE 2688	-21.988	-58.1927	84.2983
			*CONTROL_POS_SAMPLE 2880	-21.9851	-63.0176	84.9088
			*CONTROL_POS_SAMPLE 3072	-21.9821	-67.8423	85.4181
			*CONTROL_POS_SAMPLE 3264	-21.9786	-72.6668	85.7397
			*CONTROL_POS_SAMPLE 3456	-21.9746	-77.491	85.8308
			*CONTROL_POS_SAMPLE 3648	-21.9703	-82.315	85.7529
			*CONTROL_POS_SAMPLE 3840	-21.9659	-87.139	85.5764
			*CONTROL_POS_SAMPLE 4032	-21.9615	-91.963	85.3716
			*CONTROL_POS_SAMPLE 4224	-21.9572	-96.7872	85.2089
			*CONTROL_POS_SAMPLE 4416	-21.9531	-101.611	85.1586
			*CONTROL_POS_SAMPLE 4608	-21.9489	-106.436	85.2708
			*CONTROL_POS_SAMPLE 4800	-21.9446	-111.26	85.5014
			*CONTROL_POS_SAMPLE 4992	-21.9403	-116.084	85.7793
			*CONTROL_POS_SAMPLE 5184	-21.936	-120.908	86.0335
		}
		*CONTROL_ROT_TRACK {
			*CONTROL_ROT_SAMPLE 192	-0.703361	0.0259216	-0.71036	3.08653
			*CONTROL_ROT_SAMPLE 384	-0.704172	0.0277724	-0.709486	3.08762
			*CONTROL_ROT_SAMPLE 576	-0.705321	0.0284101	-0.708318	3.09194
			*CONTROL_ROT_SAMPLE 768	-0.706668	0.0281245	-0.706986	3.09858
			*CONTROL_ROT_SAMPLE 960	-0.708072	0.0272058	-0.705616	3.1066
			*CONTROL_ROT_SAMPLE 1152	-0.709392	0.0259439	-0.704336	3.11509
			*CONTROL_ROT_SAMPLE 1344	-0.710489	0.0246286	-0.703277	3.12313
			*CONTROL_ROT_SAMPLE 1536	-0.711227	0.0235495	-0.702568	3.12979
			*CONTROL_ROT_SAMPLE 1728	-0.711468	0.0229965	-0.702342	3.13416
			*CONTROL_ROT_SAMPLE 1920	-0.710936	0.0228608	-0.702885	3.13599
			*CONTROL_ROT_SAMPLE 2112	-0.709634	0.0228246	-0.704201	3.136
			*CONTROL_ROT_SAMPLE 2304	-0.707849	0.0228645	-0.705993	3.13464
			*CONTROL_ROT_SAMPLE 2496	-0.705872	0.022957	-0.707968	3.13242
			*CONTROL_ROT_SAMPLE 2688	-0.703993	0.0230789	-0.709832	3.12981
			*CONTROL_ROT_SAMPLE 2880	-0.702507	0.0232067	-0.711298	3.12728
			*CONTROL_ROT_SAMPLE 3072	-0.701263	0.0233466	-0.71252	3.1247
			*CONTROL_ROT_SAMPLE 3264	-0.699972	0.0235161	-0.713783	3.12168
			*CONTROL_ROT_SAMPLE 3456	-0.698724	0.0237092	-0.714998	3.11833
			*CONTROL_ROT_SAMPLE 3648	-0.69761	0.0239201	-0.716078	3.11477
			*CONTROL_ROT_SAMPLE 3840	-0.696722	0.0241427	-0.716935	3.11111
			*CONTROL_ROT_SAMPLE 4032	-0.696151	0.0243712	-0.717482	3.10747
			*CONTROL_ROT_SAMPLE 4224	-0.695989	0.0245996	-0.717631	3.10397
			*CONTROL_ROT_SAMPLE 4416	-0.69657	0.0248398	-0.717059	3.10054
			*CONTROL_ROT_SAMPLE 4608	-0.697939	0.0251014	-0.715717	3.09706
			*CONTROL_ROT_SAMPLE 4800	-0.699754	0.025375	-0.713933	3.09355
			*CONTROL_ROT_SAMPLE 4992	-0.701674	0.0256515	-0.712036	3.09003
			*CONTROL_ROT_SAMPLE 5184	-0.703361	0.0259216	-0.71036	3.08653
		}
	}
}
*HELPEROBJECT {
	*NODE_NAME "Bip01 Spine"
	*NODE_PARENT "Bip01 Pelvis"
	*NODE_TM {
		*NODE_NAME "Bip01 Spine"
		*TM_ROW0 -0.00431386	-0.0677365	0.997694
		*TM_ROW1 -0.077325	-0.994693	-0.0678671
		*TM_ROW2 0.996997	-0.0774394	-0.000946755
		*TM_ROW3 -21.9428	13.525	88.4342
		*TM_POS -21.9428	13.525	88.4342
		*TM_ROTAXIS -0.705576	0.0513988	-0.706768
		*TM_ROTANGLE 3.13481
		*TM_SCALE 1	1	1
		*TM_SCALEAXIS 0	0	0
		*TM_SCALEAXISANG 0	0	0
	}
}
*HELPEROBJECT {
	*NODE_NAME "Bip01 Spine1"
	*NODE_PARENT "Bip01 Spine"
	*NODE_TM {
		*NODE_NAME "Bip01 Spine1"
		*TM_ROW0 -0.0225201	-0.0868995	0.995963
		*TM_ROW1 -0.0947201	-0.991548	-0.0886562
		*TM_ROW2 0.995249	-0.0963342	0.0140987
		*TM_ROW3 -21.9843	12.8695	98.2396
		*TM_POS -21.9843	12.8695	98.2396
		*TM_ROTAXIS -0.699097	0.0649485	-0.712071
		*TM_ROTANGLE 3.1361
		*TM_SCALE 1	1	1
		*TM_SCALEAXIS 0	0	0
		*TM_SCALEAXISANG 0	0	0
	}
}
*HELPEROBJECT {
	*NODE_NAME "Bip01 Spine2"
	*NODE_PARENT "Bip01 Spine1"
	*NODE_TM {
		*NODE_NAME "Bip01 Spine2"
		*TM_ROW0 0.193442	-0.00269341	0.981108
		*TM_ROW1 -0.269621	-0.96164	0.0505203
		*TM_ROW2 0.943337	-0.2743	-0.186748
		*TM_ROW3 -22.2659	11.781	110.977
		*TM_POS -22.2659	11.781	110.977
		*TM_ROTAXIS -0.769498	0.0894793	-0.63235
		*TM_ROTANGLE 2.92893
		*TM_SCALE 1	1	1
		*TM_SCALEAXIS 0	0	0
		*TM_SCALEAXISANG 0	0	0
	}
}
*HELPEROBJECT {
	*NODE_NAME "Bip01 Neck"
	*NODE_PARENT "Bip01 Spine2"
	*NODE_TM {
		*NODE_NAME "Bip01 Neck"
		*TM_ROW0 0.125501	-0.226054	0.965997
		*TM_ROW1 -0.307193	-0.934696	-0.178819
		*TM_ROW2 0.943335	-0.274306	-0.186747
		*TM_ROW3 -16.464	11.7053	140.395
		*TM_POS -16.464	11.7053	140.395
		*TM_ROTAXIS -0.749871	0.17796	-0.6372
		*TM_ROTANGLE 3.07788
		*TM_SCALE 1	1	1
		*TM_SCALEAXIS 0	0	0
		*TM_SCALEAXISANG 0	0	0
	}
}
*HELPEROBJECT {
	*NODE_NAME "Bip01 Head"
	*NODE_PARENT "Bip01 Neck"
	*NODE_TM {
		*NODE_NAME "Bip01 Head"
		*TM_ROW0 0.0261531	0.0839905	0.996123
		*TM_ROW1 -0.38077	-0.92051	0.087612
		*TM_ROW2 0.9243	-0.381586	0.00790692
		*TM_ROW3 -15.6057	10.1593	147.002
		*TM_POS -15.6057	10.1593	147.002
		*TM_ROTAXIS -0.706293	0.108118	-0.699615
		*TM_ROTANGLE 2.80301
		*TM_SCALE 1	1	1
		*TM_SCALEAXIS 0	0	0
		*TM_SCALEAXISANG 0	0	0
	}
}
*HELPEROBJECT {
	*NODE_NAME "zs_Helmet"
	*NODE_PARENT "Bip01 Head"
	*NODE_TM {
		*NODE_NAME "zs_Helmet"
		*TM_ROW0 0.9243	-0.381585	0.00790694
		*TM_ROW1 0.377544	0.911083	-0.165496
		*TM_ROW2 0.0559468	0.155953	0.986179
		*TM_ROW3 -35.7145	-32.6048	433.936
		*TM_POS -35.7145	-32.6048	433.936
		*TM_ROTAXIS 0.389267	-0.0581751	0.919286
		*TM_ROTANGLE 0.425625
		*TM_SCALE 1	1	1
		*TM_SCALEAXIS 0	0	0
		*TM_SCALEAXISANG 0	0	0
	}
}
*HELPEROBJECT {
	*NODE_NAME "Bip01 L Clavicle"
	*NODE_PARENT "Bip01 Neck"
	*NODE_TM {
		*NODE_NAME "Bip01 L Clavicle"
		*TM_ROW0 0.962994	-0.229219	-0.14178
		*TM_ROW1 0.225411	0.973333	-0.0425822
		*TM_ROW2 0.14776	0.00904764	0.988982
		*TM_ROW3 -9.32476	11.9071	133.516
		*TM_POS -9.32476	11.9071	133.516
		*TM_ROTAXIS 0.0953516	-0.534731	0.839625
		*TM_ROTANGLE 0.274156
		*TM_SCALE 1	1	1
		*TM_SCALEAXIS 0	0	0
		*TM_SCALEAXISANG 0	0	0
	}
}
*HELPEROBJECT {
	*NODE_NAME "Bip01 L UpperArm"
	*NODE_PARENT "Bip01 L Clavicle"
	*NODE_TM {
		*NODE_NAME "Bip01 L UpperArm"
		*TM_ROW0 0.464417	-0.0270815	-0.885203
		*TM_ROW1 0.404486	0.895677	0.184809
		*TM_ROW2 0.787851	-0.44388	0.426921
		*TM_ROW3 3.5081	8.85255	131.627
		*TM_POS 3.5081	8.85255	131.627
		*TM_ROTAXIS -0.341931	-0.909939	0.234721
		*TM_ROTANGLE 1.16635
		*TM_SCALE 1	1	1
		*TM_SCALEAXIS 0	0	0
		*TM_SCALEAXISANG 0	0	0
	}
}
*HELPEROBJECT {
	*NODE_NAME "Bip01 L Forearm"
	*NODE_PARENT "Bip01 L UpperArm"
	*NODE_TM {
		*NODE_NAME "Bip01 L Forearm"
		*TM_ROW0 0.0791546	-0.614474	-0.784957
		*TM_ROW1 0.610759	0.652221	-0.448978
		*TM_ROW2 0.787851	-0.44388	0.426921
		*TM_ROW3 16.4682	8.09681	106.924
		*TM_POS 16.4682	8.09681	106.924
		*TM_ROTAXIS 0.002557	-0.788878	0.614544
		*TM_ROTANGLE 1.49156
		*TM_SCALE 1	1	1
		*TM_SCALEAXIS 0	0	0
		*TM_SCALEAXISANG 0	0	0
	}
}
*HELPEROBJECT {
	*NODE_NAME "Bip01 L Hand"
	*NODE_PARENT "Bip01 L Forearm"
	*NODE_TM {
		*NODE_NAME "Bip01 L Hand"
		*TM_ROW0 -0.121484	-0.689631	-0.713898
		*TM_ROW1 -0.824619	0.47045	-0.314134
		*TM_ROW2 0.55249	0.550532	-0.625835
		*TM_ROW3 18.67	-8.99558	85.0896
		*TM_POS 18.67	-8.99558	85.0896
		*TM_ROTAXIS 0.561707	-0.822676	-0.0876912
		*TM_ROTANGLE 2.26326
		*TM_SCALE 1	1	1
		*TM_SCALEAXIS 0	0	0
		*TM_SCALEAXISANG 0	0	0
	}
}
*HELPEROBJECT {
	*NODE_NAME "Bip01 L Finger0"
	*NODE_PARENT "Bip01 L Hand"
	*NODE_TM {
		*NODE_NAME "Bip01 L Finger0"
		*TM_ROW0 -0.121485	-0.689631	-0.713898
		*TM_ROW1 -0.825041	0.47003	-0.313655
		*TM_ROW2 0.551859	0.550891	-0.626075
		*TM_ROW3 17.1065	-17.871	75.9019
		*TM_POS 17.1065	-17.871	75.9019
		*TM_ROTAXIS 0.56183	-0.822559	-0.087997
		*TM_ROTANGLE 2.26369
		*TM_SCALE 1	1	1
		*TM_SCALEAXIS 0	0	0
		*TM_SCALEAXISANG 0	0	0
	}
}
*HELPEROBJECT {
	*NODE_NAME "zs_LeftHand"
	*NODE_PARENT "Bip01 L Hand"
	*NODE_TM {
		*NODE_NAME "zs_LeftHand"
		*TM_ROW0 0.534206	0.637394	-0.555295
		*TM_ROW1 0.100068	-0.69994	-0.707157
		*TM_ROW2 -0.839411	0.3222	-0.437695
		*TM_ROW3 -57.0718	-59.8508	-11.2652
		*TM_POS -57.0718	-59.8508	-11.2652
		*TM_ROTAXIS -0.861087	-0.237671	0.44949
		*TM_ROTANGLE 3.78223
		*TM_SCALE 1	1	1
		*TM_SCALEAXIS 0	0	0
		*TM_SCALEAXISANG 0	0	0
	}
}
*HELPEROBJECT {
	*NODE_NAME "zs_LeftArm"
	*NODE_PARENT "Bip01 L Forearm"
	*NODE_TM {
		*NODE_NAME "zs_LeftArm"
		*TM_ROW0 0.144794	-0.416351	-0.8976
		*TM_ROW1 0.637972	0.732699	-0.236949
		*TM_ROW2 0.756324	-0.538335	0.37171
		*TM_ROW3 -31.0049	-289.521	1.06361
		*TM_POS -31.0049	-289.521	1.06361
		*TM_ROTAXIS -0.151877	-0.833458	0.531302
		*TM_ROTANGLE 1.44587
		*TM_SCALE 1	1	1
		*TM_SCALEAXIS 0	0	0
		*TM_SCALEAXISANG 0	0	0
	}
}
*HELPEROBJECT {
	*NODE_NAME "Bip01 R Clavicle"
	*NODE_PARENT "Bip01 Neck"
	*NODE_TM {
		*NODE_NAME "Bip01 R Clavicle"
		*TM_ROW0 -0.940138	0.339338	-0.0314637
		*TM_ROW1 0.340715	0.937889	-0.0654121
		*TM_ROW2 0.00731271	-0.0722166	-0.997362
		*TM_ROW3 -24.3502	16.2761	136.491
		*TM_POS -24.3502	16.2761	136.491
		*TM_ROTAXIS -0.172733	-0.984348	0.0349576
		*TM_ROTANGLE 3.12189
		*TM_SCALE 1	1	1
		*TM_SCALEAXIS 0	0	0
		*TM_SCALEAXISANG 0	0	0
	}
}
*HELPEROBJECT {
	*NODE_NAME "Bip01 R UpperArm"
	*NODE_PARENT "Bip01 R Clavicle"
	*NODE_TM {
		*NODE_NAME "Bip01 R UpperArm"
		*TM_ROW0 -0.338712	-0.142024	-0.930109
		*TM_ROW1 0.39616	0.875118	-0.277894
		*TM_ROW2 0.853423	-0.462598	-0.240148
		*TM_ROW3 -36.8785	20.7981	136.071
		*TM_POS -36.8785	20.7981	136.071
		*TM_ROTAXIS -0.0986614	-0.952693	0.287477
		*TM_ROTANGLE 1.93037
		*TM_SCALE 1	1	1
		*TM_SCALEAXIS 0	0	0
		*TM_SCALEAXISANG 0	0	0
	}
}
*HELPEROBJECT {
	*NODE_NAME "Bip01 R Forearm"
	*NODE_PARENT "Bip01 R UpperArm"
	*NODE_TM {
		*NODE_NAME "Bip01 R Forearm"
		*TM_ROW0 -0.417846	-0.882636	0.215309
		*TM_ROW1 -0.311565	-0.0834043	-0.946557
		*TM_ROW2 0.853423	-0.462598	-0.240148
		*TM_ROW3 -46.3307	16.8348	110.116
		*TM_POS -46.3307	16.8348	110.116
		*TM_ROTAXIS 0.492013	-0.648734	0.580575
		*TM_ROTANGLE 2.62742
		*TM_SCALE 1	1	1
		*TM_SCALEAXIS 0	0	0
		*TM_SCALEAXISANG 0	0	0
	}
}
*HELPEROBJECT {
	*NODE_NAME "Bip01 R Hand"
	*NODE_PARENT "Bip01 R Forearm"
	*NODE_TM {
		*NODE_NAME "Bip01 R Hand"
		*TM_ROW0 -0.419226	-0.884342	0.205398
		*TM_ROW1 0.26216	0.0986841	0.959966
		*TM_ROW2 -0.869207	0.45629	0.190468
		*TM_ROW3 -57.9536	-7.7169	116.105
		*TM_POS -57.9536	-7.7169	116.105
		*TM_ROTAXIS 0.305234	-0.651224	-0.694794
		*TM_ROTANGLE 4.11191
		*TM_SCALE 1	1	1
		*TM_SCALEAXIS 0	0	0
		*TM_SCALEAXISANG 0	0	0
	}
}
*HELPEROBJECT {
	*NODE_NAME "Bip01 R Finger0"
	*NODE_PARENT "Bip01 R Hand"
	*NODE_TM {
		*NODE_NAME "Bip01 R Finger0"
		*TM_ROW0 -0.41922	-0.884343	0.205404
		*TM_ROW1 0.261503	0.0990373	0.960108
		*TM_ROW2 -0.869408	0.456211	0.18974
		*TM_ROW3 -63.349	-19.0983	118.748
		*TM_POS -63.349	-19.0983	118.748
		*TM_ROTAXIS 0.305415	-0.65145	-0.694504
		*TM_ROTANGLE 4.11169
		*TM_SCALE 1	1	1
		*TM_SCALEAXIS 0	0	0
		*TM_SCALEAXISANG 0	0	0
	}
}
*HELPEROBJECT {
	*NODE_NAME "zs_RightHand"
	*NODE_PARENT "Bip01 R Hand"
	*NODE_TM {
		*NODE_NAME "zs_RightHand"
		*TM_ROW0 0.766769	-0.473094	-0.433875
		*TM_ROW1 0.463537	0.87564	-0.135603
		*TM_ROW2 0.444072	-0.0971412	0.89071
		*TM_ROW3 -209.192	-20.0091	256.651
		*TM_POS -209.192	-20.0091	256.651
		*TM_ROTAXIS 0.0299466	-0.683574	0.729266
		*TM_ROTANGLE 0.697331
		*TM_SCALE 1	1	1
		*TM_SCALEAXIS 0	0	0
		*TM_SCALEAXISANG 0	0	0
	}
}
*HELPEROBJECT {
	*NODE_NAME "zs_Crossbow"
	*NODE_PARENT "Bip01 Spine2"
	*NODE_TM {
		*NODE_NAME "zs_Crossbow"
		*TM_ROW0 -0.279593	-0.155333	0.94747
		*TM_ROW1 -0.908227	0.362821	-0.20853
		*TM_ROW2 -0.31137	-0.918822	-0.24252
		*TM_ROW3 -2.39899	372.662	1444.22
		*TM_POS -2.39899	372.662	1444.22
		*TM_ROTAXIS 0.435832	-0.772419	0.461973
		*TM_ROTANGLE 4.09409
		*TM_SCALE 1	1	1
		*TM_SCALEAXIS 0	0	0
		*TM_SCALEAXISANG 0	0	0
	}
}
*HELPEROBJECT {
	*NODE_NAME "zs_Longsword"
	*NODE_PARENT "Bip01 Spine2"
	*NODE_TM {
		*NODE_NAME "zs_Longsword"
		*TM_ROW0 -0.386527	-0.0958875	0.91728
		*TM_ROW1 -0.85687	0.405212	-0.318712
		*TM_ROW2 -0.341133	-0.90918	-0.238788
		*TM_ROW3 -148.63	344.394	1202.08
		*TM_POS -148.63	344.394	1202.08
		*TM_ROTAXIS 0.3726	-0.79409	0.480199
		*TM_ROTANGLE 4.05626
		*TM_SCALE 1	1	1
		*TM_SCALEAXIS 0	0	0
		*TM_SCALEAXISANG 0	0	0
	}
}
*HELPEROBJECT {
	*NODE_NAME "zs_Shield"
	*NODE_PARENT "Bip01 Spine2"
	*NODE_TM {
		*NODE_NAME "zs_Shield"
		*TM_ROW0 -0.113125	0.294597	-0.948902
		*TM_ROW1 -0.720736	0.633052	0.282462
		*TM_ROW2 0.683916	0.715862	0.140713
		*TM_ROW3 336.669	357.148	346.245
		*TM_POS 336.669	357.148	346.245
		*TM_ROTAXIS 0.219889	-0.828422	-0.515137
		*TM_ROTANGLE 1.7413
		*TM_SCALE 1	1	1
		*TM_SCALEAXIS 0	0	0
		*TM_SCALEAXISANG 0	0	0
	}
}
*HELPEROBJECT {
	*NODE_NAME "zs_Bow"
	*NODE_PARENT "Bip01 Spine2"
	*NODE_TM {
		*NODE_NAME "zs_Bow"
		*TM_ROW0 -0.213766	-0.156535	0.964262
		*TM_ROW1 0.327875	0.918324	0.221764
		*TM_ROW2 -0.920219	0.363563	-0.144982
		*TM_ROW3 149.093	512.863	179.359
		*TM_POS 149.093	512.863	179.359
		*TM_ROTAXIS 0.0726836	0.965952	0.2483
		*TM_ROTANGLE 1.79283
		*TM_SCALE 1	1	1
		*TM_SCALEAXIS 0	0	0
		*TM_SCALEAXISANG 0	0	0
	}
}
*HELPEROBJECT {
	*NODE_NAME "zs_Sword"
	*NODE_PARENT "Bip01 Spine"
	*NODE_TM {
		*NODE_NAME "zs_Sword"
		*TM_ROW0 -0.0426994	-0.462791	0.885438
		*TM_ROW1 0.0632437	0.883217	0.46468
		*TM_ROW2 -0.997084	0.0758399	-0.00844419
		*TM_ROW3 296.107	60.1377	131.811
		*TM_POS 296.107	60.1377	131.811
		*TM_ROTAXIS -0.195109	0.944597	0.26395
		*TM_ROTANGLE 1.65486
		*TM_SCALE 1	1	1
		*TM_SCALEAXIS 0	0	0
		*TM_SCALEAXISANG 0	0	0
	}
}
*HELPEROBJECT {
	*NODE_NAME "Bip01 L Thigh"
	*NODE_PARENT "Bip01 Pelvis"
	*NODE_TM {
		*NODE_NAME "Bip01 L Thigh"
		*TM_ROW0 0.111131	-0.663645	-0.739747
		*TM_ROW1 -0.0482422	-0.747083	0.662978
		*TM_ROW2 -0.992634	-0.0379907	-0.11504
		*TM_ROW3 -12.952	12.7501	86.1234
		*TM_POS -12.952	12.7501	86.1234
		*TM_ROTAXIS -0.725301	0.261665	0.636765
		*TM_ROTANGLE 2.63726
		*TM_SCALE 1	1	1
		*TM_SCALEAXIS 0	0	0
		*TM_SCALEAXISANG 0	0	0
	}
	*TM_ANIMATION {
		*NODE_NAME "Bip01 L Thigh"
		*CONTROL_POS_TRACK {
			*CONTROL_POS_SAMPLE 192	-12.952	12.7501	86.1234
			*CONTROL_POS_SAMPLE 384	-12.9503	2.08054	86.0427
			*CONTROL_POS_SAMPLE 576	-12.952	-4.4543	86.0391
			*CONTROL_POS_SAMPLE 768	-12.9562	-9.08747	85.9719
			*CONTROL_POS_SAMPLE 960	-12.9625	-14.0521	85.7007
			*CONTROL_POS_SAMPLE 1152	-12.9701	-19.5992	85.0918
			*CONTROL_POS_SAMPLE 1344	-12.9779	-24.6673	84.2486
			*CONTROL_POS_SAMPLE 1536	-12.9847	-29.5205	83.3859
			*CONTROL_POS_SAMPLE 1728	-12.989	-34.4233	82.7184
			*CONTROL_POS_SAMPLE 1920	-12.9906	-39.2811	82.4648
			*CONTROL_POS_SAMPLE 2112	-12.9905	-44.0452	82.6495
			*CONTROL_POS_SAMPLE 2304	-12.9893	-48.8783	83.0909
			*CONTROL_POS_SAMPLE 2496	-12.9875	-53.7188	83.695
			*CONTROL_POS_SAMPLE 2688	-12.9856	-58.5627	84.3682
			*CONTROL_POS_SAMPLE 2880	-12.9839	-63.4057	85.0164
			*CONTROL_POS_SAMPLE 3072	-12.9821	-68.2488	85.5572
			*CONTROL_POS_SAMPLE 3264	-12.9802	-73.0949	85.9115
			*CONTROL_POS_SAMPLE 3456	-12.978	-77.9429	86.0342
			*CONTROL_POS_SAMPLE 3648	-12.9757	-82.7922	85.9845
			*CONTROL_POS_SAMPLE 3840	-12.9733	-87.6422	85.8306
			*CONTROL_POS_SAMPLE 4032	-12.9708	-92.492	85.6405
			*CONTROL_POS_SAMPLE 4224	-12.9682	-97.3411	85.4822
			*CONTROL_POS_SAMPLE 4416	-12.9652	-102.19	85.4177
			*CONTROL_POS_SAMPLE 4608	-12.9617	-107.039	85.4959
			*CONTROL_POS_SAMPLE 4800	-12.9582	-111.889	85.6813
			*CONTROL_POS_SAMPLE 4992	-12.9549	-116.739	85.9112
			*CONTROL_POS_SAMPLE 5184	-12.952	-121.589	86.1234
		}
		*CONTROL_ROT_TRACK {
			*CONTROL_ROT_SAMPLE 192	-0.725301	0.261665	0.636765	2.63726
			*CONTROL_ROT_SAMPLE 384	-0.72658	0.208342	0.654733	2.69507
			*CONTROL_ROT_SAMPLE 576	-0.729573	0.168313	0.662868	2.74688
			*CONTROL_ROT_SAMPLE 768	-0.73351	0.139974	0.66511	2.78999
			*CONTROL_ROT_SAMPLE 960	-0.738487	0.11103	0.665063	2.8383
			*CONTROL_ROT_SAMPLE 1152	-0.742904	0.0781091	0.664825	2.89007
			*CONTROL_ROT_SAMPLE 1344	-0.746642	0.0444359	0.66374	2.9392
			*CONTROL_ROT_SAMPLE 1536	-0.750409	0.00796464	0.660926	2.99673
			*CONTROL_ROT_SAMPLE 1728	-0.753007	-0.0301879	0.65732	3.06189
			*CONTROL_ROT_SAMPLE 1920	-0.75387	-0.0652573	0.653775	3.12506
			*CONTROL_ROT_SAMPLE 2112	-0.75352	-0.08977	0.651268	3.17197
			*CONTROL_ROT_SAMPLE 2304	-0.755319	-0.0511455	0.653358	3.12619
			*CONTROL_ROT_SAMPLE 2496	-0.754178	0.0192174	0.656389	3.02897
			*CONTROL_ROT_SAMPLE 2688	-0.749917	0.0719685	0.657605	2.95085
			*CONTROL_ROT_SAMPLE 2880	-0.743409	0.123219	0.657389	2.87754
			*CONTROL_ROT_SAMPLE 3072	-0.735202	0.171959	0.655674	2.81124
			*CONTROL_ROT_SAMPLE 3264	-0.725973	0.217209	0.652521	2.75388
			*CONTROL_ROT_SAMPLE 3456	-0.716515	0.257982	0.648114	2.70685
			*CONTROL_ROT_SAMPLE 3648	-0.707791	0.292709	0.642926	2.67191
			*CONTROL_ROT_SAMPLE 3840	-0.700765	0.320084	0.637554	2.65006
			*CONTROL_ROT_SAMPLE 4032	-0.696216	0.339233	0.632617	2.64146
			*CONTROL_ROT_SAMPLE 4224	-0.694619	0.349714	0.628652	2.64582
			*CONTROL_ROT_SAMPLE 4416	-0.696114	0.351424	0.62604	2.66242
			*CONTROL_ROT_SAMPLE 4608	-0.696265	0.349364	0.627025	2.67916
			*CONTROL_ROT_SAMPLE 4800	-0.696393	0.340244	0.631879	2.70324
			*CONTROL_ROT_SAMPLE 4992	-0.69792	0.328229	0.636533	2.7321
			*CONTROL_ROT_SAMPLE 5184	-0.700089	0.312804	0.641895	2.76658
		}
	}
}
*HELPEROBJECT {
	*NODE_NAME "Bip01 L Calf"
	*NODE_PARENT "Bip01 L Thigh"
	*NODE_TM {
		*NODE_NAME "Bip01 L Calf"
		*TM_ROW0 0.0980172	0.306258	-0.946889
		*TM_ROW1 0.0712049	-0.95119	-0.300278
		*TM_ROW2 -0.992634	-0.0379907	-0.11504
		*TM_ROW3 -8.57956	-13.3609	57.0182
		*TM_POS -8.57956	-13.3609	57.0182
		*TM_ROTAXIS -0.738509	-0.128802	0.661826
		*TM_ROTANGLE 3.32012
		*TM_SCALE 1	1	1
		*TM_SCALEAXIS 0	0	0
		*TM_SCALEAXISANG 0	0	0
	}
	*TM_ANIMATION {
		*NODE_NAME "Bip01 L Calf"
		*CONTROL_POS_TRACK {
			*CONTROL_POS_SAMPLE 192	-8.57956	-13.3609	57.0182
			*CONTROL_POS_SAMPLE 384	-8.93232	-20.3715	53.9837
			*CONTROL_POS_SAMPLE 576	-8.99705	-23.7747	51.9936
			*CONTROL_POS_SAMPLE 768	-8.85116	-25.9322	50.6531
			*CONTROL_POS_SAMPLE 960	-8.5765	-28.172	49.2397
			*CONTROL_POS_SAMPLE 1152	-8.33086	-30.6036	47.6032
			*CONTROL_POS_SAMPLE 1344	-8.09989	-32.5008	46.0013
			*CONTROL_POS_SAMPLE 1536	-7.83832	-33.7423	44.6082
			*CONTROL_POS_SAMPLE 1728	-7.66121	-34.6966	43.7369
			*CONTROL_POS_SAMPLE 1920	-7.61226	-35.8354	43.6419
			*CONTROL_POS_SAMPLE 2112	-7.64816	-37.9454	44.1493
			*CONTROL_POS_SAMPLE 2304	-7.43911	-46.2345	44.2293
			*CONTROL_POS_SAMPLE 2496	-7.46741	-57.758	44.9493
			*CONTROL_POS_SAMPLE 2688	-7.76506	-67.6763	46.4511
			*CONTROL_POS_SAMPLE 2880	-8.23032	-77.2395	48.4918
			*CONTROL_POS_SAMPLE 3072	-8.81595	-86.2963	50.8449
			*CONTROL_POS_SAMPLE 3264	-9.47145	-94.7492	53.2497
			*CONTROL_POS_SAMPLE 3456	-10.1431	-102.552	55.4667
			*CONTROL_POS_SAMPLE 3648	-10.7734	-109.661	57.3274
			*CONTROL_POS_SAMPLE 3840	-11.3052	-116.087	58.6991
			*CONTROL_POS_SAMPLE 4032	-11.6903	-121.875	59.5054
			*CONTROL_POS_SAMPLE 4224	-11.8941	-127.072	59.7345
			*CONTROL_POS_SAMPLE 4416	-11.8951	-131.712	59.4308
			*CONTROL_POS_SAMPLE 4608	-12.0299	-136.181	59.0784
			*CONTROL_POS_SAMPLE 4800	-12.2255	-140.205	58.374
			*CONTROL_POS_SAMPLE 4992	-12.3022	-143.991	57.5401
			*CONTROL_POS_SAMPLE 5184	-12.3349	-147.473	56.4982
		}
		*CONTROL_ROT_TRACK {
			*CONTROL_ROT_SAMPLE 192	-0.738509	-0.128802	0.661826	3.32012
			*CONTROL_ROT_SAMPLE 384	-0.719163	-0.191499	0.667932	3.41852
			*CONTROL_ROT_SAMPLE 576	-0.709269	-0.224638	0.668188	3.46642
			*CONTROL_ROT_SAMPLE 768	-0.705248	-0.246093	0.664879	3.49629
			*CONTROL_ROT_SAMPLE 960	-0.702655	-0.268414	0.658961	3.52752
			*CONTROL_ROT_SAMPLE 1152	-0.698312	-0.29411	0.65258	3.56127
			*CONTROL_ROT_SAMPLE 1344	-0.692936	-0.320323	0.645935	3.59175
			*CONTROL_ROT_SAMPLE 1536	-0.689178	-0.344079	0.637686	3.61869
			*CONTROL_ROT_SAMPLE 1728	-0.687669	-0.361531	0.629609	3.63895
			*CONTROL_ROT_SAMPLE 1920	-0.688474	-0.370313	0.623596	3.64961
			*CONTROL_ROT_SAMPLE 2112	-0.690299	-0.372413	0.62032	3.65387
			*CONTROL_ROT_SAMPLE 2304	-0.687978	-0.380528	0.617968	3.68817
			*CONTROL_ROT_SAMPLE 2496	-0.688758	-0.375611	0.620104	3.70837
			*CONTROL_ROT_SAMPLE 2688	-0.694346	-0.353317	0.626937	3.69024
			*CONTROL_ROT_SAMPLE 2880	-0.702119	-0.322997	0.634588	3.6604
			*CONTROL_ROT_SAMPLE 3072	-0.711255	-0.286051	0.6421	3.62029
			*CONTROL_ROT_SAMPLE 3264	-0.720904	-0.244166	0.648599	3.57196
			*CONTROL_ROT_SAMPLE 3456	-0.730317	-0.199039	0.653468	3.51751
			*CONTROL_ROT_SAMPLE 3648	-0.738896	-0.151863	0.656483	3.45826
			*CONTROL_ROT_SAMPLE 3840	-0.74614	-0.103853	0.65764	3.39579
			*CONTROL_ROT_SAMPLE 4032	-0.751693	-0.0561139	0.657122	3.33184
			*CONTROL_ROT_SAMPLE 4224	-0.755363	-0.00952248	0.655237	3.26799
			*CONTROL_ROT_SAMPLE 4416	-0.757086	0.0352222	0.652365	3.20555
			*CONTROL_ROT_SAMPLE 4608	-0.758715	0.0249804	0.650943	3.23669
			*CONTROL_ROT_SAMPLE 4800	-0.75947	-0.0186462	0.650275	3.32448
			*CONTROL_ROT_SAMPLE 4992	-0.759278	-0.0455851	0.649168	3.38235
			*CONTROL_ROT_SAMPLE 5184	-0.758363	-0.0714705	0.647902	3.43837
		}
	}
}
*HELPEROBJECT {
	*NODE_NAME "Bip01 L Foot"
	*NODE_PARENT "Bip01 L Calf"
	*NODE_TM {
		*NODE_NAME "Bip01 L Foot"
		*TM_ROW0 0.0195879	0.00534474	-0.999794
		*TM_ROW1 0.448578	-0.893735	0.00401073
		*TM_ROW2 -0.893529	-0.448564	-0.0199039
		*TM_ROW3 -3.76714	1.67567	10.5281
		*TM_POS -3.76714	1.67567	10.5281
		*TM_ROTAXIS -0.704597	-0.16544	0.690053
		*TM_ROTANGLE 2.81464
		*TM_SCALE 1	1	1
		*TM_SCALEAXIS 0	0	0
		*TM_SCALEAXISANG 0	0	0
	}
	*TM_ANIMATION {
		*NODE_NAME "Bip01 L Foot"
		*CONTROL_POS_TRACK {
			*CONTROL_POS_SAMPLE 192	-3.76714	1.67567	10.5281
			*CONTROL_POS_SAMPLE 384	-6.34064	1.86022	10.2846
			*CONTROL_POS_SAMPLE 576	-7.4204	1.93141	10.193
			*CONTROL_POS_SAMPLE 768	-7.57286	1.91715	10.2383
			*CONTROL_POS_SAMPLE 960	-7.36447	1.84533	10.4058
			*CONTROL_POS_SAMPLE 1152	-7.36167	1.74393	10.6805
			*CONTROL_POS_SAMPLE 1344	-7.50537	2.00834	11.0821
			*CONTROL_POS_SAMPLE 1536	-7.41793	2.61997	11.6205
			*CONTROL_POS_SAMPLE 1728	-7.18801	2.98565	12.2662
			*CONTROL_POS_SAMPLE 1920	-6.90423	2.51222	12.9901
			*CONTROL_POS_SAMPLE 2112	-6.65523	0.606435	13.7626
			*CONTROL_POS_SAMPLE 2304	-6.29213	-6.63004	15.2336
			*CONTROL_POS_SAMPLE 2496	-5.9472	-17.9937	16.1906
			*CONTROL_POS_SAMPLE 2688	-5.78916	-29.3009	15.8896
			*CONTROL_POS_SAMPLE 2880	-5.64476	-40.9867	15.4821
			*CONTROL_POS_SAMPLE 3072	-5.5114	-52.9195	14.9889
			*CONTROL_POS_SAMPLE 3264	-5.38643	-64.9671	14.4307
			*CONTROL_POS_SAMPLE 3456	-5.26725	-76.9978	13.8279
			*CONTROL_POS_SAMPLE 3648	-5.15123	-88.8795	13.2015
			*CONTROL_POS_SAMPLE 3840	-5.03576	-100.481	12.572
			*CONTROL_POS_SAMPLE 4032	-4.91821	-111.669	11.96
			*CONTROL_POS_SAMPLE 4224	-4.79597	-122.313	11.3863
			*CONTROL_POS_SAMPLE 4416	-4.66641	-132.281	10.8716
			*CONTROL_POS_SAMPLE 4608	-4.50743	-135.004	10.5748
			*CONTROL_POS_SAMPLE 4800	-4.33807	-133.019	10.4497
			*CONTROL_POS_SAMPLE 4992	-4.19019	-133.041	10.3715
			*CONTROL_POS_SAMPLE 5184	-4.04697	-132.964	10.3312
		}
		*CONTROL_ROT_TRACK {
			*CONTROL_ROT_SAMPLE 192	-0.704597	-0.16544	0.690053	2.81464
			*CONTROL_ROT_SAMPLE 384	-0.70376	-0.180743	0.687062	2.78506
			*CONTROL_ROT_SAMPLE 576	-0.703359	-0.18713	0.685761	2.77276
			*CONTROL_ROT_SAMPLE 768	-0.703306	-0.187942	0.685594	2.7712
			*CONTROL_ROT_SAMPLE 960	-0.703397	-0.186546	0.685881	2.77388
			*CONTROL_ROT_SAMPLE 1152	-0.703412	-0.186311	0.68593	2.77434
			*CONTROL_ROT_SAMPLE 1344	-0.70338	-0.186812	0.685827	2.77337
			*CONTROL_ROT_SAMPLE 1536	-0.703445	-0.185805	0.686034	2.77531
			*CONTROL_ROT_SAMPLE 1728	-0.703564	-0.183925	0.686418	2.77893
			*CONTROL_ROT_SAMPLE 1920	-0.703695	-0.181808	0.686847	2.78301
			*CONTROL_ROT_SAMPLE 2112	-0.703799	-0.180091	0.687193	2.78632
			*CONTROL_ROT_SAMPLE 2304	-0.703892	-0.178532	0.687505	2.78932
			*CONTROL_ROT_SAMPLE 2496	-0.703971	-0.177166	0.687777	2.79196
			*CONTROL_ROT_SAMPLE 2688	-0.704023	-0.176267	0.687955	2.7937
			*CONTROL_ROT_SAMPLE 2880	-0.704072	-0.175407	0.688125	2.79536
			*CONTROL_ROT_SAMPLE 3072	-0.704118	-0.174578	0.688288	2.79696
			*CONTROL_ROT_SAMPLE 3264	-0.704163	-0.173774	0.688446	2.79851
			*CONTROL_ROT_SAMPLE 3456	-0.704206	-0.172986	0.6886	2.80003
			*CONTROL_ROT_SAMPLE 3648	-0.704248	-0.172208	0.688752	2.80154
			*CONTROL_ROT_SAMPLE 3840	-0.70429	-0.171432	0.688903	2.80304
			*CONTROL_ROT_SAMPLE 4032	-0.704331	-0.17065	0.689054	2.80455
			*CONTROL_ROT_SAMPLE 4224	-0.704373	-0.169856	0.689208	2.80609
			*CONTROL_ROT_SAMPLE 4416	-0.704416	-0.169041	0.689365	2.80767
			*CONTROL_ROT_SAMPLE 4608	-0.704461	-0.168155	0.689535	2.80938
			*CONTROL_ROT_SAMPLE 4800	-0.704508	-0.167233	0.689712	2.81117
			*CONTROL_ROT_SAMPLE 4992	-0.704552	-0.166335	0.689883	2.8129
			*CONTROL_ROT_SAMPLE 5184	-0.704597	-0.16544	0.690053	2.81464
		}
	}
}
*HELPEROBJECT {
	*NODE_NAME "Bip01 L Toe0"
	*NODE_PARENT "Bip01 L Foot"
	*NODE_TM {
		*NODE_NAME "Bip01 L Toe0"
		*TM_ROW0 0.448584	-0.893732	0.00393946
		*TM_ROW1 -0.0195528	-0.00540702	0.999794
		*TM_ROW2 -0.893527	-0.448569	-0.0199005
		*TM_ROW3 6.63771	-18.4944	-2.00521
		*TM_POS 6.63771	-18.4944	-2.00521
		*TM_ROTAXIS -0.756308	0.46864	0.45648
		*TM_ROTANGLE 1.86331
		*TM_SCALE 1	1	1
		*TM_SCALEAXIS 0	0	0
		*TM_SCALEAXISANG 0	0	0
	}
	*TM_ANIMATION {
		*NODE_NAME "Bip01 L Toe0"
		*CONTROL_POS_TRACK {
			*CONTROL_POS_SAMPLE 192	6.63771	-18.4944	-2.00521
			*CONTROL_POS_SAMPLE 384	4.95039	-17.8434	-2.22373
			*CONTROL_POS_SAMPLE 576	4.23382	-17.5667	-2.30415
			*CONTROL_POS_SAMPLE 768	4.12726	-17.5544	-2.25736
			*CONTROL_POS_SAMPLE 960	4.25671	-17.6719	-2.09241
			*CONTROL_POS_SAMPLE 1152	4.2462	-17.7809	-1.81807
			*CONTROL_POS_SAMPLE 1344	4.1309	-17.5002	-1.41557
			*CONTROL_POS_SAMPLE 1536	4.16128	-16.9213	-0.879024
			*CONTROL_POS_SAMPLE 1728	4.28446	-16.6164	-0.236596
			*CONTROL_POS_SAMPLE 1920	4.44766	-17.1575	0.48356
			*CONTROL_POS_SAMPLE 2112	4.5985	-19.1178	1.25314
			*CONTROL_POS_SAMPLE 2304	4.87225	-26.4033	2.72151
			*CONTROL_POS_SAMPLE 2496	5.13867	-37.8096	3.67619
			*CONTROL_POS_SAMPLE 2688	5.24495	-49.1447	3.37365
			*CONTROL_POS_SAMPLE 2880	5.33976	-60.8572	2.96478
			*CONTROL_POS_SAMPLE 3072	5.4253	-72.8154	2.4702
			*CONTROL_POS_SAMPLE 3264	5.50376	-84.8877	1.9106
			*CONTROL_POS_SAMPLE 3456	5.57736	-96.9424	1.30659
			*CONTROL_POS_SAMPLE 3648	5.64828	-108.848	0.67889
			*CONTROL_POS_SAMPLE 3840	5.71871	-120.472	0.0480907
			*CONTROL_POS_SAMPLE 4032	5.79085	-131.684	-0.565123
			*CONTROL_POS_SAMPLE 4224	5.86687	-142.352	-1.14007
			*CONTROL_POS_SAMPLE 4416	5.94897	-152.344	-1.65613
			*CONTROL_POS_SAMPLE 4608	6.05628	-155.094	-1.95431
			*CONTROL_POS_SAMPLE 4800	6.17175	-153.137	-2.08088
			*CONTROL_POS_SAMPLE 4992	6.26712	-153.185	-2.16046
			*CONTROL_POS_SAMPLE 5184	6.35788	-153.134	-2.20213
		}
		*CONTROL_ROT_TRACK {
			*CONTROL_ROT_SAMPLE 192	-0.756308	0.46864	0.45648	1.86331
			*CONTROL_ROT_SAMPLE 384	-0.771971	0.456436	0.442411	1.84582
			*CONTROL_ROT_SAMPLE 576	-0.778421	0.451222	0.436416	1.8387
			*CONTROL_ROT_SAMPLE 768	-0.779238	0.450554	0.435648	1.8378
			*CONTROL_ROT_SAMPLE 960	-0.777834	0.451702	0.436967	1.83935
			*CONTROL_ROT_SAMPLE 1152	-0.777597	0.451895	0.437188	1.83961
			*CONTROL_ROT_SAMPLE 1344	-0.778102	0.451483	0.436715	1.83905
			*CONTROL_ROT_SAMPLE 1536	-0.777088	0.45231	0.437665	1.84017
			*CONTROL_ROT_SAMPLE 1728	-0.775191	0.453847	0.439433	1.84226
			*CONTROL_ROT_SAMPLE 1920	-0.773051	0.455571	0.441416	1.84462
			*CONTROL_ROT_SAMPLE 2112	-0.77131	0.456964	0.443019	1.84655
			*CONTROL_ROT_SAMPLE 2304	-0.769726	0.458224	0.444469	1.84831
			*CONTROL_ROT_SAMPLE 2496	-0.768336	0.459325	0.445737	1.84985
			*CONTROL_ROT_SAMPLE 2688	-0.767419	0.460047	0.446569	1.85087
			*CONTROL_ROT_SAMPLE 2880	-0.766542	0.460737	0.447364	1.85185
			*CONTROL_ROT_SAMPLE 3072	-0.765696	0.461401	0.448129	1.85279
			*CONTROL_ROT_SAMPLE 3264	-0.764874	0.462044	0.44887	1.85371
			*CONTROL_ROT_SAMPLE 3456	-0.764068	0.462672	0.449594	1.85461
			*CONTROL_ROT_SAMPLE 3648	-0.763271	0.463292	0.450309	1.8555
			*CONTROL_ROT_SAMPLE 3840	-0.762475	0.46391	0.45102	1.85639
			*CONTROL_ROT_SAMPLE 4032	-0.761673	0.46453	0.451736	1.85729
			*CONTROL_ROT_SAMPLE 4224	-0.760857	0.46516	0.452463	1.8582
			*CONTROL_ROT_SAMPLE 4416	-0.76002	0.465804	0.453206	1.85914
			*CONTROL_ROT_SAMPLE 4608	-0.759108	0.466504	0.454014	1.86016
			*CONTROL_ROT_SAMPLE 4800	-0.758158	0.467231	0.454853	1.86123
			*CONTROL_ROT_SAMPLE 4992	-0.757233	0.467937	0.455668	1.86227
			*CONTROL_ROT_SAMPLE 5184	-0.756308	0.46864	0.45648	1.86331
		}
	}
}
*HELPEROBJECT {
	*NODE_NAME "Bip01 R Thigh"
	*NODE_PARENT "Bip01 Pelvis"
	*NODE_TM {
		*NODE_NAME "Bip01 R Thigh"
		*TM_ROW0 -0.510563	-0.351149	-0.78487
		*TM_ROW1 -0.48258	-0.638463	0.599568
		*TM_ROW2 -0.711647	0.68488	0.156518
		*TM_ROW3 -30.9201	14.1109	85.9437
		*TM_POS -30.9201	14.1109	85.9437
		*TM_ROTAXIS 0.493256	-0.423357	-0.759913
		*TM_ROTANGLE 3.05501
		*TM_SCALE 1	1	1
		*TM_SCALEAXIS 0	0	0
		*TM_SCALEAXISANG 0	0	0
	}
	*TM_ANIMATION {
		*NODE_NAME "Bip01 R Thigh"
		*CONTROL_POS_TRACK {
			*CONTROL_POS_SAMPLE 192	-30.9201	14.1109	85.9437
			*CONTROL_POS_SAMPLE 384	-30.9162	3.47475	85.9082
			*CONTROL_POS_SAMPLE 576	-30.9212	-3.09868	85.9662
			*CONTROL_POS_SAMPLE 768	-30.9323	-7.82356	85.9698
			*CONTROL_POS_SAMPLE 960	-30.9468	-12.914	85.7711
			*CONTROL_POS_SAMPLE 1152	-30.9624	-18.602	85.2296
			*CONTROL_POS_SAMPLE 1344	-30.9767	-23.8067	84.4417
			*CONTROL_POS_SAMPLE 1536	-30.9882	-28.773	83.6159
			*CONTROL_POS_SAMPLE 1728	-30.9951	-33.7458	82.9602
			*CONTROL_POS_SAMPLE 1920	-30.998	-38.6302	82.6792
			*CONTROL_POS_SAMPLE 2112	-30.9986	-43.3943	82.7972
			*CONTROL_POS_SAMPLE 2304	-30.9972	-48.2079	83.1474
			*CONTROL_POS_SAMPLE 2496	-30.9942	-53.0164	83.6508
			*CONTROL_POS_SAMPLE 2688	-30.9903	-57.8227	84.2284
			*CONTROL_POS_SAMPLE 2880	-30.9863	-62.6296	84.8012
			*CONTROL_POS_SAMPLE 3072	-30.9821	-67.4358	85.279
			*CONTROL_POS_SAMPLE 3264	-30.977	-72.2387	85.5679
			*CONTROL_POS_SAMPLE 3456	-30.9712	-77.0391	85.6274
			*CONTROL_POS_SAMPLE 3648	-30.9649	-81.8378	85.5212
			*CONTROL_POS_SAMPLE 3840	-30.9584	-86.6358	85.3221
			*CONTROL_POS_SAMPLE 4032	-30.9521	-91.434	85.1027
			*CONTROL_POS_SAMPLE 4224	-30.9462	-96.2333	84.9356
			*CONTROL_POS_SAMPLE 4416	-30.941	-101.033	84.8995
			*CONTROL_POS_SAMPLE 4608	-30.936	-105.832	85.0457
			*CONTROL_POS_SAMPLE 4800	-30.9311	-110.631	85.3215
			*CONTROL_POS_SAMPLE 4992	-30.9258	-115.429	85.6473
			*CONTROL_POS_SAMPLE 5184	-30.9201	-120.228	85.9436
		}
		*CONTROL_ROT_TRACK {
			*CONTROL_ROT_SAMPLE 192	0.493256	-0.423357	-0.759913	3.05501
			*CONTROL_ROT_SAMPLE 384	0.429484	-0.435739	-0.790996	2.97569
			*CONTROL_ROT_SAMPLE 576	0.40588	-0.462201	-0.788436	3.04836
			*CONTROL_ROT_SAMPLE 768	0.404611	-0.490558	-0.771779	3.13746
			*CONTROL_ROT_SAMPLE 960	0.410006	-0.510665	-0.755722	3.18658
			*CONTROL_ROT_SAMPLE 1152	0.420109	-0.526059	-0.73944	3.23188
			*CONTROL_ROT_SAMPLE 1344	0.434457	-0.540657	-0.720372	3.27624
			*CONTROL_ROT_SAMPLE 1536	0.452503	-0.551629	-0.700676	3.3101
			*CONTROL_ROT_SAMPLE 1728	0.473623	-0.556711	-0.682462	3.32608
			*CONTROL_ROT_SAMPLE 1920	0.498298	-0.554506	-0.666501	3.32018
			*CONTROL_ROT_SAMPLE 2112	0.526339	-0.544186	-0.653322	3.2925
			*CONTROL_ROT_SAMPLE 2304	0.523436	-0.539243	-0.65972	3.28266
			*CONTROL_ROT_SAMPLE 2496	0.513129	-0.532976	-0.672782	3.28061
			*CONTROL_ROT_SAMPLE 2688	0.505181	-0.522706	-0.68671	3.26981
			*CONTROL_ROT_SAMPLE 2880	0.499194	-0.509131	-0.701136	3.25252
			*CONTROL_ROT_SAMPLE 3072	0.494619	-0.493231	-0.715595	3.2308
			*CONTROL_ROT_SAMPLE 3264	0.490901	-0.475979	-0.729699	3.20705
			*CONTROL_ROT_SAMPLE 3456	0.48804	-0.457691	-0.743193	3.18344
			*CONTROL_ROT_SAMPLE 3648	0.487591	-0.43703	-0.755818	3.15752
			*CONTROL_ROT_SAMPLE 3840	0.489848	-0.413531	-0.76749	3.12816
			*CONTROL_ROT_SAMPLE 4032	0.493598	-0.388124	-0.778281	3.09733
			*CONTROL_ROT_SAMPLE 4224	0.497596	-0.361706	-0.788395	3.06652
			*CONTROL_ROT_SAMPLE 4416	0.500522	-0.335242	-0.79818	3.03641
			*CONTROL_ROT_SAMPLE 4608	0.49423	-0.303298	-0.814706	3.02142
			*CONTROL_ROT_SAMPLE 4800	0.487276	-0.292648	-0.822751	3.03919
			*CONTROL_ROT_SAMPLE 4992	0.489633	-0.34509	-0.800732	3.12323
			*CONTROL_ROT_SAMPLE 5184	0.500769	-0.405713	-0.764609	3.19483
		}
	}
}
*HELPEROBJECT {
	*NODE_NAME "Bip01 R Calf"
	*NODE_PARENT "Bip01 R Thigh"
	*NODE_TM {
		*NODE_NAME "Bip01 R Calf"
		*TM_ROW0 0.186444	0.398916	-0.897834
		*TM_ROW1 -0.677345	-0.609759	-0.411579
		*TM_ROW2 -0.711647	0.68488	0.156518
		*TM_ROW3 -51.0081	0.295025	55.0631
		*TM_POS -51.0081	0.295025	55.0631
		*TM_ROTAXIS -0.708466	0.120302	0.695416
		*TM_ROTANGLE 4.02645
		*TM_SCALE 1	1	1
		*TM_SCALEAXIS 0	0	0
		*TM_SCALEAXISANG 0	0	0
	}
	*TM_ANIMATION {
		*NODE_NAME "Bip01 R Calf"
		*CONTROL_POS_TRACK {
			*CONTROL_POS_SAMPLE 192	-51.0081	0.295025	55.0631
			*CONTROL_POS_SAMPLE 384	-55.3057	-6.01091	56.528
			*CONTROL_POS_SAMPLE 576	-57.1601	-14.9407	59.1464
			*CONTROL_POS_SAMPLE 768	-57.3945	-23.3166	61.3176
			*CONTROL_POS_SAMPLE 960	-57.0304	-30.7185	62.305
			*CONTROL_POS_SAMPLE 1152	-56.2872	-38.5802	62.7009
			*CONTROL_POS_SAMPLE 1344	-55.1797	-46.0115	62.7813
			*CONTROL_POS_SAMPLE 1536	-53.7775	-52.8993	62.4833
			*CONTROL_POS_SAMPLE 1728	-52.1705	-59.2436	61.7592
			*CONTROL_POS_SAMPLE 1920	-50.3338	-64.8582	60.6284
			*CONTROL_POS_SAMPLE 2112	-48.2205	-69.6694	59.1109
			*CONTROL_POS_SAMPLE 2304	-48.4984	-73.9579	59.092
			*CONTROL_POS_SAMPLE 2496	-49.3403	-78.1011	59.5221
			*CONTROL_POS_SAMPLE 2688	-50.0124	-81.9711	59.6717
			*CONTROL_POS_SAMPLE 2880	-50.5406	-85.6213	59.5618
			*CONTROL_POS_SAMPLE 3072	-50.9575	-89.1031	59.2113
			*CONTROL_POS_SAMPLE 3264	-51.2949	-92.4835	58.6357
			*CONTROL_POS_SAMPLE 3456	-51.5472	-95.8319	57.8519
			*CONTROL_POS_SAMPLE 3648	-51.5979	-99.0786	56.7975
			*CONTROL_POS_SAMPLE 3840	-51.4189	-102.169	55.5212
			*CONTROL_POS_SAMPLE 4032	-51.0959	-105.147	54.2126
			*CONTROL_POS_SAMPLE 4224	-50.724	-108.05	53.0416
			*CONTROL_POS_SAMPLE 4416	-50.4094	-110.903	52.1646
			*CONTROL_POS_SAMPLE 4608	-50.8454	-113.742	52.0447
			*CONTROL_POS_SAMPLE 4800	-51.4348	-118.514	52.6799
			*CONTROL_POS_SAMPLE 4992	-51.4005	-128.146	54.5492
			*CONTROL_POS_SAMPLE 5184	-50.4902	-137.805	56.6848
		}
		*CONTROL_ROT_TRACK {
			*CONTROL_ROT_SAMPLE 192	-0.708466	0.120302	0.695416	4.02645
			*CONTROL_ROT_SAMPLE 384	0.677385	-0.165012	-0.716883	2.12894
			*CONTROL_ROT_SAMPLE 576	0.686205	-0.165009	-0.708445	2.11289
			*CONTROL_ROT_SAMPLE 768	-0.701491	0.16373	0.693616	4.11979
			*CONTROL_ROT_SAMPLE 960	-0.707641	0.175577	0.68441	4.0528
			*CONTROL_ROT_SAMPLE 1152	-0.712642	0.184863	0.676732	3.97963
			*CONTROL_ROT_SAMPLE 1344	-0.717095	0.19718	0.668502	3.89168
			*CONTROL_ROT_SAMPLE 1536	-0.71962	0.214084	0.660541	3.79606
			*CONTROL_ROT_SAMPLE 1728	-0.719446	0.236117	0.653182	3.70062
			*CONTROL_ROT_SAMPLE 1920	-0.715878	0.264299	0.64627	3.60707
