*3DSMAX_ASCIIEXPORT	110
*COMMENT "This file is part of Gothic Free Aim Copyright (C) 2016-2017  mud-freak (@szapp)"
*COMMENT "<http://github.com/szapp/GothicFreeAim>"
*COMMENT "Animations: second iteration"
*SCENE {
	*SCENE_FILENAME "bowIK_T2_left.max"
	*SCENE_FIRSTFRAME 1
	*SCENE_LASTFRAME 26
	*SCENE_FRAMESPEED 25
	*SCENE_TICKSPERFRAME 192
	*SCENE_BACKGROUND_STATIC 0	0	0
	*SCENE_AMBIENT_STATIC 0.2	0.2	0.2
}
*HELPEROBJECT {
	*NODE_NAME "Bip01"
	*NODE_TM {
		*NODE_NAME "Bip01"
		*TM_ROW0 -0.836419	-0.547972	0.0113689
		*TM_ROW1 0.547171	-0.836037	-0.040567
		*TM_ROW2 0.0317344	-0.0277103	0.999112
		*TM_ROW3 110.049	23.7416	76.6863
		*TM_POS 110.049	23.7416	76.6863
		*TM_ROTAXIS -0.0117369	0.0185917	-0.999758
		*TM_ROTANGLE 3.72121
		*TM_SCALE 1	1	1
		*TM_SCALEAXIS 0	0	0
		*TM_SCALEAXISANG 0	0	0
	}
	*TM_ANIMATION {
		*NODE_NAME "Bip01"
		*CONTROL_POS_TRACK {
			*CONTROL_POS_SAMPLE 192	-0.0498829	24.2813	74.638
			*CONTROL_POS_SAMPLE 384	4.34032	24.2322	75.1556
			*CONTROL_POS_SAMPLE 576	8.73051	24.1832	75.6739
			*CONTROL_POS_SAMPLE 768	13.1207	24.1341	76.1928
			*CONTROL_POS_SAMPLE 960	17.5109	24.085	76.7124
			*CONTROL_POS_SAMPLE 1152	21.9011	24.036	76.4271
			*CONTROL_POS_SAMPLE 1344	26.2913	23.9869	76.1018
			*CONTROL_POS_SAMPLE 1536	30.6815	23.9378	75.767
			*CONTROL_POS_SAMPLE 1728	35.0717	23.8888	75.4532
			*CONTROL_POS_SAMPLE 1920	39.4619	23.8397	75.191
			*CONTROL_POS_SAMPLE 2112	43.8521	23.7906	75.0106
			*CONTROL_POS_SAMPLE 2304	48.2423	23.7416	74.9427
			*CONTROL_POS_SAMPLE 2496	52.037	23.7416	75.0074
			*CONTROL_POS_SAMPLE 2688	55.8317	23.7416	75.1846
			*CONTROL_POS_SAMPLE 2880	59.6264	23.7416	75.4441
			*CONTROL_POS_SAMPLE 3072	63.4212	23.7416	75.7559
			*CONTROL_POS_SAMPLE 3264	67.2159	23.7416	76.0891
			*CONTROL_POS_SAMPLE 3456	71.0106	23.7416	76.4133
			*CONTROL_POS_SAMPLE 3648	74.8053	23.7416	76.6976
			*CONTROL_POS_SAMPLE 3840	78.6	23.7416	76.6958
			*CONTROL_POS_SAMPLE 4032	82.3947	23.7416	76.6944
			*CONTROL_POS_SAMPLE 4224	86.1894	23.7416	76.6931
			*CONTROL_POS_SAMPLE 4416	92.1543	23.7416	76.6919
			*CONTROL_POS_SAMPLE 4608	98.1192	23.7416	76.6905
			*CONTROL_POS_SAMPLE 4800	104.084	23.7416	76.6887
			*CONTROL_POS_SAMPLE 4992	110.049	23.7416	76.6863
		}
		*CONTROL_ROT_TRACK {
			*CONTROL_ROT_SAMPLE 192	-0.0117386	0.0185945	-0.999758	3.72221
			*CONTROL_ROT_SAMPLE 384	-0.0097935	0.0191749	-0.999768	3.72215
			*CONTROL_ROT_SAMPLE 576	-0.00800401	0.0197089	-0.999774	3.7221
			*CONTROL_ROT_SAMPLE 768	-0.00637011	0.0201963	-0.999776	3.72205
			*CONTROL_ROT_SAMPLE 960	-0.00489182	0.0206373	-0.999775	3.72201
			*CONTROL_ROT_SAMPLE 1152	-0.00356914	0.0210318	-0.999772	3.72198
			*CONTROL_ROT_SAMPLE 1344	-0.00240207	0.0213799	-0.999769	3.72194
			*CONTROL_ROT_SAMPLE 1536	-0.00139061	0.0216815	-0.999764	3.72192
			*CONTROL_ROT_SAMPLE 1728	-0.000534771	0.0219367	-0.999759	3.72189
			*CONTROL_ROT_SAMPLE 1920	0.000165456	0.0221455	-0.999755	3.72186
			*CONTROL_ROT_SAMPLE 2112	0.00071007	0.0223078	-0.999751	3.72184
			*CONTROL_ROT_SAMPLE 2304	0.00109907	0.0224237	-0.999748	3.72181
			*CONTROL_ROT_SAMPLE 2496	0.00133245	0.0224932	-0.999746	3.72177
			*CONTROL_ROT_SAMPLE 2688	0.00141023	0.0225163	-0.999745	3.72174
			*CONTROL_ROT_SAMPLE 2880	0.00123523	0.022464	-0.999747	3.7217
			*CONTROL_ROT_SAMPLE 3072	0.000740659	0.0223164	-0.999751	3.72166
			*CONTROL_ROT_SAMPLE 3264	-2.78352e-005	0.022087	-0.999756	3.72162
			*CONTROL_ROT_SAMPLE 3456	-0.00102459	0.0217896	-0.999762	3.72158
			*CONTROL_ROT_SAMPLE 3648	-0.00220395	0.0214376	-0.999768	3.72153
			*CONTROL_ROT_SAMPLE 3840	-0.00352024	0.0210448	-0.999772	3.72149
			*CONTROL_ROT_SAMPLE 4032	-0.00492782	0.0206247	-0.999775	3.72145
			*CONTROL_ROT_SAMPLE 4224	-0.00638102	0.0201909	-0.999776	3.7214
			*CONTROL_ROT_SAMPLE 4416	-0.00783418	0.0197571	-0.999774	3.72135
			*CONTROL_ROT_SAMPLE 4608	-0.00924165	0.0193369	-0.99977	3.72131
			*CONTROL_ROT_SAMPLE 4800	-0.0105578	0.0189439	-0.999765	3.72126
			*CONTROL_ROT_SAMPLE 4992	-0.0117369	0.0185917	-0.999758	3.72121
		}
	}
}
*HELPEROBJECT {
	*NODE_NAME "Bip01 Footsteps"
	*NODE_PARENT "Bip01"
	*NODE_TM {
		*NODE_NAME "Bip01 Footsteps"
		*TM_ROW0 1	0	0
		*TM_ROW1 0	1	0
		*TM_ROW2 0	0	1
		*TM_ROW3 110.049	23.7416	-3.14915
		*TM_POS 110.049	23.7416	-3.14915
		*TM_ROTAXIS 0	0	0
		*TM_ROTANGLE 0
		*TM_SCALE 1	1	1
		*TM_SCALEAXIS 0	0	0
		*TM_SCALEAXISANG 0	0	0
	}
}
*HELPEROBJECT {
	*NODE_NAME "Bip01 Pelvis"
	*NODE_PARENT "Bip01"
	*NODE_TM {
		*NODE_NAME "Bip01 Pelvis"
		*TM_ROW0 0.0317337	-0.0277091	0.999112
		*TM_ROW1 -0.836418	-0.547974	0.0113689
		*TM_ROW2 0.547172	-0.836037	-0.0405656
		*TM_ROW3 112.398	24.2131	76.6247
		*TM_POS 112.398	24.2131	76.6247
		*TM_ROTAXIS -0.674938	0.35996	-0.644118
		*TM_ROTANGLE 2.46291
		*TM_SCALE 1	1	1
		*TM_SCALEAXIS 0	0	0
		*TM_SCALEAXISANG 0	0	0
	}
	*TM_ANIMATION {
		*NODE_NAME "Bip01 Pelvis"
		*CONTROL_POS_TRACK {
			*CONTROL_POS_SAMPLE 192	2.29816	24.7552	74.5766
			*CONTROL_POS_SAMPLE 384	6.68861	24.7059	75.1028
			*CONTROL_POS_SAMPLE 576	11.079	24.6566	75.629
			*CONTROL_POS_SAMPLE 768	15.4694	24.6074	76.1552
			*CONTROL_POS_SAMPLE 960	19.8597	24.5581	76.6814
			*CONTROL_POS_SAMPLE 1152	24.25	24.5089	76.4019
			*CONTROL_POS_SAMPLE 1344	28.6403	24.4597	76.0818
			*CONTROL_POS_SAMPLE 1536	33.0305	24.4105	75.7515
			*CONTROL_POS_SAMPLE 1728	37.4208	24.3613	75.4416
			*CONTROL_POS_SAMPLE 1920	41.811	24.3121	75.1824
			*CONTROL_POS_SAMPLE 2112	46.2012	24.2629	75.0045
			*CONTROL_POS_SAMPLE 2304	50.5915	24.2137	74.9382
			*CONTROL_POS_SAMPLE 2496	54.3862	24.2136	75.004
			*CONTROL_POS_SAMPLE 2688	58.1809	24.2136	75.1816
			*CONTROL_POS_SAMPLE 2880	61.9757	24.2135	75.4403
			*CONTROL_POS_SAMPLE 3072	65.7704	24.2134	75.7499
			*CONTROL_POS_SAMPLE 3264	69.5651	24.2134	76.0797
			*CONTROL_POS_SAMPLE 3456	73.3598	24.2134	76.3994
			*CONTROL_POS_SAMPLE 3648	77.1545	24.2134	76.6785
			*CONTROL_POS_SAMPLE 3840	80.9492	24.2133	76.6708
			*CONTROL_POS_SAMPLE 4032	84.7438	24.2133	76.6631
			*CONTROL_POS_SAMPLE 4224	88.5384	24.2133	76.6554
			*CONTROL_POS_SAMPLE 4416	94.5032	24.2133	76.6478
			*CONTROL_POS_SAMPLE 4608	100.468	24.2132	76.6401
			*CONTROL_POS_SAMPLE 4800	106.433	24.2132	76.6324
			*CONTROL_POS_SAMPLE 4992	112.398	24.2131	76.6247
		}
		*CONTROL_ROT_TRACK {
			*CONTROL_ROT_SAMPLE 192	-0.675038	0.359588	-0.644221	2.46357
			*CONTROL_ROT_SAMPLE 384	-0.674041	0.360736	-0.644623	2.46609
			*CONTROL_ROT_SAMPLE 576	-0.673123	0.361789	-0.644992	2.46841
			*CONTROL_ROT_SAMPLE 768	-0.672285	0.362748	-0.645327	2.47053
			*CONTROL_ROT_SAMPLE 960	-0.671526	0.363613	-0.64563	2.47245
			*CONTROL_ROT_SAMPLE 1152	-0.670848	0.364385	-0.6459	2.47417
			*CONTROL_ROT_SAMPLE 1344	-0.670249	0.365066	-0.646138	2.47569
			*CONTROL_ROT_SAMPLE 1536	-0.669729	0.365655	-0.646343	2.47701
			*CONTROL_ROT_SAMPLE 1728	-0.669289	0.366155	-0.646516	2.47812
			*CONTROL_ROT_SAMPLE 1920	-0.668928	0.366564	-0.646657	2.47903
			*CONTROL_ROT_SAMPLE 2112	-0.668647	0.366885	-0.646766	2.47973
			*CONTROL_ROT_SAMPLE 2304	-0.668445	0.367118	-0.646842	2.48023
			*CONTROL_ROT_SAMPLE 2496	-0.668323	0.367263	-0.646887	2.48052
			*CONTROL_ROT_SAMPLE 2688	-0.668279	0.367321	-0.646899	2.48059
			*CONTROL_ROT_SAMPLE 2880	-0.668365	0.367236	-0.646859	2.48034
			*CONTROL_ROT_SAMPLE 3072	-0.668613	0.366969	-0.646753	2.47966
			*CONTROL_ROT_SAMPLE 3264	-0.669002	0.366545	-0.646592	2.47861
			*CONTROL_ROT_SAMPLE 3456	-0.669507	0.365991	-0.646383	2.47727
			*CONTROL_ROT_SAMPLE 3648	-0.670106	0.365331	-0.646136	2.47568
			*CONTROL_ROT_SAMPLE 3840	-0.670774	0.364593	-0.64586	2.47392
			*CONTROL_ROT_SAMPLE 4032	-0.671488	0.363801	-0.645564	2.47203
			*CONTROL_ROT_SAMPLE 4224	-0.672225	0.362982	-0.645257	2.47009
			*CONTROL_ROT_SAMPLE 4416	-0.672962	0.362162	-0.64495	2.46814
			*CONTROL_ROT_SAMPLE 4608	-0.673675	0.361367	-0.644651	2.46626
			*CONTROL_ROT_SAMPLE 4800	-0.674342	0.360624	-0.64437	2.46449
			*CONTROL_ROT_SAMPLE 4992	-0.674938	0.35996	-0.644118	2.46291
		}
	}
}
*HELPEROBJECT {
	*NODE_NAME "Bip01 Spine"
	*NODE_PARENT "Bip01 Pelvis"
	*NODE_TM {
		*NODE_NAME "Bip01 Spine"
		*TM_ROW0 -0.0267031	-0.0658734	0.997471
		*TM_ROW1 -0.836595	-0.544703	-0.0583687
		*TM_ROW2 0.54717	-0.836038	-0.0405641
		*TM_ROW3 112.548	24.1954	79.0225
		*TM_POS 112.548	24.1954	79.0225
		*TM_ROTAXIS -0.656886	0.380362	-0.651018
		*TM_ROTANGLE 2.50813
		*TM_SCALE 1	1	1
		*TM_SCALEAXIS 0	0	0
		*TM_SCALEAXISANG 0	0	0
	}
}
*HELPEROBJECT {
	*NODE_NAME "Bip01 Spine1"
	*NODE_PARENT "Bip01 Spine"
	*NODE_TM {
		*NODE_NAME "Bip01 Spine1"
		*TM_ROW0 -0.039189	-0.0785687	0.996138
		*TM_ROW1 -0.938645	-0.338958	-0.0636619
		*TM_ROW2 0.342651	-0.937515	-0.0604648
		*TM_ROW3 112.295	23.5515	88.8255
		*TM_POS 112.295	23.5515	88.8255
		*TM_ROTAXIS -0.628949	0.470342	-0.619033
		*TM_ROTANGLE 2.3736
		*TM_SCALE 1	1	1
		*TM_SCALEAXIS 0	0	0
		*TM_SCALEAXISANG 0	0	0
	}
}
*HELPEROBJECT {
	*NODE_NAME "Bip01 Spine2"
	*NODE_PARENT "Bip01 Spine1"
	*NODE_TM {
		*NODE_NAME "Bip01 Spine2"
		*TM_ROW0 -0.130752	0.0235635	0.991135
		*TM_ROW1 -0.984906	-0.117454	-0.127138
		*TM_ROW2 0.113417	-0.992799	0.0385652
		*TM_ROW3 111.818	22.5494	101.569
		*TM_POS 111.818	22.5494	101.569
		*TM_ROTAXIS -0.54351	0.55108	-0.633173
		*TM_ROTANGLE 2.22034
		*TM_SCALE 1	1	1
		*TM_SCALEAXIS 0	0	0
		*TM_SCALEAXISANG 0	0	0
	}
}
*HELPEROBJECT {
	*NODE_NAME "Bip01 Neck"
	*NODE_PARENT "Bip01 Spine2"
	*NODE_TM {
		*NODE_NAME "Bip01 Neck"
		*TM_ROW0 -0.418706	-0.323974	0.848367
		*TM_ROW1 -0.134049	-0.901916	-0.410582
		*TM_ROW2 0.898174	-0.285636	0.334209
		*TM_ROW3 107.898	23.2609	131.289
		*TM_POS 107.898	23.2609	131.289
		*TM_ROTAXIS -0.53687	0.214011	-0.81607
		*TM_ROTANGLE 3.25822
		*TM_SCALE 1	1	1
		*TM_SCALEAXIS 0	0	0
		*TM_SCALEAXISANG 0	0	0
	}
}
*HELPEROBJECT {
	*NODE_NAME "Bip01 Head"
	*NODE_PARENT "Bip01 Neck"
	*NODE_TM {
		*NODE_NAME "Bip01 Head"
		*TM_ROW0 -0.477585	0.0247585	0.878237
		*TM_ROW1 0.327773	-0.922414	0.204247
		*TM_ROW2 0.815155	0.385407	0.432416
		*TM_ROW3 105.034	21.0451	137.092
		*TM_POS 105.034	21.0451	137.092
		*TM_ROTAXIS -0.505145	-0.175896	-0.84492
		*TM_ROTANGLE 3.32188
		*TM_SCALE 1	1	1
		*TM_SCALEAXIS 0	0	0
		*TM_SCALEAXISANG 0	0	0
	}
}
*HELPEROBJECT {
	*NODE_NAME "zs_Helmet"
	*NODE_PARENT "Bip01 Head"
	*NODE_TM {
		*NODE_NAME "zs_Helmet"
		*TM_ROW0 0.815155	0.385408	0.432416
		*TM_ROW1 -0.289293	0.917628	-0.272522
		*TM_ROW2 -0.501829	0.0970531	0.859505
		*TM_ROW3 -5.85083	-38.542	399.233
		*TM_POS -5.85083	-38.542	399.233
		*TM_ROTAXIS 0.30538	0.771966	-0.557505
		*TM_ROTANGLE 0.649901
		*TM_SCALE 1	1	1
		*TM_SCALEAXIS 0	0	0
		*TM_SCALEAXISANG 0	0	0
	}
}
*HELPEROBJECT {
	*NODE_NAME "Bip01 L Clavicle"
	*NODE_PARENT "Bip01 Neck"
	*NODE_TM {
		*NODE_NAME "Bip01 L Clavicle"
		*TM_ROW0 0.344645	-0.887358	0.306294
		*TM_ROW1 0.913023	0.3927	0.110341
		*TM_ROW2 -0.218194	0.241626	0.94552
		*TM_ROW3 111.937	15.5132	126.589
		*TM_POS 111.937	15.5132	126.589
		*TM_ROTAXIS 0.0698393	0.279011	0.957745
		*TM_ROTANGLE 1.22236
		*TM_SCALE 1	1	1
		*TM_SCALEAXIS 0	0	0
		*TM_SCALEAXISANG 0	0	0
	}
}
*HELPEROBJECT {
	*NODE_NAME "Bip01 L UpperArm"
	*NODE_PARENT "Bip01 L Clavicle"
	*NODE_TM {
		*NODE_NAME "Bip01 L UpperArm"
		*TM_ROW0 0.293336	-0.955738	0.022757
		*TM_ROW1 0.939992	0.284001	-0.189101
		*TM_ROW2 0.174268	0.0768615	0.981694
		*TM_ROW3 116.529	3.68824	130.671
		*TM_POS 116.529	3.68824	130.671
		*TM_ROTAXIS 0.138502	-0.0789004	0.987214
		*TM_ROTANGLE 1.28751
		*TM_SCALE 1	1	1
		*TM_SCALEAXIS 0	0	0
		*TM_SCALEAXISANG 0	0	0
	}
}
*HELPEROBJECT {
	*NODE_NAME "Bip01 L Forearm"
	*NODE_PARENT "Bip01 L UpperArm"
	*NODE_TM {
		*NODE_NAME "Bip01 L Forearm"
		*TM_ROW0 0.182564	-0.982187	0.0444917
		*TM_ROW1 0.967626	0.171469	-0.185196
		*TM_ROW2 0.174268	0.0768616	0.981694
		*TM_ROW3 124.715	-22.9828	131.306
		*TM_POS 124.715	-22.9828	131.306
		*TM_ROTAXIS 0.132915	-0.0658221	0.988939
		*TM_ROTANGLE 1.40213
		*TM_SCALE 1	1	1
		*TM_SCALEAXIS 0	0	0
		*TM_SCALEAXISANG 0	0	0
	}
}
*HELPEROBJECT {
	*NODE_NAME "Bip01 L Hand"
	*NODE_PARENT "Bip01 L Forearm"
	*NODE_TM {
		*NODE_NAME "Bip01 L Hand"
		*TM_ROW0 0.237827	-0.963752	0.120911
		*TM_ROW1 -0.30357	-0.191999	-0.933264
		*TM_ROW2 0.92265	0.18525	-0.338229
		*TM_ROW3 129.794	-50.3036	132.543
		*TM_POS 129.794	-50.3036	132.543
		*TM_ROTAXIS -0.73281	0.52527	-0.432528
		*TM_ROTANGLE 4.00979
		*TM_SCALE 1	1	1
		*TM_SCALEAXIS 0	0	0
		*TM_SCALEAXISANG 0	0	0
	}
}
*HELPEROBJECT {
	*NODE_NAME "Bip01 L Finger0"
	*NODE_PARENT "Bip01 L Hand"
	*NODE_TM {
		*NODE_NAME "Bip01 L Finger0"
		*TM_ROW0 0.237824	-0.963753	0.120916
		*TM_ROW1 -0.304278	-0.192145	-0.933003
		*TM_ROW2 0.922418	0.185098	-0.338945
		*TM_ROW3 132.854	-62.707	134.099
		*TM_POS 132.854	-62.707	134.099
		*TM_ROTAXIS -0.732892	0.525367	-0.432272
		*TM_ROTANGLE 4.00923
		*TM_SCALE 1	1	1
		*TM_SCALEAXIS 0	0	0
		*TM_SCALEAXISANG 0	0	0
	}
}
*HELPEROBJECT {
	*NODE_NAME "zs_LeftHand"
	*NODE_PARENT "Bip01 L Hand"
	*NODE_TM {
		*NODE_NAME "zs_LeftHand"
		*TM_ROW0 0.877487	0.283784	-0.386631
		*TM_ROW1 0.368928	-0.914501	0.166071
		*TM_ROW2 -0.306446	-0.288365	-0.907158
		*TM_ROW3 180.124	-157.33	50.1969
		*TM_POS 180.124	-157.33	50.1969
		*TM_ROTAXIS -0.96844	-0.170881	0.181448
		*TM_ROTANGLE 2.90476
		*TM_SCALE 1	1	1
		*TM_SCALEAXIS 0	0	0
		*TM_SCALEAXISANG 0	0	0
	}
}
*HELPEROBJECT {
	*NODE_NAME "zs_LeftArm"
	*NODE_PARENT "Bip01 L Forearm"
	*NODE_TM {
		*NODE_NAME "zs_LeftArm"
		*TM_ROW0 0.310276	-0.950359	-0.0233932
		*TM_ROW1 0.942348	0.310718	-0.124234
		*TM_ROW2 0.125336	0.0165022	0.991977
		*TM_ROW3 11.3207	-306.829	224.094
		*TM_POS 11.3207	-306.829	224.094
		*TM_ROTAXIS 0.0739258	-0.0781241	0.994199
		*TM_ROTANGLE 1.2593
		*TM_SCALE 1	1	1
		*TM_SCALEAXIS 0	0	0
		*TM_SCALEAXISANG 0	0	0
	}
}
*HELPEROBJECT {
	*NODE_NAME "Bip01 R Clavicle"
	*NODE_PARENT "Bip01 Neck"
	*NODE_TM {
		*NODE_NAME "Bip01 R Clavicle"
		*TM_ROW0 -0.738	0.595433	-0.317515
		*TM_ROW1 0.61066	0.789522	0.0612252
		*TM_ROW2 0.287141	-0.14871	-0.946275
		*TM_ROW3 110.13	31.3264	125.975
		*TM_POS 110.13	31.3264	125.975
		*TM_ROTAXIS -0.327898	-0.944414	0.0237842
		*TM_ROTANGLE 2.81573
		*TM_SCALE 1	1	1
		*TM_SCALEAXIS 0	0	0
		*TM_SCALEAXISANG 0	0	0
	}
}
*HELPEROBJECT {
	*NODE_NAME "Bip01 R UpperArm"
	*NODE_PARENT "Bip01 R Clavicle"
	*NODE_TM {
		*NODE_NAME "Bip01 R UpperArm"
		*TM_ROW0 -0.583798	-0.785265	-0.206249
		*TM_ROW1 -0.587068	0.583762	-0.560868
		*TM_ROW2 0.560831	-0.206352	-0.801803
		*TM_ROW3 100.296	39.2612	121.743
		*TM_POS 100.296	39.2612	121.743
		*TM_ROTAXIS 0.408442	-0.883761	0.228345
		*TM_ROTANGLE 2.69268
		*TM_SCALE 1	1	1
		*TM_SCALEAXIS 0	0	0
		*TM_SCALEAXISANG 0	0	0
	}
}
*HELPEROBJECT {
	*NODE_NAME "Bip01 R Forearm"
	*NODE_PARENT "Bip01 R UpperArm"
	*NODE_TM {
		*NODE_NAME "Bip01 R Forearm"
		*TM_ROW0 0.683609	-0.430916	0.589059
		*TM_ROW1 -0.467063	-0.878482	-0.100607
		*TM_ROW2 0.560831	-0.206352	-0.801803
		*TM_ROW3 84.004	17.3474	115.988
		*TM_POS 84.004	17.3474	115.988
		*TM_ROTAXIS -0.917427	0.244904	-0.313607
		*TM_ROTANGLE 3.08393
		*TM_SCALE 1	1	1
		*TM_SCALEAXIS 0	0	0
		*TM_SCALEAXISANG 0	0	0
	}
}
*HELPEROBJECT {
	*NODE_NAME "Bip01 R Hand"
	*NODE_PARENT "Bip01 R Forearm"
	*NODE_TM {
		*NODE_NAME "Bip01 R Hand"
		*TM_ROW0 0.393533	-0.90321	0.171298
		*TM_ROW1 0.775966	0.226437	-0.58873
		*TM_ROW2 0.492959	0.364606	0.789971
		*TM_ROW3 103.019	5.36091	132.373
		*TM_POS 103.019	5.36091	132.373
		*TM_ROTAXIS 0.487008	-0.164319	0.857801
		*TM_ROTANGLE 1.36436
		*TM_SCALE 1	1	1
		*TM_SCALEAXIS 0	0	0
		*TM_SCALEAXISANG 0	0	0
	}
}
*HELPEROBJECT {
	*NODE_NAME "Bip01 R Finger0"
	*NODE_PARENT "Bip01 R Hand"
	*NODE_TM {
		*NODE_NAME "Bip01 R Finger0"
		*TM_ROW0 0.393527	-0.903212	0.1713
		*TM_ROW1 0.776344	0.226709	-0.588127
		*TM_ROW2 0.492368	0.364431	0.79042
		*TM_ROW3 108.084	-6.26328	134.578
		*TM_POS 108.084	-6.26328	134.578
		*TM_ROTAXIS 0.486648	-0.164029	0.858061
		*TM_ROTANGLE 1.364
		*TM_SCALE 1	1	1
		*TM_SCALEAXIS 0	0	0
		*TM_SCALEAXISANG 0	0	0
	}
}
*HELPEROBJECT {
	*NODE_NAME "zs_RightHand"
	*NODE_PARENT "Bip01 R Hand"
	*NODE_TM {
		*NODE_NAME "zs_RightHand"
		*TM_ROW0 -0.371451	0.919948	-0.125378
		*TM_ROW1 -0.856133	-0.391632	-0.337137
		*TM_ROW2 -0.359251	-0.0178896	0.93307
		*TM_ROW3 291.428	-449.52	211.898
		*TM_POS 291.428	-449.52	211.898
		*TM_ROTAXIS 0.175446	0.128527	-0.976063
		*TM_ROTANGLE 1.99875
		*TM_SCALE 1	1	1
		*TM_SCALEAXIS 0	0	0
		*TM_SCALEAXISANG 0	0	0
	}
}
*HELPEROBJECT {
	*NODE_NAME "zs_Crossbow"
	*NODE_PARENT "Bip01 Spine2"
	*NODE_TM {
		*NODE_NAME "zs_Crossbow"
		*TM_ROW0 -0.429523	0.368421	0.824485
		*TM_ROW1 0.0551571	0.921993	-0.383258
		*TM_ROW2 -0.90137	-0.119142	-0.416338
		*TM_ROW3 183.806	413.777	1424.42
		*TM_POS 183.806	413.777	1424.42
		*TM_ROTAXIS 0.148896	0.972955	-0.176603
		*TM_ROTANGLE 2.05097
		*TM_SCALE 1	1	1
		*TM_SCALEAXIS 0	0	0
		*TM_SCALEAXISANG 0	0	0
	}
}
*HELPEROBJECT {
	*NODE_NAME "zs_Longsword"
	*NODE_PARENT "Bip01 Spine2"
	*NODE_TM {
		*NODE_NAME "zs_Longsword"
		*TM_ROW0 -0.406842	0.486999	0.77286
		*TM_ROW1 0.131206	0.868423	-0.478148
		*TM_ROW2 -0.904027	-0.0931271	-0.417208
		*TM_ROW3 155.363	485.487	1150.81
		*TM_POS 155.363	485.487	1150.81
		*TM_ROTAXIS 0.219145	0.954445	-0.202509
		*TM_ROTANGLE 2.06896
		*TM_SCALE 1	1	1
		*TM_SCALEAXIS 0	0	0
		*TM_SCALEAXISANG 0	0	0
	}
}
*HELPEROBJECT {
	*NODE_NAME "zs_Shield"
	*NODE_PARENT "Bip01 Spine2"
	*NODE_TM {
		*NODE_NAME "zs_Shield"
		*TM_ROW0 0.410467	0.0254521	-0.91152
		*TM_ROW1 0.269616	0.95153	0.14798
		*TM_ROW2 0.871105	-0.306501	0.383709
		*TM_ROW3 506.071	-119.905	458.97
		*TM_POS 506.071	-119.905	458.97
		*TM_ROTAXIS -0.2449	-0.96058	0.131569
		*TM_ROTANGLE 1.18871
		*TM_SCALE 1	1	1
		*TM_SCALEAXIS 0	0	0
		*TM_SCALEAXISANG 0	0	0
	}
}
*HELPEROBJECT {
	*NODE_NAME "zs_Bow"
	*NODE_PARENT "Bip01 Spine2"
	*NODE_TM {
		*NODE_NAME "zs_Bow"
		*TM_ROW0 -0.178247	0.275147	0.944734
		*TM_ROW1 0.95222	0.290217	0.0951357
		*TM_ROW2 -0.248002	0.916552	-0.313731
		*TM_ROW3 624.404	161.092	146.678
		*TM_POS 624.404	161.092	146.678
		*TM_ROTAXIS -0.51381	-0.746076	-0.423521
		*TM_ROTANGLE 4.06779
		*TM_SCALE 1	1	1
		*TM_SCALEAXIS 0	0	0
		*TM_SCALEAXISANG 0	0	0
	}
}
*HELPEROBJECT {
	*NODE_NAME "zs_Sword"
	*NODE_PARENT "Bip01 Spine"
	*NODE_TM {
		*NODE_NAME "zs_Sword"
		*TM_ROW0 -0.299451	-0.240778	0.923231
		*TM_ROW1 0.781625	0.493013	0.382099
		*TM_ROW2 -0.547166	0.836041	0.0405649
		*TM_ROW3 344.847	-200.153	109.27
		*TM_POS 344.847	-200.153	109.27
		*TM_ROTAXIS 0.245699	0.795863	0.553384
		*TM_ROTANGLE 1.96377
		*TM_SCALE 1	1	1
		*TM_SCALEAXIS 0	0	0
		*TM_SCALEAXISANG 0	0	0
	}
}
*HELPEROBJECT {
	*NODE_NAME "Bip01 L Thigh"
	*NODE_PARENT "Bip01 Pelvis"
	*NODE_TM {
		*NODE_NAME "Bip01 L Thigh"
		*TM_ROW0 -0.00387046	-0.836027	-0.548674
		*TM_ROW1 -0.0124582	-0.548595	0.835995
		*TM_ROW2 -0.999915	0.0100712	-0.00829208
		*TM_ROW3 117.328	16.6802	76.2592
		*TM_POS 117.328	16.6802	76.2592
		*TM_ROTAXIS -0.660415	0.360815	0.658532
		*TM_ROTANGLE 2.46607
		*TM_SCALE 1	1	1
		*TM_SCALEAXIS 0	0	0
		*TM_SCALEAXISANG 0	0	0
	}
	*TM_ANIMATION {
		*NODE_NAME "Bip01 L Thigh"
		*CONTROL_POS_TRACK {
			*CONTROL_POS_SAMPLE 192	7.23582	17.2272	74.211
			*CONTROL_POS_SAMPLE 384	11.6264	17.178	74.7372
			*CONTROL_POS_SAMPLE 576	16.0169	17.1288	75.2634
			*CONTROL_POS_SAMPLE 768	20.4074	17.0797	75.7896
			*CONTROL_POS_SAMPLE 960	24.7979	17.0305	76.3159
			*CONTROL_POS_SAMPLE 1152	29.1883	16.9814	76.0364
			*CONTROL_POS_SAMPLE 1344	33.5787	16.9323	75.7163
			*CONTROL_POS_SAMPLE 1536	37.9691	16.8831	75.386
			*CONTROL_POS_SAMPLE 1728	42.3594	16.834	75.0761
			*CONTROL_POS_SAMPLE 1920	46.7497	16.7848	74.8169
			*CONTROL_POS_SAMPLE 2112	51.1399	16.7356	74.639
			*CONTROL_POS_SAMPLE 2304	55.53	16.6864	74.5727
			*CONTROL_POS_SAMPLE 2496	59.3246	16.6862	74.6385
			*CONTROL_POS_SAMPLE 2688	63.1191	16.6859	74.8161
			*CONTROL_POS_SAMPLE 2880	66.9135	16.6856	75.0748
			*CONTROL_POS_SAMPLE 3072	70.7077	16.6853	75.3844
			*CONTROL_POS_SAMPLE 3264	74.5019	16.6849	75.7142
			*CONTROL_POS_SAMPLE 3456	78.2959	16.6844	76.0339
			*CONTROL_POS_SAMPLE 3648	82.0899	16.684	76.313
			*CONTROL_POS_SAMPLE 3840	85.8839	16.6835	76.3053
			*CONTROL_POS_SAMPLE 4032	89.6777	16.6829	76.2976
			*CONTROL_POS_SAMPLE 4224	93.4716	16.6824	76.2899
			*CONTROL_POS_SAMPLE 4416	99.4355	16.6818	76.2822
			*CONTROL_POS_SAMPLE 4608	105.4	16.6813	76.2746
			*CONTROL_POS_SAMPLE 4800	111.364	16.6807	76.2669
			*CONTROL_POS_SAMPLE 4992	117.328	16.6802	76.2592
		}
		*CONTROL_ROT_TRACK {
			*CONTROL_ROT_SAMPLE 192	-0.670931	0.430264	0.603925	2.58419
			*CONTROL_ROT_SAMPLE 384	-0.686248	0.37639	0.62241	2.45889
			*CONTROL_ROT_SAMPLE 576	-0.666673	0.368304	0.647997	2.44137
			*CONTROL_ROT_SAMPLE 768	0.650077	-0.352716	-0.673046	3.86387
			*CONTROL_ROT_SAMPLE 960	0.628899	-0.341706	-0.698372	3.86806
			*CONTROL_ROT_SAMPLE 1152	0.606112	-0.334285	-0.721722	3.87991
			*CONTROL_ROT_SAMPLE 1344	0.585682	-0.32043	-0.744514	3.8892
			*CONTROL_ROT_SAMPLE 1536	0.566191	-0.303987	-0.766172	3.8923
			*CONTROL_ROT_SAMPLE 1728	0.54869	-0.287736	-0.78495	3.89095
			*CONTROL_ROT_SAMPLE 1920	0.518553	-0.256126	-0.815784	3.85824
			*CONTROL_ROT_SAMPLE 2112	0.500311	-0.247826	-0.829621	3.8422
			*CONTROL_ROT_SAMPLE 2304	0.500231	-0.286984	-0.816951	3.88259
			*CONTROL_ROT_SAMPLE 2496	0.505281	-0.337282	-0.794312	3.93049
			*CONTROL_ROT_SAMPLE 2688	0.514524	-0.38917	-0.764076	3.96926
			*CONTROL_ROT_SAMPLE 2880	0.529822	-0.436592	-0.727101	3.99023
			*CONTROL_ROT_SAMPLE 3072	0.551819	-0.473688	-0.686379	3.98691
			*CONTROL_ROT_SAMPLE 3264	0.57898	-0.495177	-0.647751	3.95615
			*CONTROL_ROT_SAMPLE 3456	0.611998	-0.497982	-0.614388	3.89164
			*CONTROL_ROT_SAMPLE 3648	-0.64838	0.484449	0.587293	2.48588
			*CONTROL_ROT_SAMPLE 3840	-0.682028	0.461872	0.56702	2.59252
			*CONTROL_ROT_SAMPLE 4032	-0.711373	0.433579	0.553134	2.70047
			*CONTROL_ROT_SAMPLE 4224	-0.735252	0.405548	0.54308	2.79324
			*CONTROL_ROT_SAMPLE 4416	-0.714184	0.403183	0.572176	2.72194
			*CONTROL_ROT_SAMPLE 4608	-0.69559	0.396179	0.599331	2.63005
			*CONTROL_ROT_SAMPLE 4800	-0.67788	0.382182	0.628026	2.54304
			*CONTROL_ROT_SAMPLE 4992	-0.660415	0.360815	0.658532	2.46607
		}
	}
}
*HELPEROBJECT {
	*NODE_NAME "Bip01 L Calf"
	*NODE_PARENT "Bip01 L Thigh"
	*NODE_TM {
		*NODE_NAME "Bip01 L Calf"
		*TM_ROW0 0.0116515	0.403546	-0.914885
		*TM_ROW1 -0.00586767	-0.914904	-0.403629
		*TM_ROW2 -0.999915	0.0100711	-0.00829212
		*TM_ROW3 117.175	-16.2132	54.6717
		*TM_POS 117.175	-16.2132	54.6717
		*TM_ROTAXIS -0.703314	-0.144555	0.696027
		*TM_ROTANGLE 3.44011
		*TM_SCALE 1	1	1
		*TM_SCALEAXIS 0	0	0
		*TM_SCALEAXISANG 0	0	0
	}
	*TM_ANIMATION {
		*NODE_NAME "Bip01 L Calf"
		*CONTROL_POS_TRACK {
			*CONTROL_POS_SAMPLE 192	6.58762	-16.3387	53.6947
			*CONTROL_POS_SAMPLE 384	14.0048	-16.3192	54.236
			*CONTROL_POS_SAMPLE 576	16.789	-16.3481	54.6064
			*CONTROL_POS_SAMPLE 768	19.9894	-16.2171	54.8333
			*CONTROL_POS_SAMPLE 960	22.5805	-15.9963	55.0479
			*CONTROL_POS_SAMPLE 1152	25.2332	-15.9981	54.9478
			*CONTROL_POS_SAMPLE 1344	28.1197	-15.7821	54.5505
			*CONTROL_POS_SAMPLE 1536	31.0354	-15.4039	53.997
			*CONTROL_POS_SAMPLE 1728	34.0715	-14.9625	53.4356
			*CONTROL_POS_SAMPLE 1920	35.6402	-13.4641	52.2427
			*CONTROL_POS_SAMPLE 2112	38.4399	-12.9153	52.1101
			*CONTROL_POS_SAMPLE 2304	43.6107	-14.8263	54.2529
			*CONTROL_POS_SAMPLE 2496	48.7243	-16.9195	57.137
			*CONTROL_POS_SAMPLE 2688	53.9618	-18.6593	60.1576
			*CONTROL_POS_SAMPLE 2880	59.2512	-19.8979	62.7886
			*CONTROL_POS_SAMPLE 3072	64.5324	-20.6277	64.5388
			*CONTROL_POS_SAMPLE 3264	69.7431	-20.8743	65.0053
			*CONTROL_POS_SAMPLE 3456	75.0273	-20.5578	63.7722
			*CONTROL_POS_SAMPLE 3648	80.5553	-19.5589	61.0775
			*CONTROL_POS_SAMPLE 3840	86.2356	-17.9259	57.5948
			*CONTROL_POS_SAMPLE 4032	92.0143	-15.718	54.0999
			*CONTROL_POS_SAMPLE 4224	97.7516	-13.3703	51.2593
			*CONTROL_POS_SAMPLE 4416	101.9	-14.1659	51.9849
			*CONTROL_POS_SAMPLE 4608	106.728	-15.1592	53.2
			*CONTROL_POS_SAMPLE 4800	111.875	-15.8562	54.1512
			*CONTROL_POS_SAMPLE 4992	117.175	-16.2132	54.6717
		}
		*CONTROL_ROT_TRACK {
			*CONTROL_ROT_SAMPLE 192	-0.76948	-0.122263	0.626859	3.50528
			*CONTROL_ROT_SAMPLE 384	-0.726528	-0.162426	0.667664	3.41469
			*CONTROL_ROT_SAMPLE 576	-0.706394	-0.153021	0.69108	3.42687
			*CONTROL_ROT_SAMPLE 768	0.683295	0.147218	-0.715147	2.85666
			*CONTROL_ROT_SAMPLE 960	0.662992	0.133531	-0.736621	2.84809
			*CONTROL_ROT_SAMPLE 1152	0.641584	0.12229	-0.757242	2.83655
			*CONTROL_ROT_SAMPLE 1344	0.618583	0.114273	-0.777365	2.83153
			*CONTROL_ROT_SAMPLE 1536	0.595756	0.106653	-0.796052	2.82992
			*CONTROL_ROT_SAMPLE 1728	0.575015	0.0994241	-0.812079	2.83215
			*CONTROL_ROT_SAMPLE 1920	0.541647	0.0799571	-0.836794	2.84786
			*CONTROL_ROT_SAMPLE 2112	0.525812	0.0676148	-0.847909	2.84747
			*CONTROL_ROT_SAMPLE 2304	0.541207	0.0693622	-0.838023	2.79743
			*CONTROL_ROT_SAMPLE 2496	0.566907	0.0765001	-0.820222	2.74539
			*CONTROL_ROT_SAMPLE 2688	0.598606	0.0880014	-0.796195	2.70481
			*CONTROL_ROT_SAMPLE 2880	0.634016	0.103981	-0.766298	2.68271
			*CONTROL_ROT_SAMPLE 3072	0.670145	0.122587	-0.732037	2.68061
			*CONTROL_ROT_SAMPLE 3264	-0.703717	-0.139609	0.696629	3.58926
			*CONTROL_ROT_SAMPLE 3456	-0.735717	-0.150767	0.660295	3.56591
			*CONTROL_ROT_SAMPLE 3648	-0.766739	-0.151999	0.623705	3.53921
			*CONTROL_ROT_SAMPLE 3840	-0.794432	-0.14203	0.590513	3.51694
			*CONTROL_ROT_SAMPLE 4032	-0.817013	-0.122456	0.563466	3.49999
			*CONTROL_ROT_SAMPLE 4224	-0.833447	-0.100055	0.543466	3.48655
			*CONTROL_ROT_SAMPLE 4416	-0.806971	-0.107615	0.580703	3.48501
			*CONTROL_ROT_SAMPLE 4608	-0.775577	-0.121694	0.619411	3.47073
			*CONTROL_ROT_SAMPLE 4800	-0.740794	-0.134223	0.658186	3.45549
			*CONTROL_ROT_SAMPLE 4992	-0.703314	-0.144555	0.696027	3.44011
		}
	}
}
*HELPEROBJECT {
	*NODE_NAME "Bip01 L Foot"
	*NODE_PARENT "Bip01 L Calf"
	*NODE_TM {
		*NODE_NAME "Bip01 L Foot"
		*TM_ROW0 0.000337568	-0.000159174	-1
		*TM_ROW1 -0.108085	-0.994142	0.000121754
		*TM_ROW2 -0.994142	0.108085	-0.000352795
		*TM_ROW3 117.747	3.60001	9.753
		*TM_POS 117.747	3.60001	9.753
		*TM_ROTAXIS -0.706709	0.0383477	0.706464
		*TM_ROTANGLE 3.21805
		*TM_SCALE 1	1	1
		*TM_SCALEAXIS 0	0	0
		*TM_SCALEAXISANG 0	0	0
	}
	*TM_ANIMATION {
		*NODE_NAME "Bip01 L Foot"
		*CONTROL_POS_TRACK {
			*CONTROL_POS_SAMPLE 192	16.9413	3.54542	10.014
			*CONTROL_POS_SAMPLE 384	17.598	3.89542	9.63739
			*CONTROL_POS_SAMPLE 576	17.6843	3.60042	9.75295
			*CONTROL_POS_SAMPLE 768	17.7937	3.3313	9.84861
			*CONTROL_POS_SAMPLE 960	17.8222	2.97431	10.014
			*CONTROL_POS_SAMPLE 1152	17.8893	2.6946	10.1457
			*CONTROL_POS_SAMPLE 1344	18.0413	2.63881	10.1695
			*CONTROL_POS_SAMPLE 1536	18.3157	2.67028	10.1551
			*CONTROL_POS_SAMPLE 1728	19.0023	2.65992	10.158
			*CONTROL_POS_SAMPLE 1920	16.8372	2.59245	9.82555
			*CONTROL_POS_SAMPLE 2112	18.0165	2.56946	10.2331
			*CONTROL_POS_SAMPLE 2304	25.3108	2.63441	12.1718
			*CONTROL_POS_SAMPLE 2496	33.7661	2.71531	14.6952
			*CONTROL_POS_SAMPLE 2688	43.0082	2.8074	17.3817
			*CONTROL_POS_SAMPLE 2880	52.6632	2.90585	19.8099
			*CONTROL_POS_SAMPLE 3072	62.3571	3.00591	21.5585
			*CONTROL_POS_SAMPLE 3264	71.7158	3.1028	22.2059
			*CONTROL_POS_SAMPLE 3456	81.078	3.19821	21.2326
			*CONTROL_POS_SAMPLE 3648	90.7641	3.2965	18.8401
			*CONTROL_POS_SAMPLE 3840	100.372	3.3968	15.6891
			*CONTROL_POS_SAMPLE 4032	109.5	3.49825	12.4399
			*CONTROL_POS_SAMPLE 4224	117.747	3.60002	9.75299
			*CONTROL_POS_SAMPLE 4416	117.747	3.71252	9.09203
			*CONTROL_POS_SAMPLE 4608	117.747	3.69	9.22421
			*CONTROL_POS_SAMPLE 4800	117.747	3.64688	9.47758
			*CONTROL_POS_SAMPLE 4992	117.747	3.60001	9.753
		}
		*CONTROL_ROT_TRACK {
			*CONTROL_ROT_SAMPLE 192	-0.75715	-0.10225	0.645189	3.25046
			*CONTROL_ROT_SAMPLE 384	-0.758193	-0.0530864	0.649866	3.23286
			*CONTROL_ROT_SAMPLE 576	-0.745938	0.00135342	0.666014	3.18715
			*CONTROL_ROT_SAMPLE 768	-0.732792	0.0272151	0.679908	3.20167
			*CONTROL_ROT_SAMPLE 960	-0.717856	0.0441117	0.694792	3.23056
			*CONTROL_ROT_SAMPLE 1152	-0.706137	0.0560896	0.70585	3.25342
			*CONTROL_ROT_SAMPLE 1344	0.704034	-0.0586733	-0.707739	3.02677
			*CONTROL_ROT_SAMPLE 1536	-0.70615	0.0557505	0.705864	3.25275
			*CONTROL_ROT_SAMPLE 1728	-0.706154	0.0556651	0.705867	3.25258
			*CONTROL_ROT_SAMPLE 1920	-0.706219	0.0539323	0.705936	3.24912
			*CONTROL_ROT_SAMPLE 2112	-0.706281	0.0522143	0.706003	3.2457
			*CONTROL_ROT_SAMPLE 2304	-0.70632	0.0511201	0.706044	3.24352
			*CONTROL_ROT_SAMPLE 2496	-0.706355	0.0501176	0.706082	3.24152
			*CONTROL_ROT_SAMPLE 2688	-0.706387	0.0491793	0.706116	3.23965
			*CONTROL_ROT_SAMPLE 2880	-0.706417	0.0482772	0.706148	3.23785
			*CONTROL_ROT_SAMPLE 3072	-0.706446	0.0473838	0.706179	3.23607
			*CONTROL_ROT_SAMPLE 3264	-0.706475	0.0464714	0.706211	3.23425
			*CONTROL_ROT_SAMPLE 3456	-0.706504	0.0455515	0.706242	3.23242
			*CONTROL_ROT_SAMPLE 3648	-0.706532	0.044649	0.706272	3.23062
			*CONTROL_ROT_SAMPLE 3840	-0.706559	0.0437564	0.706301	3.22884
			*CONTROL_ROT_SAMPLE 4032	-0.706585	0.0428662	0.706329	3.22707
			*CONTROL_ROT_SAMPLE 4224	-0.706611	0.0419709	0.706357	3.22528
			*CONTROL_ROT_SAMPLE 4416	-0.706636	0.0410687	0.706384	3.22348
			*CONTROL_ROT_SAMPLE 4608	-0.706661	0.0401622	0.706412	3.22167
			*CONTROL_ROT_SAMPLE 4800	-0.706685	0.039255	0.706438	3.21986
			*CONTROL_ROT_SAMPLE 4992	-0.706709	0.0383477	0.706464	3.21805
		}
	}
}
*HELPEROBJECT {
	*NODE_NAME "Bip01 L Toe0"
	*NODE_PARENT "Bip01 L Foot"
	*NODE_TM {
		*NODE_NAME "Bip01 L Toe0"
		*TM_ROW0 -0.108085	-0.994142	4.63444e-005
		*TM_ROW1 -0.000347825	8.44239e-005	1
		*TM_ROW2 -0.994142	0.108085	-0.000354912
		*TM_ROW3 115.304	-18.9132	-2.87097
		*TM_POS 115.304	-18.9132	-2.87097
		*TM_ROTAXIS 0.53575	-0.597183	-0.596946
		*TM_ROTANGLE 4.12501
		*TM_SCALE 1	1	1
		*TM_SCALEAXIS 0	0	0
		*TM_SCALEAXISANG 0	0	0
	}
	*TM_ANIMATION {
		*NODE_NAME "Bip01 L Toe0"
		*CONTROL_POS_TRACK {
			*CONTROL_POS_SAMPLE 192	20.7321	-15.6578	-6.98728
			*CONTROL_POS_SAMPLE 384	19.9886	-16.7646	-5.84241
			*CONTROL_POS_SAMPLE 576	18.3825	-18.6624	-3.51574
			*CONTROL_POS_SAMPLE 768	16.9114	-19.2259	-2.90179
			*CONTROL_POS_SAMPLE 960	15.4042	-19.5107	-2.66496
			*CONTROL_POS_SAMPLE 1152	14.3226	-19.6682	-2.47802
			*CONTROL_POS_SAMPLE 1344	14.273	-19.7164	-2.4092
			*CONTROL_POS_SAMPLE 1536	14.7703	-19.696	-2.4686
			*CONTROL_POS_SAMPLE 1728	15.4623	-19.7072	-2.4657
			*CONTROL_POS_SAMPLE 1920	13.4065	-19.7917	-2.79821
			*CONTROL_POS_SAMPLE 2112	14.6944	-19.831	-2.39072
			*CONTROL_POS_SAMPLE 2304	22.0579	-19.7762	-0.451973
			*CONTROL_POS_SAMPLE 2496	30.5765	-19.7044	2.07136
			*CONTROL_POS_SAMPLE 2688	39.878	-19.6207	4.75787
			*CONTROL_POS_SAMPLE 2880	49.5901	-19.5301	7.18611
			*CONTROL_POS_SAMPLE 3072	59.3406	-19.4377	8.93464
			*CONTROL_POS_SAMPLE 3264	68.757	-19.3485	9.58203
			*CONTROL_POS_SAMPLE 3456	78.1776	-19.2607	8.60869
			*CONTROL_POS_SAMPLE 3648	87.9209	-19.1697	6.21626
			*CONTROL_POS_SAMPLE 3840	97.5855	-19.0765	3.06523
			*CONTROL_POS_SAMPLE 4032	106.77	-18.982	-0.18399
			*CONTROL_POS_SAMPLE 4224	115.074	-18.887	-2.87093
			*CONTROL_POS_SAMPLE 4416	115.131	-18.7812	-3.53191
			*CONTROL_POS_SAMPLE 4608	115.189	-18.8104	-3.39974
			*CONTROL_POS_SAMPLE 4800	115.246	-18.86	-3.14638
			*CONTROL_POS_SAMPLE 4992	115.304	-18.9132	-2.87097
		}
		*CONTROL_ROT_TRACK {
			*CONTROL_ROT_SAMPLE 192	-0.66762	0.508765	0.543545	2.28114
			*CONTROL_ROT_SAMPLE 384	-0.633673	0.550744	0.543268	2.25971
			*CONTROL_ROT_SAMPLE 576	0.591	-0.59314	-0.546722	4.08569
			*CONTROL_ROT_SAMPLE 768	0.561423	-0.604715	-0.56491	4.09602
			*CONTROL_ROT_SAMPLE 960	0.53583	-0.605957	-0.587964	4.09611
			*CONTROL_ROT_SAMPLE 1152	0.516526	-0.605617	-0.605333	4.09487
			*CONTROL_ROT_SAMPLE 1344	0.512828	-0.606029	-0.60806	4.09539
			*CONTROL_ROT_SAMPLE 1536	0.516893	-0.60546	-0.605177	4.09545
			*CONTROL_ROT_SAMPLE 1728	0.516986	-0.605421	-0.605138	4.09559
			*CONTROL_ROT_SAMPLE 1920	0.518861	-0.604615	-0.604337	4.09855
			*CONTROL_ROT_SAMPLE 2112	0.520721	-0.603813	-0.603539	4.10149
			*CONTROL_ROT_SAMPLE 2304	0.521906	-0.6033	-0.603029	4.10335
			*CONTROL_ROT_SAMPLE 2496	0.522991	-0.602828	-0.60256	4.10506
			*CONTROL_ROT_SAMPLE 2688	0.524008	-0.602385	-0.60212	4.10666
			*CONTROL_ROT_SAMPLE 2880	0.524985	-0.601958	-0.601695	4.10819
			*CONTROL_ROT_SAMPLE 3072	0.525953	-0.601534	-0.601274	4.10971
			*CONTROL_ROT_SAMPLE 3264	0.526941	-0.6011	-0.600842	4.11126
			*CONTROL_ROT_SAMPLE 3456	0.527938	-0.600662	-0.600405	4.11282
			*CONTROL_ROT_SAMPLE 3648	0.528917	-0.60023	-0.599976	4.11435
			*CONTROL_ROT_SAMPLE 3840	0.529884	-0.599802	-0.59955	4.11587
			*CONTROL_ROT_SAMPLE 4032	0.530849	-0.599373	-0.599125	4.11737
			*CONTROL_ROT_SAMPLE 4224	0.53182	-0.598942	-0.598695	4.11889
			*CONTROL_ROT_SAMPLE 4416	0.532799	-0.598506	-0.598261	4.12042
			*CONTROL_ROT_SAMPLE 4608	0.533782	-0.598066	-0.597824	4.12195
			*CONTROL_ROT_SAMPLE 4800	0.534766	-0.597625	-0.597386	4.12348
			*CONTROL_ROT_SAMPLE 4992	0.53575	-0.597183	-0.596946	4.12501
		}
	}
}
*HELPEROBJECT {
	*NODE_NAME "Bip01 R Thigh"
	*NODE_PARENT "Bip01 Pelvis"
	*NODE_TM {
		*NODE_NAME "Bip01 R Thigh"
		*TM_ROW0 -0.796582	-0.199415	-0.570694
		*TM_ROW1 -0.399897	-0.534149	0.744827
		*TM_ROW2 -0.453365	0.821535	0.345748
		*TM_ROW3 107.467	31.746	76.9903
		*TM_POS 107.467	31.746	76.9903
		*TM_ROTAXIS 0.313566	-0.47962	-0.819537
		*TM_ROTANGLE 3.01897
		*TM_SCALE 1	1	1
		*TM_SCALEAXIS 0	0	0
		*TM_SCALEAXISANG 0	0	0
	}
	*TM_ANIMATION {
		*NODE_NAME "Bip01 R Thigh"
		*CONTROL_POS_TRACK {
			*CONTROL_POS_SAMPLE 192	-2.6395	32.2831	74.9421
			*CONTROL_POS_SAMPLE 384	1.75085	32.2338	75.4683
			*CONTROL_POS_SAMPLE 576	6.14113	32.1844	75.9945
			*CONTROL_POS_SAMPLE 768	10.5313	32.1351	76.5207
			*CONTROL_POS_SAMPLE 960	14.9215	32.0857	77.0469
			*CONTROL_POS_SAMPLE 1152	19.3117	32.0364	76.7674
			*CONTROL_POS_SAMPLE 1344	23.7018	31.9871	76.4473
			*CONTROL_POS_SAMPLE 1536	28.092	31.9378	76.117
			*CONTROL_POS_SAMPLE 1728	32.4821	31.8885	75.8071
			*CONTROL_POS_SAMPLE 1920	36.8723	31.8393	75.5479
			*CONTROL_POS_SAMPLE 2112	41.2626	31.7902	75.37
			*CONTROL_POS_SAMPLE 2304	45.6529	31.7411	75.3037
			*CONTROL_POS_SAMPLE 2496	49.4478	31.7411	75.3695
			*CONTROL_POS_SAMPLE 2688	53.2428	31.7412	75.5471
			*CONTROL_POS_SAMPLE 2880	57.0379	31.7413	75.8058
			*CONTROL_POS_SAMPLE 3072	60.8331	31.7416	76.1154
			*CONTROL_POS_SAMPLE 3264	64.6283	31.7419	76.4452
			*CONTROL_POS_SAMPLE 3456	68.4237	31.7423	76.7649
			*CONTROL_POS_SAMPLE 3648	72.219	31.7427	77.044
			*CONTROL_POS_SAMPLE 3840	76.0145	31.7432	77.0363
			*CONTROL_POS_SAMPLE 4032	79.8099	31.7437	77.0287
			*CONTROL_POS_SAMPLE 4224	83.6053	31.7442	77.021
			*CONTROL_POS_SAMPLE 4416	89.5709	31.7447	77.0133
			*CONTROL_POS_SAMPLE 4608	95.5364	31.7451	77.0056
			*CONTROL_POS_SAMPLE 4800	101.502	31.7456	76.9979
			*CONTROL_POS_SAMPLE 4992	107.467	31.746	76.9903
		}
		*CONTROL_ROT_TRACK {
			*CONTROL_ROT_SAMPLE 192	0.396867	-0.367866	-0.840935	2.83091
			*CONTROL_ROT_SAMPLE 384	0.375942	-0.386713	-0.842093	2.87567
			*CONTROL_ROT_SAMPLE 576	0.35869	-0.470629	-0.806133	3.05171
			*CONTROL_ROT_SAMPLE 768	0.363274	-0.487417	-0.794013	3.06066
			*CONTROL_ROT_SAMPLE 960	0.378709	-0.488946	-0.785819	3.02442
			*CONTROL_ROT_SAMPLE 1152	0.395582	-0.489723	-0.776972	2.98427
			*CONTROL_ROT_SAMPLE 1344	0.41542	-0.488487	-0.767337	2.93491
			*CONTROL_ROT_SAMPLE 1536	0.43563	-0.485463	-0.757993	2.88274
			*CONTROL_ROT_SAMPLE 1728	0.453807	-0.481276	-0.749955	2.83395
			*CONTROL_ROT_SAMPLE 1920	0.467669	-0.4769	-0.744213	2.79461
			*CONTROL_ROT_SAMPLE 2112	0.474936	-0.473508	-0.741773	2.77083
			*CONTROL_ROT_SAMPLE 2304	0.464024	-0.472693	-0.749162	2.78984
			*CONTROL_ROT_SAMPLE 2496	0.440499	-0.47291	-0.763097	2.83889
			*CONTROL_ROT_SAMPLE 2688	0.418402	-0.472511	-0.775676	2.88356
			*CONTROL_ROT_SAMPLE 2880	0.402991	-0.473029	-0.783481	2.91378
			*CONTROL_ROT_SAMPLE 3072	0.388376	-0.473866	-0.790326	2.94174
			*CONTROL_ROT_SAMPLE 3264	0.373971	-0.472705	-0.797932	2.96481
			*CONTROL_ROT_SAMPLE 3456	0.359597	-0.467758	-0.807398	2.98032
			*CONTROL_ROT_SAMPLE 3648	0.345875	-0.460786	-0.817341	2.98992
			*CONTROL_ROT_SAMPLE 3840	0.33187	-0.455207	-0.826225	3.00141
			*CONTROL_ROT_SAMPLE 4032	0.318303	-0.451353	-0.833645	3.01216
			*CONTROL_ROT_SAMPLE 4224	0.308492	-0.452467	-0.836724	3.02365
			*CONTROL_ROT_SAMPLE 4416	0.296942	-0.462001	-0.835692	3.05375
			*CONTROL_ROT_SAMPLE 4608	0.292908	-0.472809	-0.831057	3.07092
			*CONTROL_ROT_SAMPLE 4800	0.299519	-0.477762	-0.825852	3.05566
			*CONTROL_ROT_SAMPLE 4992	0.313566	-0.47962	-0.819537	3.01897
		}
	}
}
*HELPEROBJECT {
	*NODE_NAME "Bip01 R Calf"
	*NODE_PARENT "Bip01 R Thigh"
	*NODE_TM {
		*NODE_NAME "Bip01 R Calf"
		*TM_ROW0 0.410846	0.536848	-0.736885
		*TM_ROW1 -0.790991	-0.192029	-0.580912
		*TM_ROW2 -0.453365	0.821535	0.345748
		*TM_ROW3 76.126	23.9	54.5364
		*TM_POS 76.126	23.9	54.5364
		*TM_ROTAXIS 0.718458	-0.145244	-0.680237
		*TM_ROTANGLE 1.79027
		*TM_SCALE 1	1	1
		*TM_SCALEAXIS 0	0	0
		*TM_SCALEAXISANG 0	0	0
	}
	*TM_ANIMATION {
		*NODE_NAME "Bip01 R Calf"
		*CONTROL_POS_TRACK {
			*CONTROL_POS_SAMPLE 192	-28.0035	31.1847	44.8842
			*CONTROL_POS_SAMPLE 384	-25.2851	29.7019	46.9962
			*CONTROL_POS_SAMPLE 576	-22.9412	21.7745	51.6251
			*CONTROL_POS_SAMPLE 768	-18.3172	20.7502	52.3099
			*CONTROL_POS_SAMPLE 960	-12.9065	21.1793	51.4605
			*CONTROL_POS_SAMPLE 1152	-7.30959	21.6757	49.7123
			*CONTROL_POS_SAMPLE 1344	-1.3704	22.3841	47.6865
			*CONTROL_POS_SAMPLE 1536	4.74236	23.2074	45.677
			*CONTROL_POS_SAMPLE 1728	10.8096	24.0407	43.9209
			*CONTROL_POS_SAMPLE 1920	16.57	24.7695	42.5956
			*CONTROL_POS_SAMPLE 2112	21.7377	25.2698	41.8397
			*CONTROL_POS_SAMPLE 2304	25.1417	25.1653	42.3785
			*CONTROL_POS_SAMPLE 2496	26.8136	24.6715	43.9732
			*CONTROL_POS_SAMPLE 2688	28.7479	24.2295	45.6875
			*CONTROL_POS_SAMPLE 2880	31.3238	23.8966	47.0784
			*CONTROL_POS_SAMPLE 3072	34.0225	23.5769	48.5011
			*CONTROL_POS_SAMPLE 3264	36.816	23.4608	49.8762
			*CONTROL_POS_SAMPLE 3456	39.6987	23.6932	51.1114
			*CONTROL_POS_SAMPLE 3648	42.6855	24.1325	52.187
			*CONTROL_POS_SAMPLE 3840	45.6798	24.456	53.063
			*CONTROL_POS_SAMPLE 4032	48.7334	24.7195	53.9434
			*CONTROL_POS_SAMPLE 4224	51.9965	24.6725	54.6851
			*CONTROL_POS_SAMPLE 4416	57.3028	23.8549	55.9293
			*CONTROL_POS_SAMPLE 4608	63.0326	23.1701	56.5609
			*CONTROL_POS_SAMPLE 4800	69.3486	23.2946	55.956
			*CONTROL_POS_SAMPLE 4992	76.126	23.9	54.5364
		}
		*CONTROL_ROT_TRACK {
			*CONTROL_ROT_SAMPLE 192	0.68157	-0.0677169	-0.728613	1.7911
			*CONTROL_ROT_SAMPLE 384	0.699072	-0.0588787	-0.712623	1.73276
			*CONTROL_ROT_SAMPLE 576	0.759333	-0.0591817	-0.648006	1.77705
			*CONTROL_ROT_SAMPLE 768	0.785784	-0.0420369	-0.617071	1.76361
			*CONTROL_ROT_SAMPLE 960	0.802858	-0.0291604	-0.595456	1.75296
			*CONTROL_ROT_SAMPLE 1152	0.814475	-0.026259	-0.579604	1.75813
			*CONTROL_ROT_SAMPLE 1344	0.824818	-0.0265402	-0.564775	1.76676
			*CONTROL_ROT_SAMPLE 1536	0.832555	-0.0306236	-0.553096	1.77777
			*CONTROL_ROT_SAMPLE 1728	0.83697	-0.0382079	-0.545913	1.78995
			*CONTROL_ROT_SAMPLE 1920	0.837818	-0.0481818	-0.54382	1.80209
			*CONTROL_ROT_SAMPLE 2112	0.835084	-0.0589689	-0.546952	1.81307
			*CONTROL_ROT_SAMPLE 2304	0.822249	-0.0709885	-0.564683	1.82231
			*CONTROL_ROT_SAMPLE 2496	0.800674	-0.0848499	-0.593061	1.83309
			*CONTROL_ROT_SAMPLE 2688	0.77755	-0.101082	-0.620643	1.8487
			*CONTROL_ROT_SAMPLE 2880	0.758909	-0.117146	-0.640573	1.86799
			*CONTROL_ROT_SAMPLE 3072	0.740126	-0.133911	-0.659	1.8901
			*CONTROL_ROT_SAMPLE 3264	0.718767	-0.151462	-0.678553	1.91363
			*CONTROL_ROT_SAMPLE 3456	0.693088	-0.169353	-0.700677	1.93778
			*CONTROL_ROT_SAMPLE 3648	0.664808	-0.187148	-0.723192	1.96478
			*CONTROL_ROT_SAMPLE 3840	0.637024	-0.204236	-0.743296	1.99472
			*CONTROL_ROT_SAMPLE 4032	0.602677	-0.228989	-0.764424	2.05059
			*CONTROL_ROT_SAMPLE 4224	0.585948	-0.242629	-0.773173	2.07839
			*CONTROL_ROT_SAMPLE 4416	0.604192	-0.23132	-0.762524	2.02468
			*CONTROL_ROT_SAMPLE 4608	0.642126	-0.205526	-0.738535	1.93837
			*CONTROL_ROT_SAMPLE 4800	0.679136	-0.177715	-0.712174	1.86299
			*CONTROL_ROT_SAMPLE 4992	0.718458	-0.145244	-0.680237	1.79027
		}
	}
}
*HELPEROBJECT {
	*NODE_NAME "Bip01 R Foot"
	*NODE_PARENT "Bip01 R Calf"
	*NODE_TM {
		*NODE_NAME "Bip01 R Foot"
		*TM_ROW0 0.00121879	0.185597	-0.982625
		*TM_ROW1 -0.993953	-0.107665	-0.0215686
		*TM_ROW2 -0.109798	0.97671	0.184344
		*TM_ROW3 96.2976	50.258	18.3571
