*3DSMAX_ASCIIEXPORT	110
*COMMENT "This file is part of Gothic Free Aim Copyright (C) 2016-2018  mud-freak (@szapp)"
*COMMENT "<http://github.com/szapp/GothicFreeAim>"
*COMMENT "Animations: second iteration"
*SCENE {
	*SCENE_FILENAME "magIK_left.max"
	*SCENE_FIRSTFRAME 1
	*SCENE_LASTFRAME 26
	*SCENE_FRAMESPEED 25
	*SCENE_TICKSPERFRAME 192
	*SCENE_BACKGROUND_STATIC 0	0	0
	*SCENE_AMBIENT_STATIC 0.2	0.2	0.2
}
*HELPEROBJECT {
	*NODE_NAME "Bip01"
	*NODE_TM {
		*NODE_NAME "Bip01"
		*TM_ROW0 0.261362	-0.941308	-0.21361
		*TM_ROW1 0.964201	0.264875	0.0125318
		*TM_ROW2 0.0447836	-0.209238	0.976839
		*TM_ROW3 79.0652	11.9132	91.2407
		*TM_POS 79.0652	11.9132	91.2407
		*TM_ROTAXIS -0.114569	-0.133489	0.984406
		*TM_ROTANGLE 1.31653
		*TM_SCALE 1	1	1
		*TM_SCALEAXIS 0	0	0
		*TM_SCALEAXISANG 0	0	0
	}
	*TM_ANIMATION {
		*NODE_NAME "Bip01"
		*CONTROL_POS_TRACK {
			*CONTROL_POS_SAMPLE 192	-20.6701	11.9132	92.6719
			*CONTROL_POS_SAMPLE 384	-19.645	13.3472	91.7797
			*CONTROL_POS_SAMPLE 576	-17.8741	14.1872	91.8132
			*CONTROL_POS_SAMPLE 768	-15.4947	14.5376	92.0941
			*CONTROL_POS_SAMPLE 960	-12.644	14.5027	91.9445
			*CONTROL_POS_SAMPLE 1152	-9.4593	14.1868	91.2292
			*CONTROL_POS_SAMPLE 1344	-6.0778	13.6944	90.3256
			*CONTROL_POS_SAMPLE 1536	-2.63681	13.1298	89.3269
			*CONTROL_POS_SAMPLE 1728	0.726436	12.5973	88.3197
			*CONTROL_POS_SAMPLE 1920	3.87467	12.2013	87.3905
			*CONTROL_POS_SAMPLE 2112	6.67063	12.0461	86.6258
			*CONTROL_POS_SAMPLE 2304	7.6447	11.9132	87.3853
			*CONTROL_POS_SAMPLE 2496	13.0317	11.9014	88.2349
			*CONTROL_POS_SAMPLE 2688	18.7386	11.8955	89.1214
			*CONTROL_POS_SAMPLE 2880	24.6524	11.8942	90.0019
			*CONTROL_POS_SAMPLE 3072	30.6603	11.8961	90.8312
			*CONTROL_POS_SAMPLE 3264	36.6495	11.8999	91.561
			*CONTROL_POS_SAMPLE 3456	42.5071	11.9042	92.0893
			*CONTROL_POS_SAMPLE 3648	48.1202	11.9078	92.4181
			*CONTROL_POS_SAMPLE 3840	53.3759	11.9093	92.6554
			*CONTROL_POS_SAMPLE 4032	55.9635	11.9111	92.8366
			*CONTROL_POS_SAMPLE 4224	58.0397	11.9132	92.689
			*CONTROL_POS_SAMPLE 4416	62.6549	11.9135	91.9996
			*CONTROL_POS_SAMPLE 4608	68.0189	11.9134	91.1084
			*CONTROL_POS_SAMPLE 4800	73.4604	11.9132	90.4691
			*CONTROL_POS_SAMPLE 4992	79.0652	11.9132	91.2407
		}
		*CONTROL_ROT_TRACK {
			*CONTROL_ROT_SAMPLE 192	-0.106431	-0.13988	0.984432	1.31512
			*CONTROL_ROT_SAMPLE 384	-0.121191	-0.155968	0.980299	1.29015
			*CONTROL_ROT_SAMPLE 576	-0.124814	-0.156634	0.979738	1.28735
			*CONTROL_ROT_SAMPLE 768	-0.121685	-0.148578	0.981385	1.29706
			*CONTROL_ROT_SAMPLE 960	-0.116508	-0.138808	0.983442	1.30993
			*CONTROL_ROT_SAMPLE 1152	-0.113856	-0.134049	0.984412	1.3164
			*CONTROL_ROT_SAMPLE 1344	-0.113427	-0.134265	0.984432	1.31642
			*CONTROL_ROT_SAMPLE 1536	-0.112195	-0.134991	0.984474	1.3164
			*CONTROL_ROT_SAMPLE 1728	-0.110532	-0.136116	0.984508	1.31626
			*CONTROL_ROT_SAMPLE 1920	-0.10881	-0.137529	0.984503	1.31591
			*CONTROL_ROT_SAMPLE 2112	-0.107401	-0.139119	0.984434	1.31528
			*CONTROL_ROT_SAMPLE 2304	-0.106039	-0.141681	0.984217	1.31385
			*CONTROL_ROT_SAMPLE 2496	-0.104586	-0.145123	0.983871	1.31177
			*CONTROL_ROT_SAMPLE 2688	-0.103611	-0.148003	0.983545	1.30993
			*CONTROL_ROT_SAMPLE 2880	-0.103693	-0.148867	0.983405	1.3092
			*CONTROL_ROT_SAMPLE 3072	-0.104994	-0.147355	0.983495	1.3098
			*CONTROL_ROT_SAMPLE 3264	-0.107067	-0.14447	0.9837	1.31114
			*CONTROL_ROT_SAMPLE 3456	-0.109575	-0.140804	0.983955	1.31292
			*CONTROL_ROT_SAMPLE 3648	-0.112186	-0.136948	0.984205	1.31482
			*CONTROL_ROT_SAMPLE 3840	-0.114569	-0.133489	0.984406	1.31653
			*CONTROL_ROT_SAMPLE 4032	-0.114569	-0.133489	0.984406	1.31653
			*CONTROL_ROT_SAMPLE 4224	-0.114569	-0.133489	0.984406	1.31653
			*CONTROL_ROT_SAMPLE 4416	-0.114569	-0.133489	0.984406	1.31653
			*CONTROL_ROT_SAMPLE 4608	-0.114569	-0.133489	0.984406	1.31653
			*CONTROL_ROT_SAMPLE 4800	-0.114569	-0.133489	0.984406	1.31653
			*CONTROL_ROT_SAMPLE 4992	-0.114569	-0.133489	0.984406	1.31653
		}
	}
}
*HELPEROBJECT {
	*NODE_NAME "Bip01 Footsteps"
	*NODE_PARENT "Bip01"
	*NODE_TM {
		*NODE_NAME "Bip01 Footsteps"
		*TM_ROW0 1	0	0
		*TM_ROW1 0	1	0
		*TM_ROW2 0	0	1
		*TM_ROW3 79.0652	11.9132	-1.76367
		*TM_POS 79.0652	11.9132	-1.76367
		*TM_ROTAXIS 0	0	0
		*TM_ROTANGLE 0
		*TM_SCALE 1	1	1
		*TM_SCALEAXIS 0	0	0
		*TM_SCALEAXISANG 0	0	0
	}
}
*HELPEROBJECT {
	*NODE_NAME "Bip01 Pelvis"
	*NODE_PARENT "Bip01"
	*NODE_TM {
		*NODE_NAME "Bip01 Pelvis"
		*TM_ROW0 0.0407593	-0.210342	0.976778
		*TM_ROW1 0.261364	-0.941308	-0.21361
		*TM_ROW2 0.964379	0.264001	0.0166087
		*TM_ROW3 77.367	12.8827	91.5262
		*TM_POS 77.367	12.8827	91.5262
		*TM_ROTAXIS -0.71137	-0.0184668	-0.702575
		*TM_ROTANGLE 3.48394
		*TM_SCALE 1	1	1
		*TM_SCALEAXIS 0	0	0
		*TM_SCALEAXISANG 0	0	0
	}
	*TM_ANIMATION {
		*NODE_NAME "Bip01 Pelvis"
		*CONTROL_POS_TRACK {
			*CONTROL_POS_SAMPLE 192	-22.3673	12.879	92.9745
			*CONTROL_POS_SAMPLE 384	-21.3685	14.2573	92.1057
			*CONTROL_POS_SAMPLE 576	-19.6011	15.0911	92.1385
			*CONTROL_POS_SAMPLE 768	-17.2124	15.4637	92.4055
			*CONTROL_POS_SAMPLE 960	-14.3487	15.4576	92.2396
			*CONTROL_POS_SAMPLE 1152	-11.1574	15.156	91.5162
			*CONTROL_POS_SAMPLE 1344	-7.77572	14.6636	90.6132
			*CONTROL_POS_SAMPLE 1536	-4.33442	14.0989	89.6166
			*CONTROL_POS_SAMPLE 1728	-0.970869	13.566	88.6126
			*CONTROL_POS_SAMPLE 1920	2.17751	13.1691	87.6871
			*CONTROL_POS_SAMPLE 2112	4.97329	13.0123	86.9264
			*CONTROL_POS_SAMPLE 2304	5.94645	12.876	87.6918
			*CONTROL_POS_SAMPLE 2496	11.332	12.8591	88.5493
			*CONTROL_POS_SAMPLE 2688	17.0375	12.8487	89.4422
			*CONTROL_POS_SAMPLE 2880	22.9507	12.8457	90.3244
			*CONTROL_POS_SAMPLE 3072	28.9588	12.8491	91.15
			*CONTROL_POS_SAMPLE 3264	34.9485	12.8562	91.8728
			*CONTROL_POS_SAMPLE 3456	40.807	12.865	92.3924
			*CONTROL_POS_SAMPLE 3648	46.4211	12.8732	92.7119
			*CONTROL_POS_SAMPLE 3840	51.6778	12.8788	92.9409
			*CONTROL_POS_SAMPLE 4032	54.2653	12.8805	93.1221
			*CONTROL_POS_SAMPLE 4224	56.3415	12.8827	92.9745
			*CONTROL_POS_SAMPLE 4416	60.9567	12.883	92.2851
			*CONTROL_POS_SAMPLE 4608	66.3208	12.8828	91.3939
			*CONTROL_POS_SAMPLE 4800	71.7623	12.8827	90.7546
			*CONTROL_POS_SAMPLE 4992	77.367	12.8827	91.5262
		}
		*CONTROL_ROT_TRACK {
			*CONTROL_ROT_SAMPLE 192	-0.715813	-0.0195665	-0.698017	3.4837
			*CONTROL_ROT_SAMPLE 384	-0.716054	-0.0214912	-0.697714	3.52023
			*CONTROL_ROT_SAMPLE 576	-0.715146	-0.0214999	-0.698644	3.52485
			*CONTROL_ROT_SAMPLE 768	-0.713714	-0.0204434	-0.700139	3.51122
			*CONTROL_ROT_SAMPLE 960	-0.712379	-0.0191807	-0.701533	3.49302
			*CONTROL_ROT_SAMPLE 1152	-0.711761	-0.0185632	-0.702177	3.48392
			*CONTROL_ROT_SAMPLE 1344	-0.711959	-0.018614	-0.701974	3.48376
			*CONTROL_ROT_SAMPLE 1536	-0.71256	-0.0187662	-0.70136	3.48343
			*CONTROL_ROT_SAMPLE 1728	-0.713414	-0.0189802	-0.700485	3.48317
			*CONTROL_ROT_SAMPLE 1920	-0.714373	-0.0192166	-0.699502	3.48319
			*CONTROL_ROT_SAMPLE 2112	-0.715286	-0.0194356	-0.698561	3.48373
			*CONTROL_ROT_SAMPLE 2304	-0.716475	-0.0197079	-0.697334	3.48547
			*CONTROL_ROT_SAMPLE 2496	-0.717952	-0.0200397	-0.695804	3.48818
			*CONTROL_ROT_SAMPLE 2688	-0.719109	-0.0202954	-0.694601	3.49068
			*CONTROL_ROT_SAMPLE 2880	-0.719341	-0.0203391	-0.69436	3.49179
			*CONTROL_ROT_SAMPLE 3072	-0.718493	-0.0201354	-0.695242	3.49124
			*CONTROL_ROT_SAMPLE 3264	-0.716997	-0.0197823	-0.696796	3.4898
			*CONTROL_ROT_SAMPLE 3456	-0.715126	-0.0193438	-0.698728	3.48785
			*CONTROL_ROT_SAMPLE 3648	-0.713157	-0.0188839	-0.70075	3.48577
			*CONTROL_ROT_SAMPLE 3840	-0.71137	-0.0184668	-0.702575	3.48394
			*CONTROL_ROT_SAMPLE 4032	-0.71137	-0.0184668	-0.702575	3.48394
			*CONTROL_ROT_SAMPLE 4224	-0.71137	-0.0184668	-0.702575	3.48394
			*CONTROL_ROT_SAMPLE 4416	-0.71137	-0.0184668	-0.702575	3.48394
			*CONTROL_ROT_SAMPLE 4608	-0.71137	-0.0184668	-0.702575	3.48394
			*CONTROL_ROT_SAMPLE 4800	-0.71137	-0.0184668	-0.702575	3.48394
			*CONTROL_ROT_SAMPLE 4992	-0.71137	-0.0184668	-0.702575	3.48394
		}
	}
}
*HELPEROBJECT {
	*NODE_NAME "Bip01 Spine"
	*NODE_PARENT "Bip01 Pelvis"
	*NODE_TM {
		*NODE_NAME "Bip01 Spine"
		*TM_ROW0 0.0692764	-0.272656	0.959614
		*TM_ROW1 0.255312	-0.925044	-0.281265
		*TM_ROW2 0.964374	0.264486	0.00552865
		*TM_ROW3 77.4513	12.4642	93.8905
		*TM_POS 77.4513	12.4642	93.8905
		*TM_ROTAXIS -0.718705	0.00626793	-0.695287
		*TM_ROTANGLE 3.53104
		*TM_SCALE 1	1	1
		*TM_SCALEAXIS 0	0	0
		*TM_SCALEAXISANG 0	0	0
	}
}
*HELPEROBJECT {
	*NODE_NAME "Bip01 Spine1"
	*NODE_PARENT "Bip01 Spine"
	*NODE_TM {
		*NODE_NAME "Bip01 Spine1"
		*TM_ROW0 0.0584358	-0.296012	0.953395
		*TM_ROW1 0.236829	-0.923653	-0.301293
		*TM_ROW2 0.969792	0.243398	0.01613
		*TM_ROW3 78.1297	9.79417	103.324
		*TM_POS 78.1297	9.79417	103.324
		*TM_ROTAXIS -0.714675	0.0215144	-0.699126
		*TM_ROTANGLE 3.53255
		*TM_SCALE 1	1	1
		*TM_SCALEAXIS 0	0	0
		*TM_SCALEAXISANG 0	0	0
	}
}
*HELPEROBJECT {
	*NODE_NAME "Bip01 Spine2"
	*NODE_PARENT "Bip01 Spine1"
	*NODE_TM {
		*NODE_NAME "Bip01 Spine2"
		*TM_ROW0 0.232926	-0.14294	0.961932
		*TM_ROW1 0.0692827	-0.984187	-0.163023
		*TM_ROW2 0.970023	0.104618	-0.21934
		*TM_ROW3 78.8754	6.03173	115.522
		*TM_POS 78.8754	6.03173	115.522
		*TM_ROTAXIS -0.783341	0.0236814	-0.621141
		*TM_ROTANGLE 3.31327
		*TM_SCALE 1	1	1
		*TM_SCALEAXIS 0	0	0
		*TM_SCALEAXISANG 0	0	0
	}
}
*HELPEROBJECT {
	*NODE_NAME "Bip01 Neck"
	*NODE_PARENT "Bip01 Spine2"
	*NODE_TM {
		*NODE_NAME "Bip01 Neck"
		*TM_ROW0 0.242648	-0.367701	0.897729
		*TM_ROW1 0.0132616	-0.924041	-0.382062
		*TM_ROW2 0.970024	0.104612	-0.21934
		*TM_ROW3 85.8594	1.75085	144.366
		*TM_POS 85.8594	1.75085	144.366
		*TM_ROTAXIS -0.782104	0.11618	-0.612221
		*TM_ROTANGLE 3.45798
		*TM_SCALE 1	1	1
		*TM_SCALEAXIS 0	0	0
		*TM_SCALEAXISANG 0	0	0
	}
}
*HELPEROBJECT {
	*NODE_NAME "Bip01 Head"
	*NODE_PARENT "Bip01 Neck"
	*NODE_TM {
		*NODE_NAME "Bip01 Head"
		*TM_ROW0 0.0473039	-0.122774	0.991307
		*TM_ROW1 -0.0471803	-0.991585	-0.120557
		*TM_ROW2 0.997766	-0.0410673	-0.0526984
		*TM_ROW3 87.5189	-0.763937	150.506
		*TM_POS 87.5189	-0.763937	150.506
		*TM_ROTAXIS -0.723389	0.05878	-0.687934
		*TM_ROTANGLE 3.19656
		*TM_SCALE 1	1	1
		*TM_SCALEAXIS 0	0	0
		*TM_SCALEAXISANG 0	0	0
	}
}
*HELPEROBJECT {
	*NODE_NAME "zs_Helmet"
	*NODE_PARENT "Bip01 Head"
	*NODE_TM {
		*NODE_NAME "zs_Helmet"
		*TM_ROW0 0.997766	-0.0410664	-0.0526982
		*TM_ROW1 0.0433226	0.998161	0.0424098
		*TM_ROW2 0.0508597	-0.0445981	0.99771
		*TM_ROW3 97.4404	-106.903	421.062
		*TM_POS 97.4404	-106.903	421.062
		*TM_ROTAXIS -0.545763	-0.649574	0.529336
		*TM_ROTANGLE 0.0797968
		*TM_SCALE 1	1	1
		*TM_SCALEAXIS 0	0	0
		*TM_SCALEAXISANG 0	0	0
	}
}
*HELPEROBJECT {
	*NODE_NAME "Bip01 L Clavicle"
	*NODE_PARENT "Bip01 Neck"
	*NODE_TM {
		*NODE_NAME "Bip01 L Clavicle"
		*TM_ROW0 0.97579	0.143199	-0.165312
		*TM_ROW1 -0.114397	0.978387	0.172259
		*TM_ROW2 0.186406	-0.149177	0.971081
		*TM_ROW3 92.1633	5.77887	137.857
		*TM_POS 92.1633	5.77887	137.857
		*TM_ROTAXIS -0.59344	-0.649349	-0.475579
		*TM_ROTANGLE 0.274249
		*TM_SCALE 1	1	1
		*TM_SCALEAXIS 0	0	0
		*TM_SCALEAXISANG 0	0	0
	}
}
*HELPEROBJECT {
	*NODE_NAME "Bip01 L UpperArm"
	*NODE_PARENT "Bip01 L Clavicle"
	*NODE_TM {
		*NODE_NAME "Bip01 L UpperArm"
		*TM_ROW0 0.40121	0.316812	-0.859454
		*TM_ROW1 0.0916441	0.919691	0.381798
		*TM_ROW2 0.91139	-0.231945	0.339955
		*TM_ROW3 105.167	7.68714	135.655
		*TM_POS 105.167	7.68714	135.655
		*TM_ROTAXIS -0.325134	-0.938115	-0.119284
		*TM_ROTANGLE 1.23404
		*TM_SCALE 1	1	1
		*TM_SCALEAXIS 0	0	0
		*TM_SCALEAXISANG 0	0	0
	}
}
*HELPEROBJECT {
	*NODE_NAME "Bip01 L Forearm"
	*NODE_PARENT "Bip01 L UpperArm"
	*NODE_TM {
		*NODE_NAME "Bip01 L Forearm"
		*TM_ROW0 0.239406	-0.373088	-0.896376
		*TM_ROW1 0.334743	0.898336	-0.284499
		*TM_ROW2 0.91139	-0.231945	0.339955
		*TM_ROW3 116.363	16.5282	111.67
		*TM_POS 116.363	16.5282	111.67
		*TM_ROTAXIS 0.0270603	-0.930824	0.364464
		*TM_ROTANGLE 1.32962
		*TM_SCALE 1	1	1
		*TM_SCALEAXIS 0	0	0
		*TM_SCALEAXISANG 0	0	0
	}
}
*HELPEROBJECT {
	*NODE_NAME "Bip01 L Hand"
	*NODE_PARENT "Bip01 L Forearm"
	*NODE_TM {
		*NODE_NAME "Bip01 L Hand"
		*TM_ROW0 0.0791852	-0.524472	-0.847737
		*TM_ROW1 -0.949124	0.220342	-0.224975
		*TM_ROW2 0.304785	0.822422	-0.480341
		*TM_ROW3 123.022	6.15025	86.7365
		*TM_POS 123.022	6.15025	86.7365
		*TM_ROTAXIS 0.64886	-0.713985	-0.263071
		*TM_ROTANGLE 2.20236
		*TM_SCALE 1	1	1
		*TM_SCALEAXIS 0	0	0
		*TM_SCALEAXISANG 0	0	0
	}
}
*HELPEROBJECT {
	*NODE_NAME "Bip01 L Finger0"
	*NODE_PARENT "Bip01 L Hand"
	*NODE_TM {
		*NODE_NAME "Bip01 L Finger0"
		*TM_ROW0 0.0791842	-0.524472	-0.847738
		*TM_ROW1 -0.949356	0.219714	-0.224607
		*TM_ROW2 0.30406	0.82259	-0.480513
		*TM_ROW3 124.041	-0.599632	75.8263
		*TM_POS 124.041	-0.599632	75.8263
		*TM_ROTAXIS 0.648972	-0.713795	-0.26331
		*TM_ROTANGLE 2.20286
		*TM_SCALE 1	1	1
		*TM_SCALEAXIS 0	0	0
		*TM_SCALEAXISANG 0	0	0
	}
}
*HELPEROBJECT {
	*NODE_NAME "zs_LeftHand"
	*NODE_PARENT "Bip01 L Hand"
	*NODE_TM {
		*NODE_NAME "zs_LeftHand"
		*TM_ROW0 0.262207	0.881244	-0.393265
		*TM_ROW1 0.291541	-0.46082	-0.838241
		*TM_ROW2 -0.919919	0.10514	-0.377749
		*TM_ROW3 63.7656	-45.8342	-20.0042
		*TM_POS 63.7656	-45.8342	-20.0042
		*TM_ROTAXIS -0.766424	-0.427866	0.479088
		*TM_ROTANGLE 3.80454
		*TM_SCALE 1	1	1
		*TM_SCALEAXIS 0	0	0
		*TM_SCALEAXISANG 0	0	0
	}
}
*HELPEROBJECT {
	*NODE_NAME "zs_LeftArm"
	*NODE_PARENT "Bip01 L Forearm"
	*NODE_TM {
		*NODE_NAME "zs_LeftArm"
		*TM_ROW0 0.22943	-0.145507	-0.962387
		*TM_ROW1 0.344325	0.936958	-0.059577
		*TM_ROW2 0.910386	-0.317705	0.265068
		*TM_ROW3 165.489	-250.514	-56.591
		*TM_POS 165.489	-250.514	-56.591
		*TM_ROTAXIS -0.132176	-0.958967	0.250822
		*TM_ROTANGLE 1.35336
		*TM_SCALE 1	1	1
		*TM_SCALEAXIS 0	0	0
		*TM_SCALEAXISANG 0	0	0
	}
}
*HELPEROBJECT {
	*NODE_NAME "Bip01 R Clavicle"
	*NODE_PARENT "Bip01 Neck"
	*NODE_TM {
		*NODE_NAME "Bip01 R Clavicle"
		*TM_ROW0 -0.999793	0.00188549	0.0202737
		*TM_ROW1 0.00480692	0.989415	0.145034
		*TM_ROW2 -0.0197857	0.145102	-0.989219
		*TM_ROW3 76.7128	4.11248	141.351
		*TM_POS 76.7128	4.11248	141.351
		*TM_ROTAXIS -0.00167772	-0.99735	-0.072734
		*TM_ROTANGLE 3.16168
		*TM_SCALE 1	1	1
		*TM_SCALEAXIS 0	0	0
		*TM_SCALEAXISANG 0	0	0
	}
}
*HELPEROBJECT {
	*NODE_NAME "Bip01 R UpperArm"
	*NODE_PARENT "Bip01 R Clavicle"
	*NODE_TM {
		*NODE_NAME "Bip01 R UpperArm"
		*TM_ROW0 -0.318855	-0.0494813	-0.946511
		*TM_ROW1 0.0671181	0.99495	-0.074624
		*TM_ROW2 0.945424	-0.0873223	-0.313924
		*TM_ROW3 63.3895	4.1376	141.621
		*TM_POS 63.3895	4.1376	141.621
		*TM_ROTAXIS -0.00669892	-0.998084	0.0615116
		*TM_ROTANGLE 1.89538
		*TM_SCALE 1	1	1
		*TM_SCALEAXIS 0	0	0
		*TM_SCALEAXISANG 0	0	0
	}
}
*HELPEROBJECT {
	*NODE_NAME "Bip01 R Forearm"
	*NODE_PARENT "Bip01 R UpperArm"
	*NODE_TM {
		*NODE_NAME "Bip01 R Forearm"
		*TM_ROW0 -0.0882126	-0.996036	0.0113971
		*TM_ROW1 -0.313675	0.0169169	-0.94938
		*TM_ROW2 0.945424	-0.0873222	-0.313924
		*TM_ROW3 54.4915	2.75677	115.208
		*TM_POS 54.4915	2.75677	115.208
		*TM_ROTAXIS 0.597562	-0.64745	0.473
		*TM_ROTANGLE 2.3359
		*TM_SCALE 1	1	1
		*TM_SCALEAXIS 0	0	0
		*TM_SCALEAXISANG 0	0	0
	}
}
*HELPEROBJECT {
	*NODE_NAME "Bip01 R Hand"
	*NODE_PARENT "Bip01 R Forearm"
	*NODE_TM {
		*NODE_NAME "Bip01 R Hand"
		*TM_ROW0 -0.0894476	-0.995991	0.00132161
		*TM_ROW1 0.262752	-0.0223172	0.964605
		*TM_ROW2 -0.960708	0.0866289	0.263694
		*TM_ROW3 52.0378	-24.9493	115.525
		*TM_POS 52.0378	-24.9493	115.525
		*TM_ROTAXIS -0.484724	0.531129	0.694942
		*TM_ROTANGLE 2.00869
		*TM_SCALE 1	1	1
		*TM_SCALEAXIS 0	0	0
		*TM_SCALEAXISANG 0	0	0
	}
}
*HELPEROBJECT {
	*NODE_NAME "Bip01 R Finger0"
	*NODE_PARENT "Bip01 R Hand"
	*NODE_TM {
		*NODE_NAME "Bip01 R Finger0"
		*TM_ROW0 -0.0894411	-0.995991	0.00132772
		*TM_ROW1 0.262023	-0.0222438	0.964805
		*TM_ROW2 -0.960908	0.0866411	0.262962
		*TM_ROW3 50.8866	-37.7675	115.542
		*TM_POS 50.8866	-37.7675	115.542
		*TM_ROTAXIS -0.484909	0.531333	0.694657
		*TM_ROTANGLE 2.00905
		*TM_SCALE 1	1	1
		*TM_SCALEAXIS 0	0	0
		*TM_SCALEAXISANG 0	0	0
	}
}
*HELPEROBJECT {
	*NODE_NAME "zs_RightHand"
	*NODE_PARENT "Bip01 R Hand"
	*NODE_TM {
		*NODE_NAME "zs_RightHand"
		*TM_ROW0 0.857486	-0.0855241	-0.507349
		*TM_ROW1 0.137615	0.988285	0.0659912
		*TM_ROW2 0.495761	-0.126405	0.85921
		*TM_ROW3 -79.0958	-116.555	246.634
		*TM_POS -79.0958	-116.555	246.634
		*TM_ROTAXIS -0.184026	-0.959469	0.213431
		*TM_ROTANGLE 0.550064
		*TM_SCALE 1	1	1
		*TM_SCALEAXIS 0	0	0
		*TM_SCALEAXISANG 0	0	0
	}
}
*HELPEROBJECT {
	*NODE_NAME "zs_Crossbow"
	*NODE_PARENT "Bip01 Spine2"
	*NODE_TM {
		*NODE_NAME "zs_Crossbow"
		*TM_ROW0 -0.163238	-0.435162	0.885431
		*TM_ROW1 -0.986586	0.0712755	-0.146857
		*TM_ROW2 0.000797197	-0.897527	-0.440959
		*TM_ROW3 45.1169	64.7356	1495.23
		*TM_POS 45.1169	64.7356	1495.23
		*TM_ROTAXIS 0.584369	-0.688655	0.429264
		*TM_ROTANGLE 3.83908
		*TM_SCALE 1	1	1
		*TM_SCALEAXIS 0	0	0
		*TM_SCALEAXISANG 0	0	0
	}
}
*HELPEROBJECT {
	*NODE_NAME "zs_Longsword"
	*NODE_PARENT "Bip01 Spine2"
	*NODE_TM {
		*NODE_NAME "zs_Longsword"
		*TM_ROW0 -0.28526	-0.410231	0.86622
		*TM_ROW1 -0.957973	0.150556	-0.244175
		*TM_ROW2 -0.0302464	-0.899468	-0.435938
		*TM_ROW3 -95.4469	40.3183	1249.34
		*TM_POS -95.4469	40.3183	1249.34
		*TM_ROTAXIS 0.529241	-0.724021	0.442377
		*TM_ROTANGLE 3.80917
		*TM_SCALE 1	1	1
		*TM_SCALEAXIS 0	0	0
		*TM_SCALEAXISANG 0	0	0
	}
}
*HELPEROBJECT {
	*NODE_NAME "zs_Shield"
	*NODE_PARENT "Bip01 Spine2"
	*NODE_TM {
		*NODE_NAME "zs_Shield"
		*TM_ROW0 -0.252975	0.431214	-0.866059
		*TM_ROW1 -0.875172	0.27959	0.394846
		*TM_ROW2 0.412405	0.857837	0.306657
		*TM_ROW3 313.638	394.577	427.584
		*TM_POS 313.638	394.577	427.584
		*TM_ROTAXIS 0.245541	-0.678015	-0.692824
		*TM_ROTANGLE 1.91067
		*TM_SCALE 1	1	1
		*TM_SCALEAXIS 0	0	0
		*TM_SCALEAXISANG 0	0	0
	}
}
*HELPEROBJECT {
	*NODE_NAME "zs_Bow"
	*NODE_PARENT "Bip01 Spine2"
	*NODE_TM {
		*NODE_NAME "zs_Bow"
		*TM_ROW0 -0.100011	-0.417639	0.903092
		*TM_ROW1 0.0138508	0.90697	0.420967
		*TM_ROW2 -0.99489	0.0546098	-0.0849223
		*TM_ROW3 76.6526	509.405	293.662
		*TM_POS 76.6526	509.405	293.662
		*TM_ROTAXIS -0.184974	0.958291	0.217859
		*TM_ROTANGLE 1.71023
		*TM_SCALE 1	1	1
		*TM_SCALEAXIS 0	0	0
		*TM_SCALEAXISANG 0	0	0
	}
}
*HELPEROBJECT {
	*NODE_NAME "zs_Sword"
	*NODE_PARENT "Bip01 Spine"
	*NODE_TM {
		*NODE_NAME "zs_Sword"
		*TM_ROW0 0.159111	-0.62476	0.764433
		*TM_ROW1 -0.211222	0.734826	0.644527
		*TM_ROW2 -0.964401	-0.264016	-0.0150437
		*TM_ROW3 363.544	153.164	153.592
		*TM_POS 363.544	153.164	153.592
		*TM_ROTAXIS -0.455107	0.866006	0.20715
		*TM_ROTANGLE 1.63139
		*TM_SCALE 1	1	1
		*TM_SCALEAXIS 0	0	0
		*TM_SCALEAXISANG 0	0	0
	}
}
*HELPEROBJECT {
	*NODE_NAME "Bip01 L Thigh"
	*NODE_PARENT "Bip01 Pelvis"
	*NODE_TM {
		*NODE_NAME "Bip01 L Thigh"
		*TM_ROW0 0.340318	-0.597695	-0.725909
		*TM_ROW1 0.235425	-0.693242	0.681169
		*TM_ROW2 -0.910362	-0.402711	-0.0952105
		*TM_ROW3 86.0563	15.2614	91.6759
		*TM_POS 86.0563	15.2614	91.6759
		*TM_ROTAXIS -0.785728	0.133714	0.603947
		*TM_ROTANGLE 2.38048
		*TM_SCALE 1	1	1
		*TM_SCALEAXIS 0	0	0
		*TM_SCALEAXISANG 0	0	0
	}
	*TM_ANIMATION {
		*NODE_NAME "Bip01 L Thigh"
		*CONTROL_POS_TRACK {
			*CONTROL_POS_SAMPLE 192	-13.6834	15.2817	93.0121
			*CONTROL_POS_SAMPLE 384	-12.7559	16.9029	92.1954
			*CONTROL_POS_SAMPLE 576	-10.9965	17.7615	92.2587
			*CONTROL_POS_SAMPLE 768	-8.57823	18.0361	92.539
			*CONTROL_POS_SAMPLE 960	-5.6776	17.9022	92.3778
			*CONTROL_POS_SAMPLE 1152	-2.46849	17.5368	91.6561
			*CONTROL_POS_SAMPLE 1344	0.913157	17.0446	90.7478
			*CONTROL_POS_SAMPLE 1536	4.35427	16.4814	89.7356
			*CONTROL_POS_SAMPLE 1728	7.71719	15.9518	88.7097
			*CONTROL_POS_SAMPLE 1920	10.8643	15.5605	87.7602
			*CONTROL_POS_SAMPLE 2112	13.6579	15.4121	86.9773
			*CONTROL_POS_SAMPLE 2304	14.6264	15.2928	87.7155
			*CONTROL_POS_SAMPLE 2496	20.0052	15.3004	88.5399
			*CONTROL_POS_SAMPLE 2688	25.7046	15.3113	89.4075
			*CONTROL_POS_SAMPLE 2880	31.6156	15.3161	90.2857
			*CONTROL_POS_SAMPLE 3072	37.626	15.3114	91.1318
			*CONTROL_POS_SAMPLE 3264	43.6206	15.3015	91.8902
			*CONTROL_POS_SAMPLE 3456	49.4851	15.2881	92.4538
			*CONTROL_POS_SAMPLE 3648	55.1053	15.2728	92.8195
			*CONTROL_POS_SAMPLE 3840	60.3671	15.2575	93.0906
			*CONTROL_POS_SAMPLE 4032	62.9546	15.2592	93.2717
			*CONTROL_POS_SAMPLE 4224	65.0308	15.2614	93.1241
			*CONTROL_POS_SAMPLE 4416	69.646	15.2617	92.4347
			*CONTROL_POS_SAMPLE 4608	75.0101	15.2615	91.5435
			*CONTROL_POS_SAMPLE 4800	80.4516	15.2614	90.9043
			*CONTROL_POS_SAMPLE 4992	86.0563	15.2614	91.6759
		}
		*CONTROL_ROT_TRACK {
			*CONTROL_ROT_SAMPLE 192	-0.7581	0.0686005	0.64852	2.52982
			*CONTROL_ROT_SAMPLE 384	-0.772302	0.102307	0.626963	2.42782
			*CONTROL_ROT_SAMPLE 576	-0.79403	0.138628	0.591861	2.38484
			*CONTROL_ROT_SAMPLE 768	-0.811034	0.153094	0.564612	2.38969
			*CONTROL_ROT_SAMPLE 960	-0.82253	0.15023	0.548521	2.40964
			*CONTROL_ROT_SAMPLE 1152	-0.834116	0.145595	0.532027	2.42547
			*CONTROL_ROT_SAMPLE 1344	-0.845194	0.136059	0.516851	2.44241
			*CONTROL_ROT_SAMPLE 1536	-0.855246	0.123386	0.503318	2.4643
			*CONTROL_ROT_SAMPLE 1728	-0.864177	0.10726	0.491623	2.49097
			*CONTROL_ROT_SAMPLE 1920	-0.871842	0.0865862	0.482073	2.52274
			*CONTROL_ROT_SAMPLE 2112	-0.877851	0.0582183	0.475383	2.56173
			*CONTROL_ROT_SAMPLE 2304	-0.873922	0.0471841	0.48377	2.57386
			*CONTROL_ROT_SAMPLE 2496	-0.863177	0.0777961	0.498872	2.52154
			*CONTROL_ROT_SAMPLE 2688	-0.84955	0.0943521	0.519001	2.48239
			*CONTROL_ROT_SAMPLE 2880	-0.83363	0.102406	0.542747	2.45404
			*CONTROL_ROT_SAMPLE 3072	-0.815616	0.104554	0.569069	2.43623
			*CONTROL_ROT_SAMPLE 3264	-0.795818	0.102474	0.596802	2.4278
			*CONTROL_ROT_SAMPLE 3456	-0.774758	0.0983467	0.624562	2.42633
			*CONTROL_ROT_SAMPLE 3648	-0.752936	0.0927133	0.651531	2.4308
			*CONTROL_ROT_SAMPLE 3840	-0.729171	0.0841694	0.679135	2.44182
			*CONTROL_ROT_SAMPLE 4032	-0.715333	0.076414	0.694593	2.45228
			*CONTROL_ROT_SAMPLE 4224	-0.706398	0.0762004	0.703701	2.44889
			*CONTROL_ROT_SAMPLE 4416	-0.725802	0.098177	0.680862	2.41579
			*CONTROL_ROT_SAMPLE 4608	-0.746787	0.12093	0.653977	2.38511
			*CONTROL_ROT_SAMPLE 4800	-0.768331	0.137878	0.625026	2.36742
			*CONTROL_ROT_SAMPLE 4992	-0.785728	0.133714	0.603947	2.38048
		}
	}
}
*HELPEROBJECT {
	*NODE_NAME "Bip01 L Calf"
	*NODE_PARENT "Bip01 L Thigh"
	*NODE_TM {
		*NODE_NAME "Bip01 L Calf"
		*TM_ROW0 0.0129402	0.202265	-0.979245
		*TM_ROW1 0.413611	-0.8927	-0.178923
		*TM_ROW2 -0.910362	-0.402711	-0.0952106
		*TM_ROW3 99.4461	-8.25486	63.1151
		*TM_POS 99.4461	-8.25486	63.1151
		*TM_ROTAXIS -0.70948	-0.218383	0.670035
		*TM_ROTANGLE 2.98322
		*TM_SCALE 1	1	1
		*TM_SCALEAXIS 0	0	0
		*TM_SCALEAXISANG 0	0	0
	}
	*TM_ANIMATION {
		*NODE_NAME "Bip01 L Calf"
		*CONTROL_POS_TRACK {
			*CONTROL_POS_SAMPLE 192	-4.76929	-3.09383	59.3833
			*CONTROL_POS_SAMPLE 384	-1.29047	-4.70543	61.3792
			*CONTROL_POS_SAMPLE 576	3.23925	-5.70609	64.0694
			*CONTROL_POS_SAMPLE 768	7.46737	-5.5905	65.4773
			*CONTROL_POS_SAMPLE 960	11.4749	-4.99949	65.3719
			*CONTROL_POS_SAMPLE 1152	15.8755	-4.58731	64.7853
			*CONTROL_POS_SAMPLE 1344	20.4175	-4.03044	63.851
			*CONTROL_POS_SAMPLE 1536	24.899	-3.31616	62.6435
			*CONTROL_POS_SAMPLE 1728	29.1731	-2.31259	61.2494
			*CONTROL_POS_SAMPLE 1920	33.0826	-0.831757	59.7306
			*CONTROL_POS_SAMPLE 2112	36.4283	1.47123	58.0778
			*CONTROL_POS_SAMPLE 2304	36.8383	2.06764	58.055
			*CONTROL_POS_SAMPLE 2496	41.1572	-0.897417	59.5875
			*CONTROL_POS_SAMPLE 2688	45.4468	-2.84252	60.6203
			*CONTROL_POS_SAMPLE 2880	49.6822	-4.19093	61.2841
			*CONTROL_POS_SAMPLE 3072	53.7709	-5.11392	61.6332
			*CONTROL_POS_SAMPLE 3264	57.6338	-5.70571	61.7183
			*CONTROL_POS_SAMPLE 3456	61.2284	-6.08858	61.5807
			*CONTROL_POS_SAMPLE 3648	64.4968	-6.27987	61.2712
			*CONTROL_POS_SAMPLE 3840	67.1911	-6.21372	60.8348
			*CONTROL_POS_SAMPLE 4032	68.2618	-5.93229	60.5492
			*CONTROL_POS_SAMPLE 4224	69.4952	-6.16775	60.4304
			*CONTROL_POS_SAMPLE 4416	76.4464	-7.41926	61.0127
			*CONTROL_POS_SAMPLE 4608	84.2962	-8.53631	61.6195
			*CONTROL_POS_SAMPLE 4800	92.1536	-9.07933	62.2929
			*CONTROL_POS_SAMPLE 4992	99.4461	-8.25486	63.1151
		}
		*CONTROL_ROT_TRACK {
			*CONTROL_ROT_SAMPLE 192	-0.711109	-0.161475	0.684288	2.94985
			*CONTROL_ROT_SAMPLE 384	-0.708501	-0.189702	0.679735	2.94621
			*CONTROL_ROT_SAMPLE 576	-0.726156	-0.198542	0.658239	2.94099
			*CONTROL_ROT_SAMPLE 768	-0.747323	-0.194466	0.635367	2.92563
			*CONTROL_ROT_SAMPLE 960	-0.763386	-0.187779	0.618046	2.90752
			*CONTROL_ROT_SAMPLE 1152	-0.777982	-0.183757	0.600814	2.88908
			*CONTROL_ROT_SAMPLE 1344	-0.791935	-0.179074	0.583756	2.86711
			*CONTROL_ROT_SAMPLE 1536	-0.805925	-0.171786	0.566546	2.84563
			*CONTROL_ROT_SAMPLE 1728	-0.820082	-0.160763	0.549201	2.82338
			*CONTROL_ROT_SAMPLE 1920	-0.834565	-0.14443	0.53164	2.79827
			*CONTROL_ROT_SAMPLE 2112	-0.849734	-0.119721	0.513438	2.76626
			*CONTROL_ROT_SAMPLE 2304	-0.847841	-0.114183	0.51781	2.76245
			*CONTROL_ROT_SAMPLE 2496	-0.824189	-0.14791	0.546658	2.80261
			*CONTROL_ROT_SAMPLE 2688	-0.800237	-0.170939	0.574805	2.83608
			*CONTROL_ROT_SAMPLE 2880	-0.776085	-0.186672	0.602367	2.86782
			*CONTROL_ROT_SAMPLE 3072	-0.752188	-0.196316	0.629026	2.89911
			*CONTROL_ROT_SAMPLE 3264	-0.728893	-0.200932	0.654478	2.92929
			*CONTROL_ROT_SAMPLE 3456	-0.70636	-0.201873	0.678456	2.9584
			*CONTROL_ROT_SAMPLE 3648	0.684845	0.199809	-0.700759	3.29808
			*CONTROL_ROT_SAMPLE 3840	0.663022	0.194913	-0.72278	3.27505
			*CONTROL_ROT_SAMPLE 4032	0.651073	0.190747	-0.734656	3.26751
			*CONTROL_ROT_SAMPLE 4224	0.641524	0.191153	-0.742905	3.25586
			*CONTROL_ROT_SAMPLE 4416	0.655197	0.202334	-0.727858	3.25052
			*CONTROL_ROT_SAMPLE 4608	0.670915	0.213617	-0.710099	3.25137
			*CONTROL_ROT_SAMPLE 4800	-0.689556	-0.221431	0.689551	3.01778
			*CONTROL_ROT_SAMPLE 4992	-0.70948	-0.218383	0.670035	2.98322
		}
	}
}
*HELPEROBJECT {
	*NODE_NAME "Bip01 L Foot"
	*NODE_PARENT "Bip01 L Calf"
	*NODE_TM {
		*NODE_NAME "Bip01 L Foot"
		*TM_ROW0 0.0195879	0.00534473	-0.999794
		*TM_ROW1 0.448578	-0.893735	0.00401077
		*TM_ROW2 -0.893529	-0.448564	-0.0199039
		*TM_ROW3 100.081	1.67586	15.0364
		*TM_POS 100.081	1.67586	15.0364
		*TM_ROTAXIS -0.704597	-0.16544	0.690053
		*TM_ROTANGLE 2.81464
		*TM_SCALE 1	1	1
		*TM_SCALEAXIS 0	0	0
		*TM_SCALEAXISANG 0	0	0
	}
	*TM_ANIMATION {
		*NODE_NAME "Bip01 L Foot"
		*CONTROL_POS_TRACK {
			*CONTROL_POS_SAMPLE 192	-3.76714	1.67568	10.5281
			*CONTROL_POS_SAMPLE 384	-0.631411	1.88773	12.7307
			*CONTROL_POS_SAMPLE 576	6.38563	1.86916	15.6618
			*CONTROL_POS_SAMPLE 768	13.7145	1.82952	17.3473
			*CONTROL_POS_SAMPLE 960	20.1601	1.84635	17.5359
			*CONTROL_POS_SAMPLE 1152	26.8258	1.85815	17.3603
			*CONTROL_POS_SAMPLE 1344	33.5894	1.86581	16.9222
			*CONTROL_POS_SAMPLE 1536	40.3289	1.87017	16.3229
			*CONTROL_POS_SAMPLE 1728	46.9223	1.87208	15.6639
			*CONTROL_POS_SAMPLE 1920	53.2475	1.87246	15.0468
			*CONTROL_POS_SAMPLE 2112	59.1824	1.87215	14.573
			*CONTROL_POS_SAMPLE 2304	59.3072	1.82659	14.401
			*CONTROL_POS_SAMPLE 2496	59.6585	1.8076	14.1896
			*CONTROL_POS_SAMPLE 2688	60.049	1.79018	13.9738
			*CONTROL_POS_SAMPLE 2880	60.4555	1.77399	13.7558
			*CONTROL_POS_SAMPLE 3072	60.8545	1.75853	13.5378
			*CONTROL_POS_SAMPLE 3264	61.2226	1.74348	13.3219
			*CONTROL_POS_SAMPLE 3456	61.5364	1.72838	13.1103
			*CONTROL_POS_SAMPLE 3648	61.7726	1.71294	12.9051
			*CONTROL_POS_SAMPLE 3840	61.5045	1.69786	12.7136
			*CONTROL_POS_SAMPLE 4032	61.0127	1.68445	12.5907
			*CONTROL_POS_SAMPLE 4224	60.9985	1.6758	12.7139
			*CONTROL_POS_SAMPLE 4416	69.6684	1.67483	13.2431
			*CONTROL_POS_SAMPLE 4608	79.5614	1.67496	13.8294
			*CONTROL_POS_SAMPLE 4800	89.9437	1.67553	14.4387
			*CONTROL_POS_SAMPLE 4992	100.081	1.67586	15.0364
		}
		*CONTROL_ROT_TRACK {
			*CONTROL_ROT_SAMPLE 192	-0.704597	-0.16544	0.690053	2.81464
			*CONTROL_ROT_SAMPLE 384	-0.703732	-0.181198	0.68697	2.78418
			*CONTROL_ROT_SAMPLE 576	-0.703795	-0.180165	0.687178	2.78617
			*CONTROL_ROT_SAMPLE 768	-0.704002	-0.176629	0.687883	2.793
			*CONTROL_ROT_SAMPLE 960	-0.704029	-0.176151	0.687978	2.79392
			*CONTROL_ROT_SAMPLE 1152	-0.704099	-0.174913	0.688222	2.79631
			*CONTROL_ROT_SAMPLE 1344	-0.704197	-0.17314	0.68857	2.79974
			*CONTROL_ROT_SAMPLE 1536	-0.70431	-0.171059	0.688975	2.80376
			*CONTROL_ROT_SAMPLE 1728	-0.704423	-0.168894	0.689393	2.80795
			*CONTROL_ROT_SAMPLE 1920	-0.704526	-0.166872	0.689781	2.81187
			*CONTROL_ROT_SAMPLE 2112	-0.704608	-0.165216	0.690095	2.81507
			*CONTROL_ROT_SAMPLE 2304	-0.704597	-0.16544	0.690053	2.81464
			*CONTROL_ROT_SAMPLE 2496	-0.704596	-0.165462	0.690049	2.8146
			*CONTROL_ROT_SAMPLE 2688	-0.704595	-0.165472	0.690047	2.81458
			*CONTROL_ROT_SAMPLE 2880	-0.704595	-0.165473	0.690047	2.81457
			*CONTROL_ROT_SAMPLE 3072	-0.704595	-0.165469	0.690048	2.81458
			*CONTROL_ROT_SAMPLE 3264	-0.704596	-0.165462	0.690049	2.8146
			*CONTROL_ROT_SAMPLE 3456	-0.704596	-0.165455	0.69005	2.81461
			*CONTROL_ROT_SAMPLE 3648	-0.704596	-0.165453	0.690051	2.81462
			*CONTROL_ROT_SAMPLE 3840	-0.704596	-0.165449	0.690051	2.81462
			*CONTROL_ROT_SAMPLE 4032	-0.704597	-0.165444	0.690052	2.81463
			*CONTROL_ROT_SAMPLE 4224	-0.704597	-0.16544	0.690053	2.81464
			*CONTROL_ROT_SAMPLE 4416	-0.704597	-0.165439	0.690053	2.81464
			*CONTROL_ROT_SAMPLE 4608	-0.704597	-0.165439	0.690053	2.81464
			*CONTROL_ROT_SAMPLE 4800	-0.704597	-0.16544	0.690053	2.81464
			*CONTROL_ROT_SAMPLE 4992	-0.704597	-0.16544	0.690053	2.81464
		}
	}
}
*HELPEROBJECT {
	*NODE_NAME "Bip01 L Toe0"
	*NODE_PARENT "Bip01 L Foot"
	*NODE_TM {
		*NODE_NAME "Bip01 L Toe0"
		*TM_ROW0 0.448584	-0.893732	0.00393956
		*TM_ROW1 -0.0195529	-0.00540697	0.999794
		*TM_ROW2 -0.893527	-0.448569	-0.0199005
		*TM_ROW3 110.486	-18.4942	2.50313
		*TM_POS 110.486	-18.4942	2.50313
		*TM_ROTAXIS -0.756308	0.46864	0.45648
		*TM_ROTANGLE 1.86331
		*TM_SCALE 1	1	1
		*TM_SCALEAXIS 0	0	0
		*TM_SCALEAXISANG 0	0	0
	}
	*TM_ANIMATION {
		*NODE_NAME "Bip01 L Toe0"
		*CONTROL_POS_TRACK {
			*CONTROL_POS_SAMPLE 192	6.63771	-18.4944	-2.0052
			*CONTROL_POS_SAMPLE 384	10.6856	-17.8014	0.223097
			*CONTROL_POS_SAMPLE 576	17.6436	-17.8527	3.15248
			*CONTROL_POS_SAMPLE 768	24.7695	-18.0031	4.83195
			*CONTROL_POS_SAMPLE 960	31.1876	-18.001	5.01976
			*CONTROL_POS_SAMPLE 1152	37.7818	-18.0275	4.84215
			*CONTROL_POS_SAMPLE 1344	44.443	-18.0741	4.40108
			*CONTROL_POS_SAMPLE 1536	51.0617	-18.1329	3.7984
			*CONTROL_POS_SAMPLE 1728	57.5291	-18.1959	3.136
			*CONTROL_POS_SAMPLE 1920	63.7362	-18.2555	2.51569
			*CONTROL_POS_SAMPLE 2112	69.5741	-18.3045	2.03934
			*CONTROL_POS_SAMPLE 2304	69.7121	-18.3435	1.86773
			*CONTROL_POS_SAMPLE 2496	70.0646	-18.3618	1.65634
			*CONTROL_POS_SAMPLE 2688	70.4558	-18.379	1.44059
			*CONTROL_POS_SAMPLE 2880	70.8623	-18.3951	1.22257
			*CONTROL_POS_SAMPLE 3072	71.261	-18.4107	1.00451
			*CONTROL_POS_SAMPLE 3264	71.6287	-18.426	0.788581
			*CONTROL_POS_SAMPLE 3456	71.9422	-18.4412	0.576957
			*CONTROL_POS_SAMPLE 3648	72.1782	-18.4568	0.37184
			*CONTROL_POS_SAMPLE 3840	71.9099	-18.4719	0.180253
			*CONTROL_POS_SAMPLE 4032	71.4178	-18.4855	0.0573638
			*CONTROL_POS_SAMPLE 4224	71.4033	-18.4943	0.180595
			*CONTROL_POS_SAMPLE 4416	80.0732	-18.4953	0.70977
			*CONTROL_POS_SAMPLE 4608	89.9663	-18.4951	1.29613
			*CONTROL_POS_SAMPLE 4800	100.349	-18.4946	1.90534
			*CONTROL_POS_SAMPLE 4992	110.486	-18.4942	2.50313
		}
		*CONTROL_ROT_TRACK {
			*CONTROL_ROT_SAMPLE 192	-0.756308	0.46864	0.45648	1.86331
			*CONTROL_ROT_SAMPLE 384	-0.772432	0.456067	0.441986	1.84531
			*CONTROL_ROT_SAMPLE 576	-0.771385	0.456904	0.442949	1.84647
			*CONTROL_ROT_SAMPLE 768	-0.767788	0.459757	0.446234	1.85046
			*CONTROL_ROT_SAMPLE 960	-0.767301	0.46014	0.446676	1.851
			*CONTROL_ROT_SAMPLE 1152	-0.766038	0.461133	0.44782	1.85241
			*CONTROL_ROT_SAMPLE 1344	-0.764226	0.462549	0.449452	1.85443
			*CONTROL_ROT_SAMPLE 1536	-0.762093	0.464206	0.451362	1.85682
			*CONTROL_ROT_SAMPLE 1728	-0.759869	0.46592	0.45334	1.85931
			*CONTROL_ROT_SAMPLE 1920	-0.757786	0.467515	0.455181	1.86165
			*CONTROL_ROT_SAMPLE 2112	-0.756078	0.468815	0.456682	1.86357
			*CONTROL_ROT_SAMPLE 2304	-0.756308	0.46864	0.45648	1.86331
			*CONTROL_ROT_SAMPLE 2496	-0.756332	0.468623	0.45646	1.86329
			*CONTROL_ROT_SAMPLE 2688	-0.756342	0.468615	0.456451	1.86327
			*CONTROL_ROT_SAMPLE 2880	-0.756343	0.468614	0.45645	1.86327
			*CONTROL_ROT_SAMPLE 3072	-0.756338	0.468617	0.456454	1.86328
			*CONTROL_ROT_SAMPLE 3264	-0.756331	0.468623	0.45646	1.86329
			*CONTROL_ROT_SAMPLE 3456	-0.756324	0.468628	0.456466	1.86329
			*CONTROL_ROT_SAMPLE 3648	-0.756322	0.46863	0.456469	1.8633
			*CONTROL_ROT_SAMPLE 3840	-0.756318	0.468632	0.456471	1.8633
			*CONTROL_ROT_SAMPLE 4032	-0.756313	0.468637	0.456476	1.86331
			*CONTROL_ROT_SAMPLE 4224	-0.756308	0.46864	0.45648	1.86331
			*CONTROL_ROT_SAMPLE 4416	-0.756308	0.46864	0.456481	1.86331
			*CONTROL_ROT_SAMPLE 4608	-0.756308	0.46864	0.45648	1.86331
			*CONTROL_ROT_SAMPLE 4800	-0.756308	0.46864	0.45648	1.86331
			*CONTROL_ROT_SAMPLE 4992	-0.756308	0.46864	0.45648	1.86331
		}
	}
}
*HELPEROBJECT {
	*NODE_NAME "Bip01 R Thigh"
	*NODE_PARENT "Bip01 Pelvis"
	*NODE_TM {
		*NODE_NAME "Bip01 R Thigh"
		*TM_ROW0 -0.339686	-0.215461	-0.915527
		*TM_ROW1 -0.356416	-0.87132	0.337298
		*TM_ROW2 -0.870391	0.440884	0.219182
		*TM_ROW3 68.6778	10.504	91.3766
		*TM_POS 68.6778	10.504	91.3766
		*TM_ROTAXIS 0.573398	-0.249848	-0.780251
		*TM_ROTANGLE 3.05114
		*TM_SCALE 1	1	1
		*TM_SCALEAXIS 0	0	0
		*TM_SCALEAXISANG 0	0	0
	}
	*TM_ANIMATION {
		*NODE_NAME "Bip01 R Thigh"
		*CONTROL_POS_TRACK {
			*CONTROL_POS_SAMPLE 192	-31.0512	10.4764	92.9369
			*CONTROL_POS_SAMPLE 384	-29.9811	11.6118	92.016
			*CONTROL_POS_SAMPLE 576	-28.2056	12.4207	92.0182
			*CONTROL_POS_SAMPLE 768	-25.8466	12.8912	92.272
			*CONTROL_POS_SAMPLE 960	-23.0199	13.013	92.1014
			*CONTROL_POS_SAMPLE 1152	-19.8462	12.7752	91.3764
			*CONTROL_POS_SAMPLE 1344	-16.4646	12.2826	90.4786
			*CONTROL_POS_SAMPLE 1536	-13.0231	11.7163	89.4976
			*CONTROL_POS_SAMPLE 1728	-9.65893	11.1801	88.5154
			*CONTROL_POS_SAMPLE 1920	-6.50924	10.7776	87.614
			*CONTROL_POS_SAMPLE 2112	-3.71132	10.6125	86.8755
			*CONTROL_POS_SAMPLE 2304	-2.73355	10.4591	87.6682
			*CONTROL_POS_SAMPLE 2496	2.65883	10.4179	88.5587
			*CONTROL_POS_SAMPLE 2688	8.37043	10.3862	89.4768
			*CONTROL_POS_SAMPLE 2880	14.2859	10.3752	90.3632
			*CONTROL_POS_SAMPLE 3072	20.2916	10.3868	91.1682
			*CONTROL_POS_SAMPLE 3264	26.2765	10.411	91.8555
			*CONTROL_POS_SAMPLE 3456	32.1289	10.4419	92.331
			*CONTROL_POS_SAMPLE 3648	37.737	10.4736	92.6043
			*CONTROL_POS_SAMPLE 3840	42.9885	10.5001	92.7913
			*CONTROL_POS_SAMPLE 4032	45.5761	10.5018	92.9725
			*CONTROL_POS_SAMPLE 4224	47.6523	10.504	92.8249
			*CONTROL_POS_SAMPLE 4416	52.2675	10.5043	92.1355
			*CONTROL_POS_SAMPLE 4608	57.6316	10.5041	91.2443
			*CONTROL_POS_SAMPLE 4800	63.0731	10.504	90.605
			*CONTROL_POS_SAMPLE 4992	68.6778	10.504	91.3766
		}
		*CONTROL_ROT_TRACK {
			*CONTROL_ROT_SAMPLE 192	0.601949	-0.236185	-0.762807	3.08469
			*CONTROL_ROT_SAMPLE 384	0.57747	-0.27131	-0.770012	3.05033
			*CONTROL_ROT_SAMPLE 576	0.570967	-0.269505	-0.775477	3.04093
			*CONTROL_ROT_SAMPLE 768	0.565114	-0.263059	-0.78195	3.02977
			*CONTROL_ROT_SAMPLE 960	0.552361	-0.26351	-0.79086	3.02383
			*CONTROL_ROT_SAMPLE 1152	0.536213	-0.261329	-0.80261	3.02849
			*CONTROL_ROT_SAMPLE 1344	0.520339	-0.253342	-0.815515	3.03255
			*CONTROL_ROT_SAMPLE 1536	0.504952	-0.243603	-0.828059	3.03138
			*CONTROL_ROT_SAMPLE 1728	0.491112	-0.233507	-0.839216	3.02752
			*CONTROL_ROT_SAMPLE 1920	0.479396	-0.225288	-0.848189	3.02741
			*CONTROL_ROT_SAMPLE 2112	0.47002	-0.221847	-0.854321	3.04102
			*CONTROL_ROT_SAMPLE 2304	0.475477	-0.218584	-0.85214	3.04404
			*CONTROL_ROT_SAMPLE 2496	0.472782	-0.206532	-0.856634	3.02682
			*CONTROL_ROT_SAMPLE 2688	0.467351	-0.213853	-0.857817	3.07404
			*CONTROL_ROT_SAMPLE 2880	0.466368	-0.227561	-0.85482	3.13255
			*CONTROL_ROT_SAMPLE 3072	0.474822	-0.238567	-0.84713	3.16419
			*CONTROL_ROT_SAMPLE 3264	0.492439	-0.246203	-0.834798	3.16759
			*CONTROL_ROT_SAMPLE 3456	0.515692	-0.253919	-0.818283	3.15914
			*CONTROL_ROT_SAMPLE 3648	0.543739	-0.260036	-0.797953	3.13656
			*CONTROL_ROT_SAMPLE 3840	0.576183	-0.261959	-0.774203	3.09709
			*CONTROL_ROT_SAMPLE 4032	0.621634	-0.258251	-0.739511	3.03508
			*CONTROL_ROT_SAMPLE 4224	0.669023	-0.244392	-0.701912	2.95694
			*CONTROL_ROT_SAMPLE 4416	0.645077	-0.254406	-0.720523	2.99944
			*CONTROL_ROT_SAMPLE 4608	0.617595	-0.262227	-0.741494	3.04206
			*CONTROL_ROT_SAMPLE 4800	0.591676	-0.263792	-0.761796	3.06973
			*CONTROL_ROT_SAMPLE 4992	0.573398	-0.249848	-0.780251	3.05114
		}
	}
}
*HELPEROBJECT {
	*NODE_NAME "Bip01 R Calf"
	*NODE_PARENT "Bip01 R Thigh"
	*NODE_TM {
		*NODE_NAME "Bip01 R Calf"
		*TM_ROW0 -0.01413	0.422614	-0.9062
		*TM_ROW1 -0.492158	-0.791845	-0.36161
		*TM_ROW2 -0.870391	0.440884	0.219182
		*TM_ROW3 55.3129	2.02669	55.3553
		*TM_POS 55.3129	2.02669	55.3553
		*TM_ROTAXIS 0.659181	-0.0294137	-0.751409
		*TM_ROTANGLE 2.48717
		*TM_SCALE 1	1	1
		*TM_SCALEAXIS 0	0	0
		*TM_SCALEAXISANG 0	0	0
	}
	*TM_ANIMATION {
		*NODE_NAME "Bip01 R Calf"
		*CONTROL_POS_TRACK {
			*CONTROL_POS_SAMPLE 192	-41.8429	1.00488	56.3057
			*CONTROL_POS_SAMPLE 384	-42.976	2.06991	56.1259
			*CONTROL_POS_SAMPLE 576	-41.7631	3.40882	56.1993
			*CONTROL_POS_SAMPLE 768	-39.8943	4.66296	56.4534
			*CONTROL_POS_SAMPLE 960	-38.1669	5.2551	56.6275
			*CONTROL_POS_SAMPLE 1152	-36.3868	5.34776	56.4585
			*CONTROL_POS_SAMPLE 1344	-34.3336	5.43206	56.1015
			*CONTROL_POS_SAMPLE 1536	-32.1261	5.64963	55.6408
			*CONTROL_POS_SAMPLE 1728	-29.8304	5.94393	55.1432
			*CONTROL_POS_SAMPLE 1920	-27.5723	6.10878	54.7117
			*CONTROL_POS_SAMPLE 2112	-25.5172	5.80282	54.4813
			*CONTROL_POS_SAMPLE 2304	-24.1435	5.56584	55.0234
			*CONTROL_POS_SAMPLE 2496	-18.8961	6.61931	55.8635
			*CONTROL_POS_SAMPLE 2688	-13.7171	4.8087	57.398
			*CONTROL_POS_SAMPLE 2880	-7.94278	2.32851	58.9123
			*CONTROL_POS_SAMPLE 3072	-1.30443	0.721028	59.7325
			*CONTROL_POS_SAMPLE 3264	6.0237	0.0184768	59.7645
			*CONTROL_POS_SAMPLE 3456	13.7151	-0.42607	59.3032
			*CONTROL_POS_SAMPLE 3648	21.6573	-0.494387	58.4112
			*CONTROL_POS_SAMPLE 3840	29.7937	-0.0161589	57.2481
			*CONTROL_POS_SAMPLE 4032	36.776	0.998271	55.8207
			*CONTROL_POS_SAMPLE 4224	43.8978	2.81795	54.4212
			*CONTROL_POS_SAMPLE 4416	45.899	1.67187	54.3275
			*CONTROL_POS_SAMPLE 4608	48.4212	0.690856	54.2729
			*CONTROL_POS_SAMPLE 4800	51.3419	0.390112	54.4373
			*CONTROL_POS_SAMPLE 4992	55.3129	2.02669	55.3553
		}
		*CONTROL_ROT_TRACK {
			*CONTROL_ROT_SAMPLE 192	0.674531	-0.0172562	-0.738045	2.5594
			*CONTROL_ROT_SAMPLE 384	0.669691	-0.0514338	-0.740857	2.49969
			*CONTROL_ROT_SAMPLE 576	0.662108	-0.0575577	-0.747194	2.49882
			*CONTROL_ROT_SAMPLE 768	0.651379	-0.0652139	-0.755945	2.51102
			*CONTROL_ROT_SAMPLE 960	0.636828	-0.0787035	-0.766979	2.52006
			*CONTROL_ROT_SAMPLE 1152	0.618449	-0.0869642	-0.780998	2.5299
			*CONTROL_ROT_SAMPLE 1344	0.597115	-0.0925493	-0.796799	2.54856
			*CONTROL_ROT_SAMPLE 1536	0.574936	-0.0985742	-0.812239	2.57154
			*CONTROL_ROT_SAMPLE 1728	0.554067	-0.103923	-0.82596	2.59641
			*CONTROL_ROT_SAMPLE 1920	0.536973	-0.106899	-0.836799	2.61766
			*CONTROL_ROT_SAMPLE 2112	0.526308	-0.105364	-0.843741	2.62709
			*CONTROL_ROT_SAMPLE 2304	0.530687	-0.10077	-0.841556	2.63143
			*CONTROL_ROT_SAMPLE 2496	0.519136	-0.106085	-0.848083	2.66796
			*CONTROL_ROT_SAMPLE 2688	0.521522	-0.0938775	-0.848058	2.64514
			*CONTROL_ROT_SAMPLE 2880	0.532912	-0.0764174	-0.842713	2.60245
			*CONTROL_ROT_SAMPLE 3072	0.550596	-0.0615994	-0.832496	2.56736
			*CONTROL_ROT_SAMPLE 3264	0.574158	-0.0494731	-0.817248	2.54116
			*CONTROL_ROT_SAMPLE 3456	0.603145	-0.0364686	-0.796797	2.51457
			*CONTROL_ROT_SAMPLE 3648	0.635572	-0.0238507	-0.771673	2.49153
			*CONTROL_ROT_SAMPLE 3840	0.669269	-0.0137391	-0.742893	2.47691
			*CONTROL_ROT_SAMPLE 4032	-0.711937	0.00320982	0.702236	3.81311
			*CONTROL_ROT_SAMPLE 4224	-0.750172	0.000679854	0.661242	3.80541
			*CONTROL_ROT_SAMPLE 4416	-0.733334	-0.00286417	0.679862	3.81897
			*CONTROL_ROT_SAMPLE 4608	-0.711952	-0.00268222	0.702223	3.83057
			*CONTROL_ROT_SAMPLE 4800	0.687876	-0.00481829	-0.725812	2.45193
			*CONTROL_ROT_SAMPLE 4992	0.659181	-0.0294137	-0.751409	2.48717
		}
	}
}
*HELPEROBJECT {
	*NODE_NAME "Bip01 R Foot"
	*NODE_PARENT "Bip01 R Calf"
	*NODE_TM {
		*NODE_NAME "Bip01 R Foot"
		*TM_ROW0 0.0308103	-0.0302852	-0.999066
		*TM_ROW1 -0.464902	-0.885274	0.0124985
