*3DSMAX_ASCIIEXPORT	110
*COMMENT "This file is part of Gothic Free Aim Copyright (C) 2016-2017  mud-freak (@szapp)"
*COMMENT "<http://github.com/szapp/GothicFreeAim>"
*COMMENT "Animations: second iteration"
*SCENE {
	*SCENE_FILENAME "bowIK_left.max"
	*SCENE_FIRSTFRAME 1
	*SCENE_LASTFRAME 26
	*SCENE_FRAMESPEED 25
	*SCENE_TICKSPERFRAME 192
	*SCENE_BACKGROUND_STATIC 0	0	0
	*SCENE_AMBIENT_STATIC 0.2	0.2	0.2
}
*HELPEROBJECT {
	*NODE_NAME "Bip01"
	*NODE_TM {
		*NODE_NAME "Bip01"
		*TM_ROW0 -0.836419	-0.547972	0.0113689
		*TM_ROW1 0.547171	-0.836037	-0.040567
		*TM_ROW2 0.0317344	-0.0277103	0.999112
		*TM_ROW3 100.2	8.30836	93.7967
		*TM_POS 100.2	8.30836	93.7967
		*TM_ROTAXIS -0.0117369	0.0185917	-0.999758
		*TM_ROTANGLE 3.72121
		*TM_SCALE 1	1	1
		*TM_SCALEAXIS 0	0	0
		*TM_SCALEAXISANG 0	0	0
	}
	*TM_ANIMATION {
		*NODE_NAME "Bip01"
		*CONTROL_POS_TRACK {
			*CONTROL_POS_SAMPLE 192	-0.0496109	8.30836	93.7967
			*CONTROL_POS_SAMPLE 384	3.46819	8.30836	93.8022
			*CONTROL_POS_SAMPLE 576	6.98598	8.30836	93.8084
			*CONTROL_POS_SAMPLE 768	10.5038	8.30836	93.8153
			*CONTROL_POS_SAMPLE 960	14.0216	8.30836	93.8229
			*CONTROL_POS_SAMPLE 1152	17.5394	8.30836	93.5375
			*CONTROL_POS_SAMPLE 1344	21.0572	8.30836	93.2122
			*CONTROL_POS_SAMPLE 1536	24.575	8.30836	92.8774
			*CONTROL_POS_SAMPLE 1728	28.0928	8.30836	92.5637
			*CONTROL_POS_SAMPLE 1920	31.6105	8.30836	92.3014
			*CONTROL_POS_SAMPLE 2112	35.1283	8.30836	92.121
			*CONTROL_POS_SAMPLE 2304	38.6461	8.30836	92.0531
			*CONTROL_POS_SAMPLE 2496	42.6965	8.30836	92.1179
			*CONTROL_POS_SAMPLE 2688	46.7469	8.30836	92.295
			*CONTROL_POS_SAMPLE 2880	50.7973	8.30836	92.5546
			*CONTROL_POS_SAMPLE 3072	54.8478	8.30836	92.8663
			*CONTROL_POS_SAMPLE 3264	58.8982	8.30836	93.1996
			*CONTROL_POS_SAMPLE 3456	62.9486	8.30836	93.5237
			*CONTROL_POS_SAMPLE 3648	66.999	8.30836	93.808
			*CONTROL_POS_SAMPLE 3840	71.0494	8.30836	93.8062
			*CONTROL_POS_SAMPLE 4032	75.0998	8.30836	93.8048
			*CONTROL_POS_SAMPLE 4224	79.1502	8.30836	93.8036
			*CONTROL_POS_SAMPLE 4416	84.4127	8.30836	93.8024
			*CONTROL_POS_SAMPLE 4608	89.6753	8.30836	93.8009
			*CONTROL_POS_SAMPLE 4800	94.9378	8.30836	93.7991
			*CONTROL_POS_SAMPLE 4992	100.2	8.30836	93.7967
		}
		*CONTROL_ROT_TRACK {
			*CONTROL_ROT_SAMPLE 192	-0.0117369	0.0185917	-0.999758	3.72121
			*CONTROL_ROT_SAMPLE 384	-0.0097923	0.0191725	-0.999768	3.72129
			*CONTROL_ROT_SAMPLE 576	-0.00800318	0.0197067	-0.999774	3.72137
			*CONTROL_ROT_SAMPLE 768	-0.00636956	0.0201944	-0.999776	3.72144
			*CONTROL_ROT_SAMPLE 960	-0.00489147	0.0206357	-0.999775	3.7215
			*CONTROL_ROT_SAMPLE 1152	-0.00356893	0.0210305	-0.999772	3.72155
			*CONTROL_ROT_SAMPLE 1344	-0.00240196	0.0213788	-0.999769	3.72159
			*CONTROL_ROT_SAMPLE 1536	-0.00139057	0.0216806	-0.999764	3.72163
			*CONTROL_ROT_SAMPLE 1728	-0.000534766	0.021936	-0.999759	3.72167
			*CONTROL_ROT_SAMPLE 1920	0.000165444	0.0221449	-0.999755	3.72169
			*CONTROL_ROT_SAMPLE 2112	0.000710051	0.0223074	-0.999751	3.72171
			*CONTROL_ROT_SAMPLE 2304	0.00109905	0.0224235	-0.999748	3.72173
			*CONTROL_ROT_SAMPLE 2496	0.00133244	0.0224931	-0.999746	3.72173
			*CONTROL_ROT_SAMPLE 2688	0.00141023	0.0225163	-0.999745	3.72174
			*CONTROL_ROT_SAMPLE 2880	0.00123524	0.0224641	-0.999747	3.72173
			*CONTROL_ROT_SAMPLE 3072	0.000740668	0.0223165	-0.999751	3.72171
			*CONTROL_ROT_SAMPLE 3264	-2.78314e-005	0.0220872	-0.999756	3.72168
			*CONTROL_ROT_SAMPLE 3456	-0.0010246	0.0217898	-0.999762	3.72165
			*CONTROL_ROT_SAMPLE 3648	-0.00220397	0.0214378	-0.999768	3.7216
			*CONTROL_ROT_SAMPLE 3840	-0.00352027	0.021045	-0.999772	3.72155
			*CONTROL_ROT_SAMPLE 4032	-0.00492785	0.0206248	-0.999775	3.7215
			*CONTROL_ROT_SAMPLE 4224	-0.00638105	0.020191	-0.999776	3.72144
			*CONTROL_ROT_SAMPLE 4416	-0.0078342	0.0197572	-0.999774	3.72138
			*CONTROL_ROT_SAMPLE 4608	-0.00924166	0.0193369	-0.99977	3.72132
			*CONTROL_ROT_SAMPLE 4800	-0.0105578	0.0189439	-0.999765	3.72126
			*CONTROL_ROT_SAMPLE 4992	-0.0117369	0.0185917	-0.999758	3.72121
		}
	}
}
*HELPEROBJECT {
	*NODE_NAME "Bip01 Footsteps"
	*NODE_PARENT "Bip01"
	*NODE_TM {
		*NODE_NAME "Bip01 Footsteps"
		*TM_ROW0 1	0	0
		*TM_ROW1 0	1	0
		*TM_ROW2 0	0	1
		*TM_ROW3 100.2	8.30836	-2.38553
		*TM_POS 100.2	8.30836	-2.38553
		*TM_ROTAXIS 0	0	0
		*TM_ROTANGLE 0
		*TM_SCALE 1	1	1
		*TM_SCALEAXIS 0	0	0
		*TM_SCALEAXISANG 0	0	0
	}
}
*HELPEROBJECT {
	*NODE_NAME "Bip01 Pelvis"
	*NODE_PARENT "Bip01"
	*NODE_TM {
		*NODE_NAME "Bip01 Pelvis"
		*TM_ROW0 0.0317337	-0.0277091	0.999112
		*TM_ROW1 -0.836418	-0.547974	0.0113689
		*TM_ROW2 0.547172	-0.836037	-0.0405656
		*TM_ROW3 102.548	8.78044	93.7352
		*TM_POS 102.548	8.78044	93.7352
		*TM_ROTAXIS -0.674938	0.35996	-0.644118
		*TM_ROTANGLE 2.46291
		*TM_SCALE 1	1	1
		*TM_SCALEAXIS 0	0	0
		*TM_SCALEAXISANG 0	0	0
	}
	*TM_ANIMATION {
		*NODE_NAME "Bip01 Pelvis"
		*CONTROL_POS_TRACK {
			*CONTROL_POS_SAMPLE 192	2.29814	8.78044	93.7352
			*CONTROL_POS_SAMPLE 384	5.81613	8.78056	93.7494
			*CONTROL_POS_SAMPLE 576	9.33407	8.78065	93.7635
			*CONTROL_POS_SAMPLE 768	12.852	8.78073	93.7777
			*CONTROL_POS_SAMPLE 960	16.3699	8.78078	93.7918
			*CONTROL_POS_SAMPLE 1152	19.8877	8.78082	93.5124
			*CONTROL_POS_SAMPLE 1344	23.4056	8.78085	93.1922
			*CONTROL_POS_SAMPLE 1536	26.9234	8.78087	92.862
			*CONTROL_POS_SAMPLE 1728	30.4412	8.78088	92.552
			*CONTROL_POS_SAMPLE 1920	33.959	8.78089	92.2928
			*CONTROL_POS_SAMPLE 2112	37.4768	8.7809	92.1149
			*CONTROL_POS_SAMPLE 2304	40.9946	8.7809	92.0487
			*CONTROL_POS_SAMPLE 2496	45.045	8.7809	92.1145
			*CONTROL_POS_SAMPLE 2688	49.0954	8.7809	92.292
			*CONTROL_POS_SAMPLE 2880	53.1458	8.7809	92.5508
			*CONTROL_POS_SAMPLE 3072	57.1962	8.7809	92.8603
			*CONTROL_POS_SAMPLE 3264	61.2466	8.78089	93.1902
			*CONTROL_POS_SAMPLE 3456	65.297	8.78088	93.5099
			*CONTROL_POS_SAMPLE 3648	69.3474	8.78086	93.7889
			*CONTROL_POS_SAMPLE 3840	73.3977	8.78082	93.7813
			*CONTROL_POS_SAMPLE 4032	77.4481	8.78078	93.7736
			*CONTROL_POS_SAMPLE 4224	81.4984	8.78073	93.7659
			*CONTROL_POS_SAMPLE 4416	86.7608	8.78066	93.7582
			*CONTROL_POS_SAMPLE 4608	92.0233	8.78059	93.7506
			*CONTROL_POS_SAMPLE 4800	97.2857	8.78051	93.7429
			*CONTROL_POS_SAMPLE 4992	102.548	8.78044	93.7352
		}
		*CONTROL_ROT_TRACK {
			*CONTROL_ROT_SAMPLE 192	-0.674938	0.35996	-0.644118	2.46291
			*CONTROL_ROT_SAMPLE 384	-0.673955	0.361054	-0.644534	2.46552
			*CONTROL_ROT_SAMPLE 576	-0.67305	0.362059	-0.644916	2.46793
			*CONTROL_ROT_SAMPLE 768	-0.672223	0.362975	-0.645263	2.47012
			*CONTROL_ROT_SAMPLE 960	-0.671475	0.363803	-0.645576	2.47211
			*CONTROL_ROT_SAMPLE 1152	-0.670805	0.364543	-0.645856	2.47389
			*CONTROL_ROT_SAMPLE 1344	-0.670213	0.365195	-0.646101	2.47546
			*CONTROL_ROT_SAMPLE 1536	-0.6697	0.36576	-0.646313	2.47682
			*CONTROL_ROT_SAMPLE 1728	-0.669266	0.366237	-0.646493	2.47797
			*CONTROL_ROT_SAMPLE 1920	-0.668911	0.366628	-0.646639	2.47892
			*CONTROL_ROT_SAMPLE 2112	-0.668635	0.366931	-0.646753	2.47965
			*CONTROL_ROT_SAMPLE 2304	-0.668437	0.367148	-0.646834	2.48017
			*CONTROL_ROT_SAMPLE 2496	-0.668319	0.367278	-0.646882	2.48049
			*CONTROL_ROT_SAMPLE 2688	-0.668279	0.367321	-0.646899	2.48059
			*CONTROL_ROT_SAMPLE 2880	-0.668368	0.367224	-0.646862	2.48036
			*CONTROL_ROT_SAMPLE 3072	-0.668619	0.366948	-0.646759	2.47969
			*CONTROL_ROT_SAMPLE 3264	-0.669009	0.36652	-0.646599	2.47866
			*CONTROL_ROT_SAMPLE 3456	-0.669515	0.365964	-0.64639	2.47731
			*CONTROL_ROT_SAMPLE 3648	-0.670113	0.365306	-0.646143	2.47573
			*CONTROL_ROT_SAMPLE 3840	-0.67078	0.36457	-0.645866	2.47396
			*CONTROL_ROT_SAMPLE 4032	-0.671493	0.363783	-0.645569	2.47206
			*CONTROL_ROT_SAMPLE 4224	-0.672229	0.362969	-0.645261	2.47011
			*CONTROL_ROT_SAMPLE 4416	-0.672965	0.362154	-0.644952	2.46816
			*CONTROL_ROT_SAMPLE 4608	-0.673677	0.361363	-0.644652	2.46626
			*CONTROL_ROT_SAMPLE 4800	-0.674342	0.360623	-0.644371	2.4645
			*CONTROL_ROT_SAMPLE 4992	-0.674938	0.35996	-0.644118	2.46291
		}
	}
}
*HELPEROBJECT {
	*NODE_NAME "Bip01 Spine"
	*NODE_PARENT "Bip01 Pelvis"
	*NODE_TM {
		*NODE_NAME "Bip01 Spine"
		*TM_ROW0 -0.0267009	-0.065869	0.997471
		*TM_ROW1 -0.836597	-0.544701	-0.0583644
		*TM_ROW2 0.547168	-0.836039	-0.0405617
		*TM_ROW3 102.699	8.76274	96.1329
		*TM_POS 102.699	8.76274	96.1329
		*TM_ROTAXIS -0.656887	0.380362	-0.651018
		*TM_ROTANGLE 2.50813
		*TM_SCALE 1	1	1
		*TM_SCALEAXIS 0	0	0
		*TM_SCALEAXISANG 0	0	0
	}
}
*HELPEROBJECT {
	*NODE_NAME "Bip01 Spine1"
	*NODE_PARENT "Bip01 Spine"
	*NODE_TM {
		*NODE_NAME "Bip01 Spine1"
		*TM_ROW0 -0.039078	-0.0785962	0.99614
		*TM_ROW1 -0.938651	-0.338959	-0.0635668
		*TM_ROW2 0.342647	-0.937512	-0.0605285
		*TM_ROW3 102.446	8.11889	105.936
		*TM_POS 102.446	8.11889	105.936
		*TM_ROTAXIS -0.628994	0.47033	-0.618996
		*TM_ROTANGLE 2.37357
		*TM_SCALE 1	1	1
		*TM_SCALEAXIS 0	0	0
		*TM_SCALEAXISANG 0	0	0
	}
}
*HELPEROBJECT {
	*NODE_NAME "Bip01 Spine2"
	*NODE_PARENT "Bip01 Spine1"
	*NODE_TM {
		*NODE_NAME "Bip01 Spine2"
		*TM_ROW0 -0.130741	0.0235049	0.991138
		*TM_ROW1 -0.984898	-0.117536	-0.12713
		*TM_ROW2 0.113506	-0.99279	0.0385166
		*TM_ROW3 101.97	7.11646	118.679
		*TM_POS 101.97	7.11646	118.679
		*TM_ROTAXIS -0.54354	0.551057	-0.633167
		*TM_ROTANGLE 2.22041
		*TM_SCALE 1	1	1
		*TM_SCALEAXIS 0	0	0
		*TM_SCALEAXISANG 0	0	0
	}
}
*HELPEROBJECT {
	*NODE_NAME "Bip01 Neck"
	*NODE_PARENT "Bip01 Spine2"
	*NODE_TM {
		*NODE_NAME "Bip01 Neck"
		*TM_ROW0 -0.418375	-0.324523	0.84832
		*TM_ROW1 -0.131855	-0.902396	-0.410238
		*TM_ROW2 0.898653	-0.283489	0.33475
		*TM_ROW3 98.0503	7.82615	148.4
		*TM_POS 98.0503	7.82615	148.4
		*TM_ROTAXIS -0.536959	0.213228	-0.816216
		*TM_ROTANGLE 3.25989
		*TM_SCALE 1	1	1
		*TM_SCALEAXIS 0	0	0
		*TM_SCALEAXISANG 0	0	0
	}
}
*HELPEROBJECT {
	*NODE_NAME "Bip01 Head"
	*NODE_PARENT "Bip01 Neck"
	*NODE_TM {
		*NODE_NAME "Bip01 Head"
		*TM_ROW0 -0.478393	0.0242117	0.877812
		*TM_ROW1 0.329045	-0.92185	0.20475
		*TM_ROW2 0.814168	0.386791	0.43304
		*TM_ROW3 95.1889	5.60666	154.202
		*TM_POS 95.1889	5.60666	154.202
		*TM_ROTAXIS -0.504671	-0.17644	-0.84509
		*TM_ROTANGLE 3.32294
		*TM_SCALE 1	1	1
		*TM_SCALEAXIS 0	0	0
		*TM_SCALEAXISANG 0	0	0
	}
}
*HELPEROBJECT {
	*NODE_NAME "zs_Helmet"
	*NODE_PARENT "Bip01 Head"
	*NODE_TM {
		*NODE_NAME "zs_Helmet"
		*TM_ROW0 0.814168	0.386792	0.43304
		*TM_ROW1 -0.290497	0.917108	-0.272991
		*TM_ROW2 -0.502735	0.0964637	0.859042
		*TM_ROW3 -15.8321	-54.0937	416.26
		*TM_POS -15.8321	-54.0937	416.26
		*TM_ROTAXIS 0.304629	0.77158	-0.558449
		*TM_ROTANGLE 0.651527
		*TM_SCALE 1	1	1
		*TM_SCALEAXIS 0	0	0
		*TM_SCALEAXISANG 0	0	0
	}
}
*HELPEROBJECT {
	*NODE_NAME "Bip01 L Clavicle"
	*NODE_PARENT "Bip01 Neck"
	*NODE_TM {
		*NODE_NAME "Bip01 L Clavicle"
		*TM_ROW0 0.343247	-0.887333	0.307932
		*TM_ROW1 0.913452	0.391675	0.110434
		*TM_ROW2 -0.2186	0.243375	0.944977
		*TM_ROW3 102.09	0.0790369	143.699
		*TM_POS 102.09	0.0790369	143.699
		*TM_ROTAXIS 0.0706802	0.279938	0.957413
		*TM_ROTANGLE 1.22393
		*TM_SCALE 1	1	1
		*TM_SCALEAXIS 0	0	0
		*TM_SCALEAXISANG 0	0	0
	}
}
*HELPEROBJECT {
	*NODE_NAME "Bip01 L UpperArm"
	*NODE_PARENT "Bip01 L Clavicle"
	*NODE_TM {
		*NODE_NAME "Bip01 L UpperArm"
		*TM_ROW0 0.105933	-0.994218	0.0175471
		*TM_ROW1 0.979278	0.101245	-0.175398
		*TM_ROW2 0.172607	0.0357638	0.984341
		*TM_ROW3 106.664	-11.7456	147.803
		*TM_POS 106.664	-11.7456	147.803
		*TM_ROTAXIS 0.106068	-0.077888	0.991304
		*TM_ROTANGLE 1.47489
		*TM_SCALE 1	1	1
		*TM_SCALEAXIS 0	0	0
		*TM_SCALEAXISANG 0	0	0
	}
}
*HELPEROBJECT {
	*NODE_NAME "Bip01 L Forearm"
	*NODE_PARENT "Bip01 L UpperArm"
	*NODE_TM {
		*NODE_NAME "Bip01 L Forearm"
		*TM_ROW0 0.0537749	-0.998192	0.0268375
		*TM_ROW1 0.983522	0.0483005	-0.174218
		*TM_ROW2 0.172607	0.0357638	0.984341
		*TM_ROW3 109.62	-39.4904	148.292
		*TM_POS 109.62	-39.4904	148.292
		*TM_ROTAXIS 0.105089	-0.072953	0.991783
		*TM_ROTANGLE 1.52757
		*TM_SCALE 1	1	1
		*TM_SCALEAXIS 0	0	0
		*TM_SCALEAXISANG 0	0	0
	}
}
*HELPEROBJECT {
	*NODE_NAME "Bip01 L Hand"
	*NODE_PARENT "Bip01 L Forearm"
	*NODE_TM {
		*NODE_NAME "Bip01 L Hand"
		*TM_ROW0 0.299205	-0.932532	0.202137
		*TM_ROW1 -0.893023	-0.348296	-0.284957
		*TM_ROW2 0.336135	-0.0952527	-0.936984
		*TM_ROW3 111.116	-67.2565	149.039
		*TM_POS 111.116	-67.2565	149.039
		*TM_ROTAXIS -0.80522	0.568768	-0.167704
		*TM_ROTANGLE 3.25966
		*TM_SCALE 1	1	1
		*TM_SCALEAXIS 0	0	0
		*TM_SCALEAXISANG 0	0	0
	}
}
*HELPEROBJECT {
	*NODE_NAME "Bip01 L Finger0"
	*NODE_PARENT "Bip01 L Hand"
	*NODE_TM {
		*NODE_NAME "Bip01 L Finger0"
		*TM_ROW0 0.299204	-0.932533	0.202136
		*TM_ROW1 -0.893279	-0.348222	-0.284242
		*TM_ROW2 0.335453	-0.0955175	-0.937202
		*TM_ROW3 114.967	-79.258	151.64
		*TM_POS 114.967	-79.258	151.64
		*TM_ROTAXIS -0.805227	0.568822	-0.167483
		*TM_ROTANGLE 3.25905
		*TM_SCALE 1	1	1
		*TM_SCALEAXIS 0	0	0
		*TM_SCALEAXISANG 0	0	0
	}
}
*HELPEROBJECT {
	*NODE_NAME "zs_LeftHand"
	*NODE_PARENT "Bip01 L Hand"
	*NODE_TM {
		*NODE_NAME "zs_LeftHand"
		*TM_ROW0 0.264702	-0.00447173	-0.96432
		*TM_ROW1 0.416183	-0.901537	0.118421
		*TM_ROW2 -0.869899	-0.43268	-0.236778
		*TM_ROW3 87.5781	-199.114	95.8644
		*TM_POS 87.5781	-199.114	95.8644
		*TM_ROTAXIS -0.787627	-0.134945	0.601194
		*TM_ROTANGLE 2.78418
		*TM_SCALE 1	1	1
		*TM_SCALEAXIS 0	0	0
		*TM_SCALEAXISANG 0	0	0
	}
}
*HELPEROBJECT {
	*NODE_NAME "zs_LeftArm"
	*NODE_PARENT "Bip01 L Forearm"
	*NODE_TM {
		*NODE_NAME "zs_LeftArm"
		*TM_ROW0 0.185219	-0.981907	-0.0394105
		*TM_ROW1 0.975804	0.188513	-0.110764
		*TM_ROW2 0.116189	-0.0179414	0.993065
		*TM_ROW3 -40.4186	-307.943	234.654
		*TM_POS -40.4186	-307.943	234.654
		*TM_ROTAXIS 0.0472119	-0.0791421	0.995745
		*TM_ROTANGLE 1.38635
		*TM_SCALE 1	1	1
		*TM_SCALEAXIS 0	0	0
		*TM_SCALEAXISANG 0	0	0
	}
}
*HELPEROBJECT {
	*NODE_NAME "Bip01 R Clavicle"
	*NODE_PARENT "Bip01 Neck"
	*NODE_TM {
		*NODE_NAME "Bip01 R Clavicle"
		*TM_ROW0 -0.73824	0.59506	-0.317654
		*TM_ROW1 0.61029	0.78981	0.0612091
		*TM_ROW2 0.28731	-0.148674	-0.946229
		*TM_ROW3 100.282	15.8922	143.086
		*TM_POS 100.282	15.8922	143.086
		*TM_ROTAXIS -0.327677	-0.94449	0.0237776
		*TM_ROTANGLE 2.81559
		*TM_SCALE 1	1	1
		*TM_SCALEAXIS 0	0	0
		*TM_SCALEAXISANG 0	0	0
	}
}
*HELPEROBJECT {
	*NODE_NAME "Bip01 R UpperArm"
	*NODE_PARENT "Bip01 R Clavicle"
	*NODE_TM {
		*NODE_NAME "Bip01 R UpperArm"
		*TM_ROW0 -0.616576	-0.786162	-0.042222
		*TM_ROW1 -0.545953	0.465591	-0.696534
		*TM_ROW2 0.567247	-0.406415	-0.71628
		*TM_ROW3 90.444	23.822	138.853
		*TM_POS 90.444	23.822	138.853
		*TM_ROTAXIS 0.404931	-0.850661	0.33527
		*TM_ROTANGLE 2.77522
		*TM_SCALE 1	1	1
		*TM_SCALEAXIS 0	0	0
		*TM_SCALEAXISANG 0	0	0
	}
}
*HELPEROBJECT {
	*NODE_NAME "Bip01 R Forearm"
	*NODE_PARENT "Bip01 R UpperArm"
	*NODE_TM {
		*NODE_NAME "Bip01 R Forearm"
		*TM_ROW0 0.61614	-0.367669	0.696557
		*TM_ROW1 -0.546445	-0.836449	0.0418496
		*TM_ROW2 0.567247	-0.406415	-0.71628
		*TM_ROW3 73.2376	1.88313	137.674
		*TM_POS 73.2376	1.88313	137.674
		*TM_ROTAXIS -0.897206	0.258814	-0.357822
		*TM_ROTANGLE 2.88911
		*TM_SCALE 1	1	1
		*TM_SCALEAXIS 0	0	0
		*TM_SCALEAXISANG 0	0	0
	}
}
*HELPEROBJECT {
	*NODE_NAME "Bip01 R Hand"
	*NODE_PARENT "Bip01 R Forearm"
	*NODE_TM {
		*NODE_NAME "Bip01 R Hand"
		*TM_ROW0 0.42203	-0.900574	0.104197
		*TM_ROW1 0.0508362	-0.0912448	-0.99453
		*TM_ROW2 0.905155	0.425018	0.00727376
		*TM_ROW3 90.3764	-8.34406	157.05
		*TM_POS 90.3764	-8.34406	157.05
		*TM_ROTAXIS 0.752165	-0.424398	0.504117
		*TM_ROTANGLE 1.90813
		*TM_SCALE 1	1	1
		*TM_SCALEAXIS 0	0	0
		*TM_SCALEAXISANG 0	0	0
	}
}
*HELPEROBJECT {
	*NODE_NAME "Bip01 R Finger0"
	*NODE_PARENT "Bip01 R Hand"
	*NODE_TM {
		*NODE_NAME "Bip01 R Finger0"
		*TM_ROW0 0.422028	-0.900575	0.104198
		*TM_ROW1 0.0515297	-0.0909203	-0.994524
		*TM_ROW2 0.905117	0.425087	0.00803543
		*TM_ROW3 95.8079	-19.9343	158.391
		*TM_POS 95.8079	-19.9343	158.391
		*TM_ROTAXIS 0.752047	-0.424291	0.504383
		*TM_ROTANGLE 1.90755
		*TM_SCALE 1	1	1
		*TM_SCALEAXIS 0	0	0
		*TM_SCALEAXISANG 0	0	0
	}
}
*HELPEROBJECT {
	*NODE_NAME "zs_RightHand"
	*NODE_PARENT "Bip01 R Hand"
	*NODE_TM {
		*NODE_NAME "zs_RightHand"
		*TM_ROW0 -0.373524	0.922474	-0.0975807
		*TM_ROW1 -0.797796	-0.265793	0.541179
		*TM_ROW2 0.473287	0.279993	0.835226
		*TM_ROW3 291.452	-461.379	212.55
		*TM_POS 291.452	-461.379	212.55
		*TM_ROTAXIS -0.142628	-0.311739	-0.939402
		*TM_ROTANGLE 1.98455
		*TM_SCALE 1	1	1
		*TM_SCALEAXIS 0	0	0
		*TM_SCALEAXISANG 0	0	0
	}
}
*HELPEROBJECT {
	*NODE_NAME "zs_Crossbow"
	*NODE_PARENT "Bip01 Spine2"
	*NODE_TM {
		*NODE_NAME "zs_Crossbow"
		*TM_ROW0 -0.429544	0.368344	0.824509
		*TM_ROW1 0.0550698	0.922016	-0.383215
		*TM_ROW2 -0.901365	-0.119202	-0.416331
		*TM_ROW3 173.942	398.288	1441.55
		*TM_POS 173.942	398.288	1441.55
		*TM_ROTAXIS 0.148837	0.972963	-0.176609
		*TM_ROTANGLE 2.05097
		*TM_SCALE 1	1	1
		*TM_SCALEAXIS 0	0	0
		*TM_SCALEAXISANG 0	0	0
	}
}
*HELPEROBJECT {
	*NODE_NAME "zs_Longsword"
	*NODE_PARENT "Bip01 Spine2"
	*NODE_TM {
		*NODE_NAME "zs_Longsword"
		*TM_ROW0 -0.406874	0.486926	0.772888
		*TM_ROW1 0.131122	0.868458	-0.478109
		*TM_ROW2 -0.904025	-0.0931876	-0.4172
		*TM_ROW3 145.489	470.008	1167.94
		*TM_POS 145.489	470.008	1167.94
		*TM_ROTAXIS 0.219088	0.954457	-0.202515
		*TM_ROTANGLE 2.06895
		*TM_SCALE 1	1	1
		*TM_SCALEAXIS 0	0	0
		*TM_SCALEAXISANG 0	0	0
	}
}
*HELPEROBJECT {
	*NODE_NAME "zs_Shield"
	*NODE_PARENT "Bip01 Spine2"
	*NODE_TM {
		*NODE_NAME "zs_Shield"
		*TM_ROW0 0.410452	0.0255317	-0.911525
		*TM_ROW1 0.269533	0.951547	0.148021
		*TM_ROW2 0.871138	-0.306442	0.383683
		*TM_ROW3 496.24	-135.319	476.069
		*TM_POS 496.24	-135.319	476.069
		*TM_ROTAXIS -0.244889	-0.960595	0.131481
		*TM_ROTANGLE 1.18873
		*TM_SCALE 1	1	1
		*TM_SCALEAXIS 0	0	0
		*TM_SCALEAXISANG 0	0	0
	}
}
*HELPEROBJECT {
	*NODE_NAME "zs_Bow"
	*NODE_PARENT "Bip01 Spine2"
	*NODE_TM {
		*NODE_NAME "zs_Bow"
		*TM_ROW0 -0.178195	0.275038	0.944775
		*TM_ROW1 0.95218	0.290375	0.0950589
		*TM_ROW2 -0.248194	0.916535	-0.313629
		*TM_ROW3 614.517	145.7	163.746
		*TM_POS 614.517	145.7	163.746
		*TM_ROTAXIS -0.513772	-0.746113	-0.423501
		*TM_ROTANGLE 4.06798
		*TM_SCALE 1	1	1
		*TM_SCALEAXIS 0	0	0
		*TM_SCALEAXISANG 0	0	0
	}
}
*HELPEROBJECT {
	*NODE_NAME "zs_Sword"
	*NODE_PARENT "Bip01 Spine"
	*NODE_TM {
		*NODE_NAME "zs_Sword"
		*TM_ROW0 -0.29945	-0.240773	0.923232
		*TM_ROW1 0.781628	0.493013	0.382095
		*TM_ROW2 -0.547164	0.836042	0.0405626
		*TM_ROW3 334.997	-215.586	126.381
		*TM_POS 334.997	-215.586	126.381
		*TM_ROTAXIS 0.245702	0.795863	0.553382
		*TM_ROTANGLE 1.96377
		*TM_SCALE 1	1	1
		*TM_SCALEAXIS 0	0	0
		*TM_SCALEAXISANG 0	0	0
	}
}
*HELPEROBJECT {
	*NODE_NAME "Bip01 L Thigh"
	*NODE_PARENT "Bip01 Pelvis"
	*NODE_TM {
		*NODE_NAME "Bip01 L Thigh"
		*TM_ROW0 0.0420484	-0.367078	-0.929239
		*TM_ROW1 -0.0146697	-0.930189	0.366789
		*TM_ROW2 -0.999008	-0.00179122	-0.0444979
		*TM_ROW3 107.478	1.24755	93.3697
		*TM_POS 107.478	1.24755	93.3697
		*TM_ROTAXIS -0.716114	0.135553	0.684694
		*TM_ROTANGLE 2.88132
		*TM_SCALE 1	1	1
		*TM_SCALEAXIS 0	0	0
		*TM_SCALEAXISANG 0	0	0
	}
	*TM_ANIMATION {
		*NODE_NAME "Bip01 L Thigh"
		*CONTROL_POS_TRACK {
			*CONTROL_POS_SAMPLE 192	7.22827	1.24755	93.3697
			*CONTROL_POS_SAMPLE 384	10.7474	1.24845	93.3838
			*CONTROL_POS_SAMPLE 576	14.2665	1.24927	93.398
			*CONTROL_POS_SAMPLE 768	17.7854	1.25	93.4121
			*CONTROL_POS_SAMPLE 960	21.3042	1.25064	93.4263
			*CONTROL_POS_SAMPLE 1152	24.8228	1.25121	93.1468
			*CONTROL_POS_SAMPLE 1344	28.3414	1.25171	92.8267
			*CONTROL_POS_SAMPLE 1536	31.8598	1.25213	92.4965
			*CONTROL_POS_SAMPLE 1728	35.3782	1.25249	92.1865
			*CONTROL_POS_SAMPLE 1920	38.8964	1.25278	91.9273
			*CONTROL_POS_SAMPLE 2112	42.4145	1.253	91.7494
			*CONTROL_POS_SAMPLE 2304	45.9326	1.25316	91.6832
			*CONTROL_POS_SAMPLE 2496	49.9831	1.25325	91.749
			*CONTROL_POS_SAMPLE 2688	54.0336	1.25329	91.9265
			*CONTROL_POS_SAMPLE 2880	58.0839	1.25321	92.1853
			*CONTROL_POS_SAMPLE 3072	62.134	1.25301	92.4948
			*CONTROL_POS_SAMPLE 3264	66.1839	1.2527	92.8247
			*CONTROL_POS_SAMPLE 3456	70.2337	1.25229	93.1443
			*CONTROL_POS_SAMPLE 3648	74.2833	1.25179	93.4234
			*CONTROL_POS_SAMPLE 3840	78.3329	1.25123	93.4157
			*CONTROL_POS_SAMPLE 4032	82.3823	1.25063	93.408
			*CONTROL_POS_SAMPLE 4224	86.4318	1.24999	93.4004
			*CONTROL_POS_SAMPLE 4416	91.6933	1.24934	93.3927
			*CONTROL_POS_SAMPLE 4608	96.9549	1.24871	93.385
			*CONTROL_POS_SAMPLE 4800	102.217	1.2481	93.3773
			*CONTROL_POS_SAMPLE 4992	107.478	1.24755	93.3697
		}
		*CONTROL_ROT_TRACK {
			*CONTROL_ROT_SAMPLE 192	-0.723946	0.182018	0.665411	3.0002
			*CONTROL_ROT_SAMPLE 384	-0.724608	0.141174	0.674547	2.91248
			*CONTROL_ROT_SAMPLE 576	-0.715758	0.125766	0.68693	2.87763
			*CONTROL_ROT_SAMPLE 768	-0.701604	0.125073	0.701505	2.87385
			*CONTROL_ROT_SAMPLE 960	0.685727	-0.127748	-0.716561	3.40174
			*CONTROL_ROT_SAMPLE 1152	0.671383	-0.125946	-0.73033	3.40865
			*CONTROL_ROT_SAMPLE 1344	0.657013	-0.122165	-0.743915	3.41382
			*CONTROL_ROT_SAMPLE 1536	0.641587	-0.121389	-0.757384	3.40955
			*CONTROL_ROT_SAMPLE 1728	0.628737	-0.117587	-0.768676	3.40628
			*CONTROL_ROT_SAMPLE 1920	0.603985	-0.101924	-0.790451	3.36376
			*CONTROL_ROT_SAMPLE 2112	0.59119	-0.10445	-0.79974	3.35183
			*CONTROL_ROT_SAMPLE 2304	0.59842	-0.145492	-0.787862	3.41611
			*CONTROL_ROT_SAMPLE 2496	0.60686	-0.185382	-0.772887	3.46984
			*CONTROL_ROT_SAMPLE 2688	0.619124	-0.221539	-0.753397	3.51042
			*CONTROL_ROT_SAMPLE 2880	0.635337	-0.250712	-0.730404	3.5346
			*CONTROL_ROT_SAMPLE 3072	0.654723	-0.270463	-0.705824	3.54049
			*CONTROL_ROT_SAMPLE 3264	0.675453	-0.27886	-0.682642	3.52665
			*CONTROL_ROT_SAMPLE 3456	-0.698422	0.273583	0.661331	2.79614
			*CONTROL_ROT_SAMPLE 3648	-0.723433	0.254911	0.641611	2.86243
			*CONTROL_ROT_SAMPLE 3840	-0.747389	0.226947	0.624424	2.94589
			*CONTROL_ROT_SAMPLE 4032	-0.769643	0.187691	0.610263	3.04483
			*CONTROL_ROT_SAMPLE 4224	-0.789714	0.135756	0.598266	3.15346
			*CONTROL_ROT_SAMPLE 4416	-0.769362	0.145338	0.62206	3.09186
			*CONTROL_ROT_SAMPLE 4608	-0.750723	0.149991	0.643364	3.01025
			*CONTROL_ROT_SAMPLE 4800	-0.73323	0.146288	0.664058	2.93986
			*CONTROL_ROT_SAMPLE 4992	-0.716114	0.135553	0.684694	2.88132
		}
	}
}
*HELPEROBJECT {
	*NODE_NAME "Bip01 L Calf"
	*NODE_PARENT "Bip01 L Thigh"
	*NODE_TM {
		*NODE_NAME "Bip01 L Calf"
		*TM_ROW0 0.0414197	0.32971	-0.943173
		*TM_ROW1 0.0163608	-0.944081	-0.329308
		*TM_ROW2 -0.999008	-0.00179122	-0.0444979
		*TM_ROW3 109.133	-13.1951	56.8089
		*TM_POS 109.133	-13.1951	56.8089
		*TM_ROTAXIS -0.717143	-0.122257	0.686119
		*TM_ROTANGLE 3.37197
		*TM_SCALE 1	1	1
		*TM_SCALEAXIS 0	0	0
		*TM_SCALEAXISANG 0	0	0
	}
	*TM_ANIMATION {
		*NODE_NAME "Bip01 L Calf"
		*CONTROL_POS_TRACK {
			*CONTROL_POS_SAMPLE 192	9.31136	-12.7591	56.6615
			*CONTROL_POS_SAMPLE 384	13.2074	-12.7235	56.6858
			*CONTROL_POS_SAMPLE 576	15.8997	-12.7631	56.6692
			*CONTROL_POS_SAMPLE 768	17.8872	-12.8339	56.6746
			*CONTROL_POS_SAMPLE 960	19.6622	-12.7786	56.7044
			*CONTROL_POS_SAMPLE 1152	21.7139	-12.8678	56.5544
			*CONTROL_POS_SAMPLE 1344	23.7877	-12.8178	56.3668
			*CONTROL_POS_SAMPLE 1536	25.7324	-12.6566	56.2057
			*CONTROL_POS_SAMPLE 1728	27.9688	-12.3757	56.0287
			*CONTROL_POS_SAMPLE 1920	28.8717	-10.3846	55.7045
			*CONTROL_POS_SAMPLE 2112	31.1358	-10.1192	55.8123
			*CONTROL_POS_SAMPLE 2304	35.7126	-13.8727	56.8295
			*CONTROL_POS_SAMPLE 2496	40.9451	-17.1666	58.1776
			*CONTROL_POS_SAMPLE 2688	46.4833	-19.8635	59.5986
			*CONTROL_POS_SAMPLE 2880	52.2912	-21.8088	60.8388
			*CONTROL_POS_SAMPLE 3072	58.2853	-22.9204	61.6914
			*CONTROL_POS_SAMPLE 3264	64.3067	-23.1148	61.991
			*CONTROL_POS_SAMPLE 3456	70.4637	-22.1502	61.517
			*CONTROL_POS_SAMPLE 3648	76.8472	-19.9346	60.3692
			*CONTROL_POS_SAMPLE 3840	83.2748	-16.7458	58.7791
			*CONTROL_POS_SAMPLE 4032	89.7244	-12.4097	57.2486
			*CONTROL_POS_SAMPLE 4224	96.1627	-6.90646	56.1606
			*CONTROL_POS_SAMPLE 4416	98.9461	-8.76071	56.0402
			*CONTROL_POS_SAMPLE 4608	102.106	-10.8888	56.3154
			*CONTROL_POS_SAMPLE 4800	105.546	-12.3419	56.6045
			*CONTROL_POS_SAMPLE 4992	109.133	-13.1951	56.8089
		}
		*CONTROL_ROT_TRACK {
			*CONTROL_ROT_SAMPLE 192	-0.7504	-0.0719917	0.657051	3.45494
			*CONTROL_ROT_SAMPLE 384	-0.730283	-0.109204	0.67436	3.3747
			*CONTROL_ROT_SAMPLE 576	-0.714094	-0.121797	0.689373	3.35197
			*CONTROL_ROT_SAMPLE 768	0.700523	0.118854	-0.703663	2.92285
			*CONTROL_ROT_SAMPLE 960	0.687653	0.10988	-0.717676	2.90799
			*CONTROL_ROT_SAMPLE 1152	0.673249	0.108199	-0.731457	2.90232
			*CONTROL_ROT_SAMPLE 1344	0.658462	0.106096	-0.745098	2.89996
			*CONTROL_ROT_SAMPLE 1536	0.644585	0.099021	-0.758093	2.89306
			*CONTROL_ROT_SAMPLE 1728	0.632026	0.0939822	-0.769228	2.89299
			*CONTROL_ROT_SAMPLE 1920	0.608544	0.0715515	-0.790288	2.91335
			*CONTROL_ROT_SAMPLE 2112	0.597996	0.0616248	-0.799126	2.90701
			*CONTROL_ROT_SAMPLE 2304	0.612167	0.0799891	-0.786672	2.8335
			*CONTROL_ROT_SAMPLE 2496	0.629455	0.0982834	-0.770796	2.76829
			*CONTROL_ROT_SAMPLE 2688	0.650716	0.117459	-0.750181	2.71743
			*CONTROL_ROT_SAMPLE 2880	0.674023	0.136213	-0.726044	2.68583
			*CONTROL_ROT_SAMPLE 3072	0.697355	0.151905	-0.700444	2.67464
			*CONTROL_ROT_SAMPLE 3264	-0.718906	-0.160675	0.676282	3.60151
			*CONTROL_ROT_SAMPLE 3456	-0.740036	-0.158293	0.653674	3.57676
			*CONTROL_ROT_SAMPLE 3648	-0.761583	-0.142495	0.632208	3.53877
			*CONTROL_ROT_SAMPLE 3840	-0.781384	-0.114986	0.613365	3.49718
			*CONTROL_ROT_SAMPLE 4032	-0.797247	-0.0751529	0.598957	3.45012
			*CONTROL_ROT_SAMPLE 4224	-0.807274	-0.0250971	0.589643	3.39315
			*CONTROL_ROT_SAMPLE 4416	-0.787759	-0.0465126	0.614226	3.39655
			*CONTROL_ROT_SAMPLE 4608	-0.766128	-0.0767928	0.638083	3.39263
			*CONTROL_ROT_SAMPLE 4800	-0.742429	-0.101878	0.662133	3.38417
			*CONTROL_ROT_SAMPLE 4992	-0.717143	-0.122257	0.686119	3.37197
		}
	}
}
*HELPEROBJECT {
	*NODE_NAME "Bip01 L Foot"
	*NODE_PARENT "Bip01 L Calf"
	*NODE_TM {
		*NODE_NAME "Bip01 L Foot"
		*TM_ROW0 0.000337568	-0.000159174	-1
		*TM_ROW1 -0.108085	-0.994142	0.000121754
		*TM_ROW2 -0.994142	0.108085	-0.000352795
		*TM_ROW3 111.166	2.99292	10.5013
		*TM_POS 111.166	2.99292	10.5013
		*TM_ROTAXIS -0.706709	0.0383477	0.706464
		*TM_ROTANGLE 3.21805
		*TM_SCALE 1	1	1
		*TM_SCALEAXIS 0	0	0
		*TM_SCALEAXISANG 0	0	0
	}
	*TM_ANIMATION {
		*NODE_NAME "Bip01 L Foot"
		*CONTROL_POS_TRACK {
			*CONTROL_POS_SAMPLE 192	16.5521	2.36041	10.5144
			*CONTROL_POS_SAMPLE 384	17.0984	2.64984	10.2197
			*CONTROL_POS_SAMPLE 576	17.4054	2.75124	10.1116
			*CONTROL_POS_SAMPLE 768	17.5729	2.74139	10.114
			*CONTROL_POS_SAMPLE 960	17.7009	2.69697	10.1507
			*CONTROL_POS_SAMPLE 1152	17.8893	2.69459	10.1457
			*CONTROL_POS_SAMPLE 1344	18.0728	2.6964	10.1366
			*CONTROL_POS_SAMPLE 1536	18.3157	2.67026	10.1551
			*CONTROL_POS_SAMPLE 1728	19.0023	2.65992	10.158
			*CONTROL_POS_SAMPLE 1920	16.94	2.61513	9.88724
			*CONTROL_POS_SAMPLE 2112	18.0165	2.56946	10.2331
			*CONTROL_POS_SAMPLE 2304	24.8589	2.53459	11.8453
			*CONTROL_POS_SAMPLE 2496	32.7954	2.50069	13.9355
			*CONTROL_POS_SAMPLE 2688	41.4731	2.46792	16.1614
			*CONTROL_POS_SAMPLE 2880	50.5391	2.4363	18.181
			*CONTROL_POS_SAMPLE 3072	59.6404	2.40593	19.6519
			*CONTROL_POS_SAMPLE 3264	68.424	2.37689	20.2321
			*CONTROL_POS_SAMPLE 3456	77.2129	2.34613	19.5056
			*CONTROL_POS_SAMPLE 3648	86.3088	2.31386	17.6367
			*CONTROL_POS_SAMPLE 3840	95.3275	2.28503	15.1541
			*CONTROL_POS_SAMPLE 4032	103.885	2.26462	12.5862
			*CONTROL_POS_SAMPLE 4224	111.596	2.2576	10.4615
			*CONTROL_POS_SAMPLE 4416	111.387	2.38487	9.87115
			*CONTROL_POS_SAMPLE 4608	111.28	2.58002	10.0011
			*CONTROL_POS_SAMPLE 4800	111.219	2.78554	10.2412
			*CONTROL_POS_SAMPLE 4992	111.166	2.99292	10.5013
		}
		*CONTROL_ROT_TRACK {
			*CONTROL_ROT_SAMPLE 192	-0.706709	0.0383477	0.706464	3.21805
			*CONTROL_ROT_SAMPLE 384	-0.706276	0.0523698	0.705997	3.24601
			*CONTROL_ROT_SAMPLE 576	-0.706081	0.057548	0.705789	3.25633
			*CONTROL_ROT_SAMPLE 768	-0.706083	0.057487	0.705792	3.2562
			*CONTROL_ROT_SAMPLE 960	-0.706149	0.0557971	0.705862	3.25284
			*CONTROL_ROT_SAMPLE 1152	-0.706137	0.0560896	0.70585	3.25342
			*CONTROL_ROT_SAMPLE 1344	-0.706119	0.0565772	0.70583	3.25439
			*CONTROL_ROT_SAMPLE 1536	-0.706151	0.0557504	0.705864	3.25275
			*CONTROL_ROT_SAMPLE 1728	-0.706154	0.0556652	0.705867	3.25258
			*CONTROL_ROT_SAMPLE 1920	-0.706219	0.0539323	0.705936	3.24912
			*CONTROL_ROT_SAMPLE 2112	-0.706281	0.0522142	0.706003	3.2457
			*CONTROL_ROT_SAMPLE 2304	-0.70632	0.0511202	0.706044	3.24352
			*CONTROL_ROT_SAMPLE 2496	-0.706355	0.0501177	0.706082	3.24152
			*CONTROL_ROT_SAMPLE 2688	-0.706387	0.0491794	0.706116	3.23965
			*CONTROL_ROT_SAMPLE 2880	-0.706417	0.0482774	0.706148	3.23785
			*CONTROL_ROT_SAMPLE 3072	-0.706446	0.047384	0.706179	3.23607
			*CONTROL_ROT_SAMPLE 3264	-0.706475	0.0464715	0.706211	3.23425
			*CONTROL_ROT_SAMPLE 3456	-0.706504	0.0455516	0.706242	3.23242
			*CONTROL_ROT_SAMPLE 3648	-0.706532	0.044649	0.706272	3.23062
			*CONTROL_ROT_SAMPLE 3840	-0.706558	0.0437565	0.706301	3.22884
			*CONTROL_ROT_SAMPLE 4032	-0.706585	0.0428663	0.706329	3.22707
			*CONTROL_ROT_SAMPLE 4224	-0.70661	0.0419709	0.706357	3.22528
			*CONTROL_ROT_SAMPLE 4416	-0.706636	0.0410688	0.706385	3.22348
			*CONTROL_ROT_SAMPLE 4608	-0.706661	0.0401624	0.706412	3.22167
			*CONTROL_ROT_SAMPLE 4800	-0.706685	0.0392552	0.706438	3.21986
			*CONTROL_ROT_SAMPLE 4992	-0.706709	0.0383477	0.706464	3.21805
		}
	}
}
*HELPEROBJECT {
	*NODE_NAME "Bip01 L Toe0"
	*NODE_PARENT "Bip01 L Foot"
	*NODE_TM {
		*NODE_NAME "Bip01 L Toe0"
		*TM_ROW0 -0.108085	-0.994142	4.63444e-005
		*TM_ROW1 -0.000347825	8.44239e-005	1
		*TM_ROW2 -0.994142	0.108085	-0.000354912
		*TM_ROW3 108.723	-19.5203	-2.12268
		*TM_POS 108.723	-19.5203	-2.12268
		*TM_ROTAXIS 0.53575	-0.597183	-0.596946
		*TM_ROTANGLE 4.12501
		*TM_SCALE 1	1	1
		*TM_SCALEAXIS 0	0	0
		*TM_SCALEAXISANG 0	0	0
	}
	*TM_ANIMATION {
		*NODE_NAME "Bip01 L Toe0"
		*CONTROL_POS_TRACK {
			*CONTROL_POS_SAMPLE 192	14.1089	-20.1528	-2.10955
			*CONTROL_POS_SAMPLE 384	13.7665	-19.7492	-2.40412
			*CONTROL_POS_SAMPLE 576	13.7466	-19.5967	-2.51216
			*CONTROL_POS_SAMPLE 768	13.918	-19.6072	-2.50974
			*CONTROL_POS_SAMPLE 960	14.1526	-19.6688	-2.47299
			*CONTROL_POS_SAMPLE 1152	14.3225	-19.6682	-2.47801
			*CONTROL_POS_SAMPLE 1344	14.4752	-19.6615	-2.48717
			*CONTROL_POS_SAMPLE 1536	14.7703	-19.696	-2.46861
			*CONTROL_POS_SAMPLE 1728	15.4623	-19.7072	-2.46569
			*CONTROL_POS_SAMPLE 1920	13.5094	-19.769	-2.73652
			*CONTROL_POS_SAMPLE 2112	14.6944	-19.831	-2.39072
			*CONTROL_POS_SAMPLE 2304	21.606	-19.876	-0.778458
			*CONTROL_POS_SAMPLE 2496	29.6059	-19.919	1.31169
			*CONTROL_POS_SAMPLE 2688	38.3429	-19.9601	3.53763
			*CONTROL_POS_SAMPLE 2880	47.466	-19.9997	5.55714
			*CONTROL_POS_SAMPLE 3072	56.6238	-20.0377	7.02808
			*CONTROL_POS_SAMPLE 3264	65.4653	-20.0744	7.60826
			*CONTROL_POS_SAMPLE 3456	74.3125	-20.1128	6.8817
			*CONTROL_POS_SAMPLE 3648	83.4656	-20.1523	5.01282
			*CONTROL_POS_SAMPLE 3840	92.5409	-20.1883	2.53019
			*CONTROL_POS_SAMPLE 4032	101.155	-20.2156	-0.0377277
			*CONTROL_POS_SAMPLE 4224	108.923	-20.2294	-2.16238
			*CONTROL_POS_SAMPLE 4416	108.771	-20.1089	-2.75279
			*CONTROL_POS_SAMPLE 4608	108.722	-19.9204	-2.62282
			*CONTROL_POS_SAMPLE 4800	108.718	-19.7213	-2.38276
			*CONTROL_POS_SAMPLE 4992	108.723	-19.5203	-2.12268
		}
		*CONTROL_ROT_TRACK {
			*CONTROL_ROT_SAMPLE 192	0.53575	-0.597183	-0.596946	4.12501
			*CONTROL_ROT_SAMPLE 384	0.520552	-0.603886	-0.603612	4.10122
			*CONTROL_ROT_SAMPLE 576	0.514949	-0.606291	-0.606003	4.09237
			*CONTROL_ROT_SAMPLE 768	0.515015	-0.606263	-0.605975	4.09248
			*CONTROL_ROT_SAMPLE 960	0.516843	-0.605482	-0.605199	4.09537
			*CONTROL_ROT_SAMPLE 1152	0.516526	-0.605617	-0.605333	4.09487
			*CONTROL_ROT_SAMPLE 1344	0.515999	-0.605843	-0.605557	4.09403
			*CONTROL_ROT_SAMPLE 1536	0.516893	-0.60546	-0.605177	4.09545
			*CONTROL_ROT_SAMPLE 1728	0.516986	-0.605421	-0.605138	4.09559
			*CONTROL_ROT_SAMPLE 1920	0.518861	-0.604615	-0.604337	4.09855
			*CONTROL_ROT_SAMPLE 2112	0.520721	-0.603813	-0.603539	4.10149
			*CONTROL_ROT_SAMPLE 2304	0.521906	-0.6033	-0.603029	4.10335
			*CONTROL_ROT_SAMPLE 2496	0.522991	-0.602828	-0.60256	4.10506
			*CONTROL_ROT_SAMPLE 2688	0.524007	-0.602385	-0.60212	4.10666
			*CONTROL_ROT_SAMPLE 2880	0.524985	-0.601958	-0.601695	4.10819
			*CONTROL_ROT_SAMPLE 3072	0.525953	-0.601534	-0.601274	4.10971
			*CONTROL_ROT_SAMPLE 3264	0.526941	-0.6011	-0.600842	4.11126
			*CONTROL_ROT_SAMPLE 3456	0.527938	-0.600662	-0.600406	4.11282
			*CONTROL_ROT_SAMPLE 3648	0.528917	-0.60023	-0.599976	4.11435
			*CONTROL_ROT_SAMPLE 3840	0.529884	-0.599802	-0.599551	4.11587
			*CONTROL_ROT_SAMPLE 4032	0.530849	-0.599373	-0.599125	4.11737
			*CONTROL_ROT_SAMPLE 4224	0.53182	-0.598942	-0.598695	4.11889
			*CONTROL_ROT_SAMPLE 4416	0.532798	-0.598505	-0.598262	4.12042
			*CONTROL_ROT_SAMPLE 4608	0.533781	-0.598066	-0.597825	4.12195
			*CONTROL_ROT_SAMPLE 4800	0.534766	-0.597625	-0.597386	4.12348
			*CONTROL_ROT_SAMPLE 4992	0.53575	-0.597183	-0.596946	4.12501
		}
	}
}
*HELPEROBJECT {
	*NODE_NAME "Bip01 R Thigh"
	*NODE_PARENT "Bip01 Pelvis"
	*NODE_TM {
		*NODE_NAME "Bip01 R Thigh"
		*TM_ROW0 -0.539156	-0.0580929	-0.8402
		*TM_ROW1 -0.706723	-0.511424	0.488864
		*TM_ROW2 -0.458098	0.857363	0.234681
		*TM_ROW3 97.618	16.3133	94.1007
		*TM_POS 97.618	16.3133	94.1007
		*TM_ROTAXIS 0.439651	-0.455882	-0.773873
		*TM_ROTANGLE 2.70916
		*TM_SCALE 1	1	1
		*TM_SCALEAXIS 0	0	0
		*TM_SCALEAXISANG 0	0	0
	}
	*TM_ANIMATION {
		*NODE_NAME "Bip01 R Thigh"
		*CONTROL_POS_TRACK {
			*CONTROL_POS_SAMPLE 192	-2.63198	16.3133	94.1007
			*CONTROL_POS_SAMPLE 384	0.884809	16.3127	94.1149
			*CONTROL_POS_SAMPLE 576	4.40166	16.312	94.1291
			*CONTROL_POS_SAMPLE 768	7.91856	16.3115	94.1432
			*CONTROL_POS_SAMPLE 960	11.4355	16.3109	94.1574
			*CONTROL_POS_SAMPLE 1152	14.9526	16.3104	93.8779
			*CONTROL_POS_SAMPLE 1344	18.4697	16.31	93.5578
			*CONTROL_POS_SAMPLE 1536	21.9869	16.3096	93.2275
			*CONTROL_POS_SAMPLE 1728	25.5042	16.3093	92.9175
			*CONTROL_POS_SAMPLE 1920	29.0216	16.309	92.6584
			*CONTROL_POS_SAMPLE 2112	32.5391	16.3088	92.4804
			*CONTROL_POS_SAMPLE 2304	36.0566	16.3086	92.4142
			*CONTROL_POS_SAMPLE 2496	40.1069	16.3085	92.48
			*CONTROL_POS_SAMPLE 2688	44.1572	16.3085	92.6575
			*CONTROL_POS_SAMPLE 2880	48.2078	16.3086	92.9163
			*CONTROL_POS_SAMPLE 3072	52.2585	16.3088	93.2258
			*CONTROL_POS_SAMPLE 3264	56.3093	16.3091	93.5557
			*CONTROL_POS_SAMPLE 3456	60.3603	16.3095	93.8754
			*CONTROL_POS_SAMPLE 3648	64.4114	16.3099	94.1545
			*CONTROL_POS_SAMPLE 3840	68.4626	16.3104	94.1468
			*CONTROL_POS_SAMPLE 4032	72.5138	16.3109	94.1391
			*CONTROL_POS_SAMPLE 4224	76.565	16.3115	94.1314
			*CONTROL_POS_SAMPLE 4416	81.8283	16.312	94.1238
			*CONTROL_POS_SAMPLE 4608	87.0916	16.3125	94.1161
			*CONTROL_POS_SAMPLE 4800	92.3548	16.3129	94.1084
			*CONTROL_POS_SAMPLE 4992	97.618	16.3133	94.1007
		}
		*CONTROL_ROT_TRACK {
			*CONTROL_ROT_SAMPLE 192	0.53862	-0.327605	-0.776249	2.46098
			*CONTROL_ROT_SAMPLE 384	0.494149	-0.379585	-0.782133	2.59511
			*CONTROL_ROT_SAMPLE 576	0.470211	-0.44492	-0.762199	2.74564
			*CONTROL_ROT_SAMPLE 768	0.47256	-0.454207	-0.755237	2.75072
			*CONTROL_ROT_SAMPLE 960	0.486799	-0.45086	-0.748166	2.71514
			*CONTROL_ROT_SAMPLE 1152	0.506886	-0.448593	-0.736092	2.67294
			*CONTROL_ROT_SAMPLE 1344	0.531046	-0.443882	-0.721775	2.62061
			*CONTROL_ROT_SAMPLE 1536	0.557255	-0.436698	-0.706231	2.56206
			*CONTROL_ROT_SAMPLE 1728	0.58351	-0.427399	-0.690541	2.50185
			*CONTROL_ROT_SAMPLE 1920	0.607444	-0.417058	-0.676072	2.4458
			*CONTROL_ROT_SAMPLE 2112	0.625604	-0.408076	-0.664901	2.40217
			*CONTROL_ROT_SAMPLE 2304	0.619996	-0.412332	-0.667523	2.41033
			*CONTROL_ROT_SAMPLE 2496	0.590267	-0.428323	-0.684196	2.46883
			*CONTROL_ROT_SAMPLE 2688	0.564591	-0.438744	-0.6991	2.51704
			*CONTROL_ROT_SAMPLE 2880	0.548502	-0.441952	-0.709806	2.54356
			*CONTROL_ROT_SAMPLE 3072	0.53427	-0.442398	-0.720305	2.56476
			*CONTROL_ROT_SAMPLE 3264	0.520906	-0.441346	-0.730665	2.58128
			*CONTROL_ROT_SAMPLE 3456	0.508143	-0.439195	-0.740877	2.59353
			*CONTROL_ROT_SAMPLE 3648	0.496903	-0.435152	-0.75082	2.59926
			*CONTROL_ROT_SAMPLE 3840	0.485389	-0.430381	-0.761032	2.60209
			*CONTROL_ROT_SAMPLE 4032	0.481175	-0.415903	-0.771683	2.57074
			*CONTROL_ROT_SAMPLE 4224	0.479641	-0.404575	-0.778629	2.54318
			*CONTROL_ROT_SAMPLE 4416	0.45583	-0.424374	-0.782384	2.61648
			*CONTROL_ROT_SAMPLE 4608	0.443977	-0.441049	-0.779974	2.66903
			*CONTROL_ROT_SAMPLE 4800	0.439594	-0.449823	-0.777442	2.69497
			*CONTROL_ROT_SAMPLE 4992	0.439651	-0.455882	-0.773873	2.70916
		}
	}
}
*HELPEROBJECT {
	*NODE_NAME "Bip01 R Calf"
	*NODE_PARENT "Bip01 R Thigh"
	*NODE_TM {
		*NODE_NAME "Bip01 R Calf"
		*TM_ROW0 0.277168	0.388622	-0.878721
		*TM_ROW1 -0.844585	-0.337494	-0.41566
		*TM_ROW2 -0.458098	0.857363	0.234681
		*TM_ROW3 76.405	14.0277	61.0432
		*TM_POS 76.405	14.0277	61.0432
		*TM_ROTAXIS 0.69884	-0.230906	-0.676982
		*TM_ROTANGLE 1.99635
		*TM_SCALE 1	1	1
		*TM_SCALEAXIS 0	0	0
		*TM_SCALEAXISANG 0	0	0
	}
	*TM_ANIMATION {
		*NODE_NAME "Bip01 R Calf"
		*CONTROL_POS_TRACK {
			*CONTROL_POS_SAMPLE 192	-12.9247	23.1938	56.7546
			*CONTROL_POS_SAMPLE 384	-14.9143	18.6198	58.1554
			*CONTROL_POS_SAMPLE 576	-15.1739	12.0529	60.2665
			*CONTROL_POS_SAMPLE 768	-11.549	11.3796	60.3097
			*CONTROL_POS_SAMPLE 960	-6.57318	11.9899	59.4438
			*CONTROL_POS_SAMPLE 1152	-1.02205	12.4635	58.1284
			*CONTROL_POS_SAMPLE 1344	5.06388	13.1262	56.7045
			*CONTROL_POS_SAMPLE 1536	11.5072	13.9405	55.3781
			*CONTROL_POS_SAMPLE 1728	18.0833	14.8448	54.3066
			*CONTROL_POS_SAMPLE 1920	24.4834	15.7411	53.5802
			*CONTROL_POS_SAMPLE 2112	30.2452	16.4713	53.2029
			*CONTROL_POS_SAMPLE 2304	33.1522	16.3027	53.1767
			*CONTROL_POS_SAMPLE 2496	33.7648	15.3562	53.6614
			*CONTROL_POS_SAMPLE 2688	34.9555	14.7397	54.436
			*CONTROL_POS_SAMPLE 2880	37.3112	14.6121	55.1485
			*CONTROL_POS_SAMPLE 3072	39.9242	14.6703	55.9003
			*CONTROL_POS_SAMPLE 3264	42.7001	14.8796	56.6672
			*CONTROL_POS_SAMPLE 3456	45.6086	15.2222	57.4169
			*CONTROL_POS_SAMPLE 3648	48.7478	15.7629	58.0662
			*CONTROL_POS_SAMPLE 3840	51.929	16.4214	58.4446
			*CONTROL_POS_SAMPLE 4032	56.1819	18.2177	58.3949
			*CONTROL_POS_SAMPLE 4224	60.5872	19.6262	58.3301
			*CONTROL_POS_SAMPLE 4416	63.0333	17.5472	59.5805
			*CONTROL_POS_SAMPLE 4608	66.7198	15.7165	60.4612
			*CONTROL_POS_SAMPLE 4800	71.3298	14.7278	60.8902
			*CONTROL_POS_SAMPLE 4992	76.405	14.0277	61.0432
		}
		*CONTROL_ROT_TRACK {
			*CONTROL_ROT_SAMPLE 192	0.615191	-0.250092	-0.747659	2.21631
			*CONTROL_ROT_SAMPLE 384	0.66496	-0.211091	-0.716428	2.07057
			*CONTROL_ROT_SAMPLE 576	0.728756	-0.184928	-0.65933	2.01006
			*CONTROL_ROT_SAMPLE 768	0.756395	-0.161261	-0.633925	1.96312
			*CONTROL_ROT_SAMPLE 960	0.772245	-0.149118	-0.617578	1.93867
			*CONTROL_ROT_SAMPLE 1152	0.78303	-0.151011	-0.603373	1.94254
			*CONTROL_ROT_SAMPLE 1344	0.791466	-0.158229	-0.590377	1.95317
			*CONTROL_ROT_SAMPLE 1536	0.796349	-0.170894	-0.580192	1.96904
			*CONTROL_ROT_SAMPLE 1728	0.797041	-0.188162	-0.573865	1.98867
			*CONTROL_ROT_SAMPLE 1920	0.793672	-0.208013	-0.571677	2.01035
			*CONTROL_ROT_SAMPLE 2112	0.787529	-0.226977	-0.572957	2.03111
			*CONTROL_ROT_SAMPLE 2304	0.780728	-0.235913	-0.578626	2.04186
			*CONTROL_ROT_SAMPLE 2496	0.770092	-0.238367	-0.591725	2.04716
			*CONTROL_ROT_SAMPLE 2688	0.755499	-0.244505	-0.607814	2.05843
			*CONTROL_ROT_SAMPLE 2880	0.740102	-0.252565	-0.623265	2.07361
			*CONTROL_ROT_SAMPLE 3072	0.723058	-0.26077	-0.639677	2.09098
			*CONTROL_ROT_SAMPLE 3264	-0.703386	0.270852	0.657182	4.17078
			*CONTROL_ROT_SAMPLE 3456	-0.680435	0.283393	0.675793	4.14317
			*CONTROL_ROT_SAMPLE 3648	0.654537	-0.297366	-0.695094	2.17375
			*CONTROL_ROT_SAMPLE 3840	0.627854	-0.31014	-0.713871	2.20734
			*CONTROL_ROT_SAMPLE 4032	0.585614	-0.331558	-0.73968	2.27152
			*CONTROL_ROT_SAMPLE 4224	0.559041	-0.342075	-0.755286	2.3104
			*CONTROL_ROT_SAMPLE 4416	0.593565	-0.315141	-0.740518	2.21673
			*CONTROL_ROT_SAMPLE 4608	0.638078	-0.282403	-0.716313	2.11831
			*CONTROL_ROT_SAMPLE 4800	0.66951	-0.256568	-0.697086	2.05279
			*CONTROL_ROT_SAMPLE 4992	0.69884	-0.230906	-0.676982	1.99635
		}
	}
}
*HELPEROBJECT {
	*NODE_NAME "Bip01 R Foot"
	*NODE_PARENT "Bip01 R Calf"
	*NODE_TM {
		*NODE_NAME "Bip01 R Foot"
		*TM_ROW0 -0.0483508	0.175838	-0.983231
		*TM_ROW1 -0.95559	-0.294644	-0.00570167
		*TM_ROW2 -0.290705	0.93929	0.182276
