*3DSMAX_ASCIIEXPORT	110
*COMMENT "This file is part of Gothic Free Aim Copyright (C) 2016-2017  mud-freak (@szapp)"
*COMMENT "<http://github.com/szapp/GothicFreeAim>"
*COMMENT "Animations: first iteration"
*SCENE {
	*SCENE_FILENAME "magIK_WND_left.max"
	*SCENE_FIRSTFRAME 1
	*SCENE_LASTFRAME 26
	*SCENE_FRAMESPEED 25
	*SCENE_TICKSPERFRAME 192
	*SCENE_BACKGROUND_STATIC 0	0	0
	*SCENE_AMBIENT_STATIC 0.2	0.2	0.2
}
*HELPEROBJECT {
	*NODE_NAME "Bip01"
	*NODE_TM {
		*NODE_NAME "Bip01"
		*TM_ROW0 -0.0758643	-0.997116	0.00195585
		*TM_ROW1 0.997103	-0.075852	0.00573142
		*TM_ROW2 -0.00556653	0.00238499	0.999982
		*TM_ROW3 -20.6701	11.9132	86.0167
		*TM_POS -20.6701	11.9132	86.0167
		*TM_ROTAXIS -0.00167805	0.00377206	0.999991
		*TM_ROTANGLE 1.64674
		*TM_SCALE 1	1	1
		*TM_SCALEAXIS 0	0	0
		*TM_SCALEAXISANG 0	0	0
	}
	*TM_ANIMATION {
		*NODE_NAME "Bip01"
		*CONTROL_POS_TRACK {
			*CONTROL_POS_SAMPLE 192	-20.6701	11.9132	86.0167
			*CONTROL_POS_SAMPLE 384	-19.645	13.3472	85.9611
			*CONTROL_POS_SAMPLE 576	-17.8741	14.1872	85.9544
			*CONTROL_POS_SAMPLE 768	-15.4947	14.5376	85.8489
			*CONTROL_POS_SAMPLE 960	-12.644	14.5027	85.4968
			*CONTROL_POS_SAMPLE 1152	-9.4593	14.1868	84.8605
			*CONTROL_POS_SAMPLE 1344	-6.0778	13.6944	84.0544
			*CONTROL_POS_SAMPLE 1536	-2.63681	13.1298	83.1595
			*CONTROL_POS_SAMPLE 1728	0.726436	12.5973	82.2569
			*CONTROL_POS_SAMPLE 1920	3.87467	12.2013	81.4277
			*CONTROL_POS_SAMPLE 2112	6.67063	12.0461	80.7529
			*CONTROL_POS_SAMPLE 2304	7.6447	11.9132	81.5122
			*CONTROL_POS_SAMPLE 2496	11.6853	11.9014	82.3617
			*CONTROL_POS_SAMPLE 2688	15.936	11.8955	83.248
			*CONTROL_POS_SAMPLE 2880	20.3257	11.8942	84.1285
			*CONTROL_POS_SAMPLE 3072	24.7836	11.8961	84.9579
			*CONTROL_POS_SAMPLE 3264	29.2388	11.8999	85.6878
			*CONTROL_POS_SAMPLE 3456	33.6202	11.9042	86.2164
			*CONTROL_POS_SAMPLE 3648	37.8569	11.9078	86.5453
			*CONTROL_POS_SAMPLE 3840	41.8781	11.9093	86.7828
			*CONTROL_POS_SAMPLE 4032	44.1781	11.9111	86.964
			*CONTROL_POS_SAMPLE 4224	46.5418	11.9132	86.8164
			*CONTROL_POS_SAMPLE 4416	51.414	11.9135	86.127
			*CONTROL_POS_SAMPLE 4608	57.0351	11.9134	85.2358
			*CONTROL_POS_SAMPLE 4800	61.9626	11.9132	84.5966
			*CONTROL_POS_SAMPLE 4992	62.941	11.9132	85.3682
		}
		*CONTROL_ROT_TRACK {
			*CONTROL_ROT_SAMPLE 192	-0.00167805	0.00377206	0.999991	1.64674
			*CONTROL_ROT_SAMPLE 384	-0.00296863	0.00536557	0.999981	1.65484
			*CONTROL_ROT_SAMPLE 576	-0.004368	0.00690046	0.999967	1.65587
			*CONTROL_ROT_SAMPLE 768	-0.00566453	0.00822423	0.99995	1.65284
			*CONTROL_ROT_SAMPLE 960	-0.00663818	0.00917424	0.999936	1.64881
			*CONTROL_ROT_SAMPLE 1152	-0.00706083	0.00957986	0.999929	1.64679
			*CONTROL_ROT_SAMPLE 1344	-0.00673327	0.00933197	0.999934	1.64689
			*CONTROL_ROT_SAMPLE 1536	-0.00580679	0.00854339	0.999947	1.64709
			*CONTROL_ROT_SAMPLE 1728	-0.00457622	0.00737392	0.999962	1.64723
			*CONTROL_ROT_SAMPLE 1920	-0.00333601	0.00598303	0.999977	1.64717
			*CONTROL_ROT_SAMPLE 2112	-0.00238026	0.00452971	0.999987	1.64674
			*CONTROL_ROT_SAMPLE 2304	-0.00159424	0.00238212	0.999996	1.64543
			*CONTROL_ROT_SAMPLE 2496	-0.000852036	-0.000422584	1	1.64343
			*CONTROL_ROT_SAMPLE 2688	-0.000432663	-0.00271698	0.999996	1.6416
			*CONTROL_ROT_SAMPLE 2880	-0.000616679	-0.00332655	0.999994	1.6408
			*CONTROL_ROT_SAMPLE 3072	-0.00148978	-0.0019548	0.999997	1.64122
			*CONTROL_ROT_SAMPLE 3264	-0.00281922	0.000577073	0.999996	1.64231
			*CONTROL_ROT_SAMPLE 3456	-0.00440774	0.00376845	0.999983	1.64379
			*CONTROL_ROT_SAMPLE 3648	-0.00605898	0.00712061	0.999956	1.64539
			*CONTROL_ROT_SAMPLE 3840	-0.00757796	0.0101377	0.99992	1.6468
			*CONTROL_ROT_SAMPLE 4032	-0.00757796	0.0101377	0.99992	1.6468
			*CONTROL_ROT_SAMPLE 4224	-0.00757796	0.0101377	0.99992	1.6468
			*CONTROL_ROT_SAMPLE 4416	-0.00757796	0.0101377	0.99992	1.6468
			*CONTROL_ROT_SAMPLE 4608	-0.00757796	0.0101377	0.99992	1.6468
			*CONTROL_ROT_SAMPLE 4800	-0.00757796	0.0101377	0.99992	1.6468
			*CONTROL_ROT_SAMPLE 4992	-0.00757796	0.0101377	0.99992	1.6468
		}
	}
}
*HELPEROBJECT {
	*NODE_NAME "Bip01 Footsteps"
	*NODE_PARENT "Bip01"
	*NODE_TM {
		*NODE_NAME "Bip01 Footsteps"
		*TM_ROW0 1	0	0
		*TM_ROW1 0	1	0
		*TM_ROW2 0	0	1
		*TM_ROW3 -20.6701	11.9132	-0.117544
		*TM_POS -20.6701	11.9132	-0.117544
		*TM_ROTAXIS 0	0	0
		*TM_ROTANGLE 0
		*TM_SCALE 1	1	1
		*TM_SCALEAXIS 0	0	0
		*TM_SCALEAXISANG 0	0	0
	}
}
*HELPEROBJECT {
	*NODE_NAME "Bip01 Pelvis"
	*NODE_PARENT "Bip01"
	*NODE_TM {
		*NODE_NAME "Bip01 Pelvis"
		*TM_ROW0 -0.00972768	0.00270152	0.999949
		*TM_ROW1 -0.075863	-0.997116	0.00195586
		*TM_ROW2 0.997071	-0.0758401	0.00990458
		*TM_ROW3 -21.9355	13.4309	86.006
		*TM_POS -21.9355	13.4309	86.006
		*TM_ROTAXIS -0.703384	0.0260233	-0.710333
		*TM_ROTANGLE 3.08626
		*TM_SCALE 1	1	1
		*TM_SCALEAXIS 0	0	0
		*TM_SCALEAXISANG 0	0	0
	}
	*TM_ANIMATION {
		*NODE_NAME "Bip01 Pelvis"
		*CONTROL_POS_TRACK {
			*CONTROL_POS_SAMPLE 192	-21.9355	13.4309	86.006
			*CONTROL_POS_SAMPLE 384	-20.8981	14.8751	85.946
			*CONTROL_POS_SAMPLE 576	-19.1256	15.7164	85.9351
			*CONTROL_POS_SAMPLE 768	-16.7508	16.0629	85.826
			*CONTROL_POS_SAMPLE 960	-13.9062	16.0229	85.4713
			*CONTROL_POS_SAMPLE 1152	-10.7246	15.7045	84.8338
			*CONTROL_POS_SAMPLE 1344	-7.34292	15.2123	84.0284
			*CONTROL_POS_SAMPLE 1536	-3.90164	14.6479	83.1357
			*CONTROL_POS_SAMPLE 1728	-0.538202	14.1156	82.2363
			*CONTROL_POS_SAMPLE 1920	2.60991	13.7195	81.4109
			*CONTROL_POS_SAMPLE 2112	5.4052	13.5638	80.7401
			*CONTROL_POS_SAMPLE 2304	6.37727	13.4293	81.5056
			*CONTROL_POS_SAMPLE 2496	10.4148	13.415	82.363
			*CONTROL_POS_SAMPLE 2688	14.6627	13.4067	83.2559
			*CONTROL_POS_SAMPLE 2880	19.0513	13.4044	84.1381
			*CONTROL_POS_SAMPLE 3072	23.5098	13.4068	84.9637
			*CONTROL_POS_SAMPLE 3264	27.9666	13.412	85.6866
			*CONTROL_POS_SAMPLE 3456	32.3503	13.4183	86.2061
			*CONTROL_POS_SAMPLE 3648	36.5895	13.4238	86.5256
			*CONTROL_POS_SAMPLE 3840	40.6128	13.427	86.7546
			*CONTROL_POS_SAMPLE 4032	42.9129	13.4288	86.9358
			*CONTROL_POS_SAMPLE 4224	45.2766	13.4309	86.7882
			*CONTROL_POS_SAMPLE 4416	50.1488	13.4312	86.0988
			*CONTROL_POS_SAMPLE 4608	55.7699	13.4311	85.2076
			*CONTROL_POS_SAMPLE 4800	60.6973	13.4309	84.5684
			*CONTROL_POS_SAMPLE 4992	61.6757	13.4309	85.34
		}
		*CONTROL_ROT_TRACK {
			*CONTROL_ROT_SAMPLE 192	-0.703384	0.0260233	-0.710333	3.08626
			*CONTROL_ROT_SAMPLE 384	-0.702255	0.0287665	-0.711344	3.0803
			*CONTROL_ROT_SAMPLE 576	-0.701159	0.0290723	-0.712412	3.07948
			*CONTROL_ROT_SAMPLE 768	-0.700214	0.0279902	-0.713384	3.08162
			*CONTROL_ROT_SAMPLE 960	-0.699538	0.0265702	-0.714101	3.08451
			*CONTROL_ROT_SAMPLE 1152	-0.69925	0.0258622	-0.714409	3.08596
			*CONTROL_ROT_SAMPLE 1344	-0.699463	0.0258704	-0.714201	3.08583
			*CONTROL_ROT_SAMPLE 1536	-0.700097	0.025895	-0.713578	3.08558
			*CONTROL_ROT_SAMPLE 1728	-0.700985	0.0259296	-0.712705	3.08542
			*CONTROL_ROT_SAMPLE 1920	-0.701957	0.0259675	-0.711746	3.08556
			*CONTROL_ROT_SAMPLE 2112	-0.702846	0.0260023	-0.710866	3.08622
			*CONTROL_ROT_SAMPLE 2304	-0.703928	0.0260451	-0.709794	3.08814
			*CONTROL_ROT_SAMPLE 2496	-0.705232	0.0260968	-0.708496	3.09106
			*CONTROL_ROT_SAMPLE 2688	-0.706226	0.0261364	-0.707504	3.09373
			*CONTROL_ROT_SAMPLE 2880	-0.706381	0.0261428	-0.707349	3.09488
			*CONTROL_ROT_SAMPLE 3072	-0.70556	0.0261106	-0.708169	3.09421
			*CONTROL_ROT_SAMPLE 3264	-0.704143	0.026055	-0.70958	3.09256
			*CONTROL_ROT_SAMPLE 3456	-0.702384	0.0259857	-0.711324	3.09035
			*CONTROL_ROT_SAMPLE 3648	-0.700534	0.0259129	-0.713148	3.088
			*CONTROL_ROT_SAMPLE 3840	-0.698851	0.0258468	-0.7148	3.08593
			*CONTROL_ROT_SAMPLE 4032	-0.698851	0.0258468	-0.7148	3.08593
			*CONTROL_ROT_SAMPLE 4224	-0.698851	0.0258468	-0.7148	3.08593
			*CONTROL_ROT_SAMPLE 4416	-0.698851	0.0258468	-0.7148	3.08593
			*CONTROL_ROT_SAMPLE 4608	-0.698851	0.0258468	-0.7148	3.08593
			*CONTROL_ROT_SAMPLE 4800	-0.698851	0.0258468	-0.7148	3.08593
			*CONTROL_ROT_SAMPLE 4992	-0.698851	0.0258468	-0.7148	3.08593
		}
	}
}
*HELPEROBJECT {
	*NODE_NAME "Bip01 Spine"
	*NODE_PARENT "Bip01 Pelvis"
	*NODE_TM {
		*NODE_NAME "Bip01 Spine"
		*TM_ROW0 -0.00426334	-0.0676974	0.997697
		*TM_ROW1 -0.077658	-0.99467	-0.0678239
		*TM_ROW2 0.996971	-0.0777683	-0.00101663
		*TM_ROW3 -21.9421	13.5255	88.4067
		*TM_POS -21.9421	13.5255	88.4067
		*TM_ROTAXIS -0.705593	0.0515018	-0.706743
		*TM_ROTANGLE 3.13455
		*TM_SCALE 1	1	1
		*TM_SCALEAXIS 0	0	0
		*TM_SCALEAXISANG 0	0	0
	}
}
*HELPEROBJECT {
	*NODE_NAME "Bip01 Spine1"
	*NODE_PARENT "Bip01 Spine"
	*NODE_TM {
		*NODE_NAME "Bip01 Spine1"
		*TM_ROW0 -0.0224761	-0.0868545	0.995967
		*TM_ROW1 -0.0950536	-0.99152	-0.0886118
		*TM_ROW2 0.995218	-0.0966619	0.0140297
		*TM_ROW3 -21.9831	12.8703	98.2122
		*TM_POS -21.9831	12.8703	98.2122
		*TM_ROTAXIS -0.699112	0.0650502	-0.712047
		*TM_ROTANGLE 3.13584
		*TM_SCALE 1	1	1
		*TM_SCALEAXIS 0	0	0
		*TM_SCALEAXISANG 0	0	0
	}
}
*HELPEROBJECT {
	*NODE_NAME "Bip01 Spine2"
	*NODE_PARENT "Bip01 Spine1"
	*NODE_TM {
		*NODE_NAME "Bip01 Spine2"
		*TM_ROW0 0.193513	-0.0027202	0.981094
		*TM_ROW1 -0.269935	-0.961549	0.0505763
		*TM_ROW2 0.943233	-0.274618	-0.186806
		*TM_ROW3 -22.2641	11.7825	110.949
		*TM_POS -22.2641	11.7825	110.949
		*TM_ROTAXIS -0.769514	0.0895916	-0.632314
		*TM_ROTANGLE 2.92869
		*TM_SCALE 1	1	1
		*TM_SCALEAXIS 0	0	0
		*TM_SCALEAXISANG 0	0	0
	}
}
*HELPEROBJECT {
	*NODE_NAME "Bip01 Neck"
	*NODE_PARENT "Bip01 Spine2"
	*NODE_TM {
		*NODE_NAME "Bip01 Neck"
		*TM_ROW0 0.125497	-0.226059	0.965996
		*TM_ROW1 -0.307514	-0.934601	-0.178761
		*TM_ROW2 0.943231	-0.274624	-0.186806
		*TM_ROW3 -16.4601	11.706	140.367
		*TM_POS -16.4601	11.706	140.367
		*TM_ROTAXIS -0.749867	0.178071	-0.637173
		*TM_ROTANGLE 3.07763
		*TM_SCALE 1	1	1
		*TM_SCALEAXIS 0	0	0
		*TM_SCALEAXISANG 0	0	0
	}
}
*HELPEROBJECT {
	*NODE_NAME "Bip01 Head"
	*NODE_PARENT "Bip01 Neck"
	*NODE_TM {
		*NODE_NAME "Bip01 Head"
		*TM_ROW0 0.0262534	0.0840194	0.996118
		*TM_ROW1 -0.381068	-0.920381	0.0876745
		*TM_ROW2 0.924174	-0.38189	0.00785393
		*TM_ROW3 -15.6018	10.1599	146.974
		*TM_POS -15.6018	10.1599	146.974
		*TM_ROTAXIS -0.706314	0.108217	-0.699578
		*TM_ROTANGLE 2.80274
		*TM_SCALE 1	1	1
		*TM_SCALEAXIS 0	0	0
		*TM_SCALEAXISANG 0	0	0
	}
}
*HELPEROBJECT {
	*NODE_NAME "zs_Helmet"
	*NODE_PARENT "Bip01 Head"
	*NODE_TM {
		*NODE_NAME "zs_Helmet"
		*TM_ROW0 0.924175	-0.381889	0.00785388
		*TM_ROW1 0.377832	0.910952	-0.165558
		*TM_ROW2 0.0560703	0.155972	0.986169
		*TM_ROW3 -35.7038	-32.5867	433.911
		*TM_POS -35.7038	-32.5867	433.911
		*TM_ROTAXIS 0.389088	-0.0583474	0.919351
		*TM_ROTANGLE 0.425947
		*TM_SCALE 1	1	1
		*TM_SCALEAXIS 0	0	0
		*TM_SCALEAXISANG 0	0	0
	}
}
*HELPEROBJECT {
	*NODE_NAME "Bip01 L Clavicle"
	*NODE_PARENT "Bip01 Neck"
	*NODE_TM {
		*NODE_NAME "Bip01 L Clavicle"
		*TM_ROW0 0.962908	-0.229542	-0.141842
		*TM_ROW1 0.225729	0.973257	-0.0426355
		*TM_ROW2 0.147835	0.00903622	0.988971
		*TM_ROW3 -9.3213	11.9052	133.488
		*TM_POS -9.3213	11.9052	133.488
		*TM_ROTAXIS 0.0953205	-0.534376	0.839855
		*TM_ROTANGLE 0.274475
		*TM_SCALE 1	1	1
		*TM_SCALEAXIS 0	0	0
		*TM_SCALEAXISANG 0	0	0
	}
}
*HELPEROBJECT {
	*NODE_NAME "Bip01 L UpperArm"
	*NODE_PARENT "Bip01 L Clavicle"
	*NODE_TM {
		*NODE_NAME "Bip01 L UpperArm"
		*TM_ROW0 0.464343	-0.0272681	-0.885236
		*TM_ROW1 0.404795	0.89555	0.184746
		*TM_ROW2 0.787735	-0.444124	0.42688
		*TM_ROW3 3.51041	8.8463	131.598
		*TM_POS 3.51041	8.8463	131.598
		*TM_ROTAXIS -0.34201	-0.909843	0.234977
		*TM_ROTANGLE 1.16648
		*TM_SCALE 1	1	1
		*TM_SCALEAXIS 0	0	0
		*TM_SCALEAXISANG 0	0	0
	}
}
*HELPEROBJECT {
	*NODE_NAME "Bip01 L Forearm"
	*NODE_PARENT "Bip01 L UpperArm"
	*NODE_TM {
		*NODE_NAME "Bip01 L Forearm"
		*TM_ROW0 0.0788946	-0.614529	-0.784939
		*TM_ROW1 0.610941	0.652003	-0.449047
		*TM_ROW2 0.787735	-0.444124	0.426881
		*TM_ROW3 16.4685	8.08535	106.894
		*TM_POS 16.4685	8.08535	106.894
		*TM_ROTAXIS 0.0024694	-0.788796	0.614651
		*TM_ROTANGLE 1.49183
		*TM_SCALE 1	1	1
		*TM_SCALEAXIS 0	0	0
		*TM_SCALEAXISANG 0	0	0
	}
}
*HELPEROBJECT {
	*NODE_NAME "Bip01 L Hand"
	*NODE_PARENT "Bip01 L Forearm"
	*NODE_TM {
		*NODE_NAME "Bip01 L Hand"
		*TM_ROW0 -0.121763	-0.689618	-0.713863
		*TM_ROW1 -0.824487	0.47071	-0.314091
		*TM_ROW2 0.552626	0.550326	-0.625896
		*TM_ROW3 18.663	-9.00859	85.06
		*TM_POS 18.663	-9.00859	85.06
		*TM_ROTAXIS 0.56157	-0.822777	-0.0876177
		*TM_ROTANGLE 2.26331
		*TM_SCALE 1	1	1
		*TM_SCALEAXIS 0	0	0
		*TM_SCALEAXISANG 0	0	0
	}
}
*HELPEROBJECT {
	*NODE_NAME "Bip01 L Finger0"
	*NODE_PARENT "Bip01 L Hand"
	*NODE_TM {
		*NODE_NAME "Bip01 L Finger0"
		*TM_ROW0 -0.121764	-0.689618	-0.713864
		*TM_ROW1 -0.824909	0.47029	-0.313612
		*TM_ROW2 0.551995	0.550686	-0.626136
		*TM_ROW3 17.0959	-17.8839	75.8727
		*TM_POS 17.0959	-17.8839	75.8727
		*TM_ROTAXIS 0.561693	-0.822661	-0.0879235
		*TM_ROTANGLE 2.26374
		*TM_SCALE 1	1	1
		*TM_SCALEAXIS 0	0	0
		*TM_SCALEAXISANG 0	0	0
	}
}
*HELPEROBJECT {
	*NODE_NAME "zs_LeftHand"
	*NODE_PARENT "Bip01 L Hand"
	*NODE_TM {
		*NODE_NAME "zs_LeftHand"
		*TM_ROW0 0.534375	0.637197	-0.555358
		*TM_ROW1 0.0997856	-0.7	-0.707138
		*TM_ROW2 -0.839337	0.32246	-0.437645
		*TM_ROW3 -57.1026	-59.8424	-11.2874
		*TM_POS -57.1026	-59.8424	-11.2874
		*TM_ROTAXIS -0.861135	-0.237514	0.449481
		*TM_ROTANGLE 3.78236
		*TM_SCALE 1	1	1
		*TM_SCALEAXIS 0	0	0
		*TM_SCALEAXISANG 0	0	0
	}
}
*HELPEROBJECT {
	*NODE_NAME "zs_LeftArm"
	*NODE_PARENT "Bip01 L Forearm"
	*NODE_TM {
		*NODE_NAME "zs_LeftArm"
		*TM_ROW0 0.144591	-0.416433	-0.897595
		*TM_ROW1 0.638196	0.732479	-0.237023
		*TM_ROW2 0.756174	-0.538571	0.371675
		*TM_ROW3 -31.1105	-289.521	1.04824
		*TM_POS -31.1105	-289.521	1.04824
		*TM_ROTAXIS -0.151954	-0.833355	0.531441
		*TM_ROTANGLE 1.4461
		*TM_SCALE 1	1	1
		*TM_SCALEAXIS 0	0	0
		*TM_SCALEAXISANG 0	0	0
	}
}
*HELPEROBJECT {
	*NODE_NAME "Bip01 R Clavicle"
	*NODE_PARENT "Bip01 Neck"
	*NODE_TM {
		*NODE_NAME "Bip01 R Clavicle"
		*TM_ROW0 -0.940029	0.339646	-0.0314079
		*TM_ROW1 0.341019	0.937774	-0.0654723
		*TM_ROW2 0.00721608	-0.0722566	-0.99736
		*TM_ROW3 -24.3451	16.2793	136.463
		*TM_POS -24.3451	16.2793	136.463
		*TM_ROTAXIS -0.172894	-0.984319	0.0349841
		*TM_ROTANGLE 3.12197
		*TM_SCALE 1	1	1
		*TM_SCALEAXIS 0	0	0
		*TM_SCALEAXISANG 0	0	0
	}
}
*HELPEROBJECT {
	*NODE_NAME "Bip01 R UpperArm"
	*NODE_PARENT "Bip01 R Clavicle"
	*NODE_TM {
		*NODE_NAME "Bip01 R UpperArm"
		*TM_ROW0 -0.338827	-0.141948	-0.930079
		*TM_ROW1 0.396428	0.874977	-0.277956
		*TM_ROW2 0.853253	-0.462889	-0.240193
		*TM_ROW3 -36.8719	20.8054	136.045
		*TM_POS -36.8719	20.8054	136.045
		*TM_ROTAXIS -0.0987895	-0.952643	0.287597
		*TM_ROTANGLE 1.93053
		*TM_SCALE 1	1	1
		*TM_SCALEAXIS 0	0	0
		*TM_SCALEAXISANG 0	0	0
	}
}
*HELPEROBJECT {
	*NODE_NAME "Bip01 R Forearm"
	*NODE_PARENT "Bip01 R UpperArm"
	*NODE_TM {
		*NODE_NAME "Bip01 R Forearm"
		*TM_ROW0 -0.418122	-0.88249	0.215373
		*TM_ROW1 -0.311662	-0.0833373	-0.946531
		*TM_ROW2 0.853253	-0.462889	-0.240193
		*TM_ROW3 -46.3273	16.8442	110.09
		*TM_POS -46.3273	16.8442	110.09
		*TM_ROTAXIS 0.491916	-0.648792	0.580593
		*TM_ROTANGLE 2.62768
		*TM_SCALE 1	1	1
		*TM_SCALEAXIS 0	0	0
		*TM_SCALEAXISANG 0	0	0
	}
}
*HELPEROBJECT {
	*NODE_NAME "Bip01 R Hand"
	*NODE_PARENT "Bip01 R Forearm"
	*NODE_TM {
		*NODE_NAME "Bip01 R Hand"
		*TM_ROW0 -0.419503	-0.884196	0.205462
		*TM_ROW1 0.262262	0.0986339	0.959943
		*TM_ROW2 -0.869043	0.456584	0.190514
		*TM_ROW3 -57.9579	-7.70346	116.081
		*TM_POS -57.9579	-7.70346	116.081
		*TM_ROTAXIS 0.305077	-0.651239	-0.694849
		*TM_ROTANGLE 4.11174
		*TM_SCALE 1	1	1
		*TM_SCALEAXIS 0	0	0
		*TM_SCALEAXISANG 0	0	0
	}
}
*HELPEROBJECT {
	*NODE_NAME "Bip01 R Finger0"
	*NODE_PARENT "Bip01 R Hand"
	*NODE_TM {
		*NODE_NAME "Bip01 R Finger0"
		*TM_ROW0 -0.419497	-0.884197	0.205468
		*TM_ROW1 0.261605	0.0989872	0.960085
		*TM_ROW2 -0.869244	0.456505	0.189786
		*TM_ROW3 -63.3568	-19.0829	118.725
		*TM_POS -63.3568	-19.0829	118.725
		*TM_ROTAXIS 0.305259	-0.651465	-0.694558
		*TM_ROTANGLE 4.11152
		*TM_SCALE 1	1	1
		*TM_SCALEAXIS 0	0	0
		*TM_SCALEAXISANG 0	0	0
	}
}
*HELPEROBJECT {
	*NODE_NAME "zs_RightHand"
	*NODE_PARENT "Bip01 R Hand"
	*NODE_TM {
		*NODE_NAME "zs_RightHand"
		*TM_ROW0 0.766581	-0.473364	-0.433913
		*TM_ROW1 0.463816	0.875482	-0.13567
		*TM_ROW2 0.444104	-0.097254	0.890681
		*TM_ROW3 -209.19	-19.9404	256.638
		*TM_POS -209.19	-19.9404	256.638
		*TM_ROTAXIS 0.0299004	-0.683392	0.729439
		*TM_ROTANGLE 0.697622
		*TM_SCALE 1	1	1
		*TM_SCALEAXIS 0	0	0
		*TM_SCALEAXISANG 0	0	0
	}
}
*HELPEROBJECT {
	*NODE_NAME "zs_Crossbow"
	*NODE_PARENT "Bip01 Spine2"
	*NODE_TM {
		*NODE_NAME "zs_Crossbow"
		*TM_ROW0 -0.279575	-0.155205	0.947496
		*TM_ROW1 -0.908123	0.363112	-0.208477
		*TM_ROW2 -0.311691	-0.918728	-0.242462
		*TM_ROW3 -2.18083	372.708	1444.18
		*TM_POS -2.18083	372.708	1444.18
		*TM_ROTAXIS 0.435737	-0.772508	0.461913
		*TM_ROTANGLE 4.09432
		*TM_SCALE 1	1	1
		*TM_SCALEAXIS 0	0	0
		*TM_SCALEAXISANG 0	0	0
	}
}
*HELPEROBJECT {
	*NODE_NAME "zs_Longsword"
	*NODE_PARENT "Bip01 Spine2"
	*NODE_TM {
		*NODE_NAME "zs_Longsword"
		*TM_ROW0 -0.386491	-0.0957254	0.917312
		*TM_ROW1 -0.856759	0.405483	-0.318665
		*TM_ROW2 -0.34145	-0.909077	-0.238729
		*TM_ROW3 -148.439	344.478	1202.05
		*TM_POS -148.439	344.478	1202.05
		*TM_ROTAXIS 0.372498	-0.794169	0.480146
		*TM_ROTANGLE 4.05649
		*TM_SCALE 1	1	1
		*TM_SCALEAXIS 0	0	0
		*TM_SCALEAXISANG 0	0	0
	}
}
*HELPEROBJECT {
	*NODE_NAME "zs_Shield"
	*NODE_PARENT "Bip01 Spine2"
	*NODE_TM {
		*NODE_NAME "zs_Shield"
		*TM_ROW0 -0.113098	0.294598	-0.948905
		*TM_ROW1 -0.720507	0.6333	0.28249
		*TM_ROW2 0.684163	0.715642	0.140635
		*TM_ROW3 336.802	357.04	346.179
		*TM_POS 336.802	357.04	346.179
		*TM_ROTAXIS 0.219758	-0.828534	-0.515012
		*TM_ROTANGLE 1.7412
		*TM_SCALE 1	1	1
		*TM_SCALEAXIS 0	0	0
		*TM_SCALEAXISANG 0	0	0
	}
}
*HELPEROBJECT {
	*NODE_NAME "zs_Bow"
	*NODE_PARENT "Bip01 Spine2"
	*NODE_TM {
		*NODE_NAME "zs_Bow"
		*TM_ROW0 -0.213747	-0.156428	0.964283
		*TM_ROW1 0.328194	0.918224	0.221705
		*TM_ROW2 -0.920109	0.363861	-0.144929
		*TM_ROW3 149.265	512.81	179.3
		*TM_POS 149.265	512.81	179.3
		*TM_ROTAXIS 0.0728667	0.96591	0.24841
		*TM_ROTANGLE 1.79284
		*TM_SCALE 1	1	1
		*TM_SCALEAXIS 0	0	0
		*TM_SCALEAXISANG 0	0	0
	}
}
*HELPEROBJECT {
	*NODE_NAME "zs_Sword"
	*NODE_PARENT "Bip01 Spine"
	*NODE_TM {
		*NODE_NAME "zs_Sword"
		*TM_ROW0 -0.0427874	-0.462744	0.885459
		*TM_ROW1 0.0635689	0.883214	0.464642
		*TM_ROW2 -0.99706	0.0761685	-0.0083743
		*TM_ROW3 296.126	60.0349	131.758
		*TM_POS 296.126	60.0349	131.758
		*TM_ROTAXIS -0.194925	0.944596	0.264089
		*TM_ROTANGLE 1.65487
		*TM_SCALE 1	1	1
		*TM_SCALEAXIS 0	0	0
		*TM_SCALEAXISANG 0	0	0
	}
}
*HELPEROBJECT {
	*NODE_NAME "Bip01 L Thigh"
	*NODE_PARENT "Bip01 Pelvis"
	*NODE_TM {
		*NODE_NAME "Bip01 L Thigh"
		*TM_ROW0 0.111125	-0.664213	-0.739237
		*TM_ROW1 -0.0483516	-0.746577	0.663539
		*TM_ROW2 -0.992629	-0.0379927	-0.115079
		*TM_ROW3 -12.9517	12.7476	86.0953
		*TM_POS -12.9517	12.7476	86.0953
		*TM_ROTAXIS -0.725259	0.261962	0.636691
		*TM_ROTANGLE 2.63678
		*TM_SCALE 1	1	1
		*TM_SCALEAXIS 0	0	0
		*TM_SCALEAXISANG 0	0	0
	}
	*TM_ANIMATION {
		*NODE_NAME "Bip01 L Thigh"
		*CONTROL_POS_TRACK {
			*CONTROL_POS_SAMPLE 192	-12.9517	12.7476	86.0953
			*CONTROL_POS_SAMPLE 384	-11.9204	14.1191	86.0627
			*CONTROL_POS_SAMPLE 576	-10.1491	14.9514	86.0794
			*CONTROL_POS_SAMPLE 768	-7.77242	15.3253	85.9946
			*CONTROL_POS_SAMPLE 960	-4.92528	15.3217	85.6576
			*CONTROL_POS_SAMPLE 1152	-1.74236	15.0215	85.0277
			*CONTROL_POS_SAMPLE 1344	1.63932	14.5283	84.2169
			*CONTROL_POS_SAMPLE 1536	5.08078	13.962	83.3082
			*CONTROL_POS_SAMPLE 1728	8.4445	13.4282	82.3865
			*CONTROL_POS_SAMPLE 1920	11.593	13.0325	81.5364
			*CONTROL_POS_SAMPLE 2112	14.3889	12.8805	80.843
			*CONTROL_POS_SAMPLE 2304	15.3621	12.7575	81.5805
			*CONTROL_POS_SAMPLE 2496	19.4012	12.761	82.4042
			*CONTROL_POS_SAMPLE 2688	23.6503	12.7692	83.2712
			*CONTROL_POS_SAMPLE 2880	28.0394	12.7741	84.1492
			*CONTROL_POS_SAMPLE 3072	32.4976	12.7727	84.9958
			*CONTROL_POS_SAMPLE 3264	36.9535	12.7681	85.7551
			*CONTROL_POS_SAMPLE 3456	41.3358	12.7612	86.3197
			*CONTROL_POS_SAMPLE 3648	45.5732	12.7529	86.6866
			*CONTROL_POS_SAMPLE 3840	49.5948	12.744	86.9586
			*CONTROL_POS_SAMPLE 4032	51.8949	12.7458	87.1398
			*CONTROL_POS_SAMPLE 4224	54.2585	12.7479	86.9922
			*CONTROL_POS_SAMPLE 4416	59.1308	12.7482	86.3028
			*CONTROL_POS_SAMPLE 4608	64.7519	12.7481	85.4116
			*CONTROL_POS_SAMPLE 4800	69.6793	12.7479	84.7723
			*CONTROL_POS_SAMPLE 4992	70.6577	12.7479	85.5439
		}
		*CONTROL_ROT_TRACK {
			*CONTROL_ROT_SAMPLE 192	-0.725259	0.261962	0.636691	2.63678
			*CONTROL_ROT_SAMPLE 384	-0.733606	0.281338	0.618604	2.58312
			*CONTROL_ROT_SAMPLE 576	-0.753567	0.306226	0.58169	2.5505
			*CONTROL_ROT_SAMPLE 768	-0.77429	0.314033	0.549416	2.54227
			*CONTROL_ROT_SAMPLE 960	-0.791771	0.305542	0.528907	2.54242
			*CONTROL_ROT_SAMPLE 1152	-0.8082	0.294485	0.509992	2.54819
			*CONTROL_ROT_SAMPLE 1344	-0.823495	0.281155	0.492756	2.55929
			*CONTROL_ROT_SAMPLE 1536	-0.837776	0.265652	0.477033	2.57354
			*CONTROL_ROT_SAMPLE 1728	-0.85098	0.248343	0.462774	2.59023
			*CONTROL_ROT_SAMPLE 1920	-0.863087	0.229421	0.449941	2.60867
			*CONTROL_ROT_SAMPLE 2112	-0.874124	0.208808	0.438528	2.62821
			*CONTROL_ROT_SAMPLE 2304	-0.871334	0.203565	0.446474	2.63411
			*CONTROL_ROT_SAMPLE 2496	-0.857529	0.219173	0.465411	2.61802
			*CONTROL_ROT_SAMPLE 2688	-0.841462	0.232502	0.487734	2.60293
			*CONTROL_ROT_SAMPLE 2880	-0.823521	0.242829	0.512687	2.59061
			*CONTROL_ROT_SAMPLE 3072	-0.804198	0.250115	0.539173	2.58228
			*CONTROL_ROT_SAMPLE 3264	-0.784171	0.254832	0.565807	2.57798
			*CONTROL_ROT_SAMPLE 3456	-0.764181	0.258413	0.590974	2.57642
			*CONTROL_ROT_SAMPLE 3648	-0.745137	0.261377	0.613557	2.57696
			*CONTROL_ROT_SAMPLE 3840	-0.728159	0.263298	0.632818	2.58008
			*CONTROL_ROT_SAMPLE 4032	-0.720772	0.264843	0.640583	2.58864
			*CONTROL_ROT_SAMPLE 4224	-0.715317	0.269787	0.644621	2.59091
			*CONTROL_ROT_SAMPLE 4416	-0.708387	0.279766	0.648012	2.57146
			*CONTROL_ROT_SAMPLE 4608	-0.710846	0.29175	0.639985	2.54219
			*CONTROL_ROT_SAMPLE 4800	-0.722364	0.301303	0.62242	2.51976
			*CONTROL_ROT_SAMPLE 4992	-0.750518	0.29473	0.591487	2.54016
		}
	}
}
*HELPEROBJECT {
	*NODE_NAME "Bip01 L Calf"
	*NODE_PARENT "Bip01 L Thigh"
	*NODE_TM {
		*NODE_NAME "Bip01 L Calf"
		*TM_ROW0 0.0980162	0.306765	-0.946725
		*TM_ROW1 0.0712711	-0.951027	-0.30078
		*TM_ROW2 -0.992629	-0.0379928	-0.11508
		*TM_ROW3 -8.57951	-13.3858	57.0101
		*TM_POS -8.57951	-13.3858	57.0101
		*TM_ROTAXIS -0.738499	-0.129004	0.661798
		*TM_ROTANGLE 3.32046
		*TM_SCALE 1	1	1
		*TM_SCALEAXIS 0	0	0
		*TM_SCALEAXISANG 0	0	0
	}
	*TM_ANIMATION {
		*NODE_NAME "Bip01 L Calf"
		*CONTROL_POS_TRACK {
			*CONTROL_POS_SAMPLE 192	-8.57951	-13.3858	57.0101
			*CONTROL_POS_SAMPLE 384	-6.15552	-13.7849	58.9306
			*CONTROL_POS_SAMPLE 576	-1.92423	-14.4207	61.2268
			*CONTROL_POS_SAMPLE 768	2.80522	-14.3346	62.406
			*CONTROL_POS_SAMPLE 960	7.61771	-13.7926	62.3543
			*CONTROL_POS_SAMPLE 1152	12.6447	-13.3264	61.8452
			*CONTROL_POS_SAMPLE 1344	17.7443	-12.8515	61.0007
			*CONTROL_POS_SAMPLE 1536	22.808	-12.2731	59.9527
			*CONTROL_POS_SAMPLE 1728	27.6923	-11.5076	58.8122
			*CONTROL_POS_SAMPLE 1920	32.2574	-10.4625	57.683
			*CONTROL_POS_SAMPLE 2112	36.3667	-9.03037	56.6582
			*CONTROL_POS_SAMPLE 2304	36.9541	-8.85728	56.7894
			*CONTROL_POS_SAMPLE 2496	39.3161	-10.1932	57.4138
			*CONTROL_POS_SAMPLE 2688	41.649	-11.3799	57.9555
			*CONTROL_POS_SAMPLE 2880	43.9346	-12.3577	58.3859
			*CONTROL_POS_SAMPLE 3072	46.1621	-13.1052	58.6969
			*CONTROL_POS_SAMPLE 3264	48.3401	-13.6336	58.8978
			*CONTROL_POS_SAMPLE 3456	50.4889	-14.0225	58.9909
			*CONTROL_POS_SAMPLE 3648	52.6354	-14.3011	59.0059
			*CONTROL_POS_SAMPLE 3840	54.8106	-14.4417	58.9989
			*CONTROL_POS_SAMPLE 4032	56.2475	-14.3931	58.9874
			*CONTROL_POS_SAMPLE 4224	58.0179	-14.5868	58.944
			*CONTROL_POS_SAMPLE 4416	62.3737	-15.3747	58.9788
			*CONTROL_POS_SAMPLE 4608	68.5622	-16.3543	59.2095
			*CONTROL_POS_SAMPLE 4800	74.9173	-17.0414	59.6093
			*CONTROL_POS_SAMPLE 4992	78.6521	-16.2989	60.238
		}
		*CONTROL_ROT_TRACK {
			*CONTROL_ROT_SAMPLE 192	-0.738499	-0.129004	0.661798	3.32046
			*CONTROL_ROT_SAMPLE 384	-0.743851	-0.144568	0.652522	3.30407
			*CONTROL_ROT_SAMPLE 576	-0.763272	-0.160935	0.625712	3.28159
			*CONTROL_ROT_SAMPLE 768	-0.781028	-0.170567	0.600752	3.24755
			*CONTROL_ROT_SAMPLE 960	-0.792019	-0.17607	0.584556	3.20999
			*CONTROL_ROT_SAMPLE 1152	-0.802689	-0.180428	0.56845	3.17626
			*CONTROL_ROT_SAMPLE 1344	-0.813242	-0.182868	0.552447	3.1458
			*CONTROL_ROT_SAMPLE 1536	-0.823638	-0.183078	0.536753	3.1165
			*CONTROL_ROT_SAMPLE 1728	-0.834034	-0.180369	0.521397	3.0876
			*CONTROL_ROT_SAMPLE 1920	-0.844547	-0.174033	0.506412	3.05814
			*CONTROL_ROT_SAMPLE 2112	-0.855258	-0.16327	0.491809	3.02686
			*CONTROL_ROT_SAMPLE 2304	-0.852528	-0.160319	0.497487	3.03098
			*CONTROL_ROT_SAMPLE 2496	-0.838632	-0.169302	0.51772	3.06599
			*CONTROL_ROT_SAMPLE 2688	-0.823166	-0.175534	0.539987	3.10341
			*CONTROL_ROT_SAMPLE 2880	-0.806739	-0.178268	0.563376	3.14196
			*CONTROL_ROT_SAMPLE 3072	-0.789971	-0.177319	0.586944	3.18025
			*CONTROL_ROT_SAMPLE 3264	-0.773429	-0.173141	0.609778	3.21665
			*CONTROL_ROT_SAMPLE 3456	-0.757681	-0.166903	0.630922	3.25056
			*CONTROL_ROT_SAMPLE 3648	-0.743326	-0.15945	0.649647	3.281
			*CONTROL_ROT_SAMPLE 3840	-0.731029	-0.151263	0.665369	3.3063
			*CONTROL_ROT_SAMPLE 4032	-0.727349	-0.144905	0.670795	3.31899
			*CONTROL_ROT_SAMPLE 4224	-0.725314	-0.141807	0.673655	3.33182
			*CONTROL_ROT_SAMPLE 4416	-0.72014	-0.146061	0.678281	3.34801
			*CONTROL_ROT_SAMPLE 4608	-0.721067	-0.158325	0.674534	3.35267
			*CONTROL_ROT_SAMPLE 4800	-0.728799	-0.172499	0.662644	3.34257
			*CONTROL_ROT_SAMPLE 4992	-0.751713	-0.178174	0.634966	3.29958
		}
	}
}
*HELPEROBJECT {
	*NODE_NAME "Bip01 L Foot"
	*NODE_PARENT "Bip01 L Calf"
	*NODE_TM {
		*NODE_NAME "Bip01 L Foot"
		*TM_ROW0 0.0195879	0.00534473	-0.999794
		*TM_ROW1 0.448578	-0.893735	0.00401077
		*TM_ROW2 -0.893529	-0.448564	-0.0199039
		*TM_ROW3 -3.76714	1.67568	10.5281
		*TM_POS -3.76714	1.67568	10.5281
		*TM_ROTAXIS -0.704597	-0.16544	0.690053
		*TM_ROTANGLE 2.81464
		*TM_SCALE 1	1	1
		*TM_SCALEAXIS 0	0	0
		*TM_SCALEAXISANG 0	0	0
	}
	*TM_ANIMATION {
		*NODE_NAME "Bip01 L Foot"
		*CONTROL_POS_TRACK {
			*CONTROL_POS_SAMPLE 192	-3.76714	1.67568	10.5281
			*CONTROL_POS_SAMPLE 384	-0.631412	1.88773	12.7307
			*CONTROL_POS_SAMPLE 576	6.38563	1.86916	15.6618
			*CONTROL_POS_SAMPLE 768	13.7145	1.8295	17.3473
			*CONTROL_POS_SAMPLE 960	20.1601	1.84636	17.5359
			*CONTROL_POS_SAMPLE 1152	26.8258	1.85816	17.3603
			*CONTROL_POS_SAMPLE 1344	33.5894	1.86582	16.9222
			*CONTROL_POS_SAMPLE 1536	40.3289	1.87017	16.3229
			*CONTROL_POS_SAMPLE 1728	46.9223	1.87211	15.6639
			*CONTROL_POS_SAMPLE 1920	53.2475	1.87247	15.0468
			*CONTROL_POS_SAMPLE 2112	59.1824	1.87214	14.573
			*CONTROL_POS_SAMPLE 2304	59.3073	1.82658	14.401
			*CONTROL_POS_SAMPLE 2496	59.3212	1.80888	14.2128
			*CONTROL_POS_SAMPLE 2688	59.1002	1.7915	13.9947
			*CONTROL_POS_SAMPLE 2880	58.7452	1.77457	13.7596
			*CONTROL_POS_SAMPLE 3072	58.3574	1.75813	13.5202
			*CONTROL_POS_SAMPLE 3264	58.0378	1.74234	13.2895
			*CONTROL_POS_SAMPLE 3456	57.8873	1.72723	13.0802
			*CONTROL_POS_SAMPLE 3648	58.0071	1.71295	12.9051
			*CONTROL_POS_SAMPLE 3840	58.4982	1.69954	12.7772
			*CONTROL_POS_SAMPLE 4032	59.4617	1.68712	12.7092
			*CONTROL_POS_SAMPLE 4224	60.9985	1.67579	12.7139
			*CONTROL_POS_SAMPLE 4416	64.702	1.66975	12.9935
			*CONTROL_POS_SAMPLE 4608	71.0431	1.67043	13.6075
			*CONTROL_POS_SAMPLE 4800	78.4392	1.67382	14.3554
			*CONTROL_POS_SAMPLE 4992	85.3078	1.67584	15.0364
		}
		*CONTROL_ROT_TRACK {
			*CONTROL_ROT_SAMPLE 192	-0.704597	-0.16544	0.690053	2.81464
			*CONTROL_ROT_SAMPLE 384	-0.703732	-0.181198	0.68697	2.78418
			*CONTROL_ROT_SAMPLE 576	-0.703795	-0.180165	0.687178	2.78617
			*CONTROL_ROT_SAMPLE 768	-0.704002	-0.176629	0.687883	2.793
			*CONTROL_ROT_SAMPLE 960	-0.704029	-0.176151	0.687978	2.79392
			*CONTROL_ROT_SAMPLE 1152	-0.704099	-0.174913	0.688222	2.79631
			*CONTROL_ROT_SAMPLE 1344	-0.704197	-0.17314	0.68857	2.79974
			*CONTROL_ROT_SAMPLE 1536	-0.70431	-0.171059	0.688975	2.80376
			*CONTROL_ROT_SAMPLE 1728	-0.704423	-0.168895	0.689393	2.80795
			*CONTROL_ROT_SAMPLE 1920	-0.704526	-0.166872	0.689781	2.81187
			*CONTROL_ROT_SAMPLE 2112	-0.704608	-0.165216	0.690095	2.81507
			*CONTROL_ROT_SAMPLE 2304	-0.704597	-0.16544	0.690053	2.81464
			*CONTROL_ROT_SAMPLE 2496	-0.704596	-0.165456	0.69005	2.81461
			*CONTROL_ROT_SAMPLE 2688	-0.704595	-0.165466	0.690048	2.81459
			*CONTROL_ROT_SAMPLE 2880	-0.704595	-0.16547	0.690047	2.81458
			*CONTROL_ROT_SAMPLE 3072	-0.704595	-0.165469	0.690048	2.81458
			*CONTROL_ROT_SAMPLE 3264	-0.704595	-0.165465	0.690048	2.81459
			*CONTROL_ROT_SAMPLE 3456	-0.704596	-0.165459	0.690049	2.8146
			*CONTROL_ROT_SAMPLE 3648	-0.704596	-0.165452	0.690051	2.81462
			*CONTROL_ROT_SAMPLE 3840	-0.704596	-0.165446	0.690052	2.81463
			*CONTROL_ROT_SAMPLE 4032	-0.704597	-0.165442	0.690053	2.81464
			*CONTROL_ROT_SAMPLE 4224	-0.704597	-0.16544	0.690053	2.81464
			*CONTROL_ROT_SAMPLE 4416	-0.704597	-0.16544	0.690053	2.81464
			*CONTROL_ROT_SAMPLE 4608	-0.704597	-0.16544	0.690053	2.81464
			*CONTROL_ROT_SAMPLE 4800	-0.704597	-0.16544	0.690053	2.81464
			*CONTROL_ROT_SAMPLE 4992	-0.704597	-0.16544	0.690053	2.81464
		}
	}
}
*HELPEROBJECT {
	*NODE_NAME "Bip01 L Toe0"
	*NODE_PARENT "Bip01 L Foot"
	*NODE_TM {
		*NODE_NAME "Bip01 L Toe0"
		*TM_ROW0 0.448584	-0.893732	0.0039395
		*TM_ROW1 -0.0195529	-0.00540699	0.999794
		*TM_ROW2 -0.893527	-0.448569	-0.0199005
		*TM_ROW3 6.63771	-18.4944	-2.0052
		*TM_POS 6.63771	-18.4944	-2.0052
		*TM_ROTAXIS -0.756308	0.46864	0.45648
		*TM_ROTANGLE 1.86331
		*TM_SCALE 1	1	1
		*TM_SCALEAXIS 0	0	0
		*TM_SCALEAXISANG 0	0	0
	}
	*TM_ANIMATION {
		*NODE_NAME "Bip01 L Toe0"
		*CONTROL_POS_TRACK {
			*CONTROL_POS_SAMPLE 192	6.63771	-18.4944	-2.0052
			*CONTROL_POS_SAMPLE 384	10.6856	-17.8014	0.223095
			*CONTROL_POS_SAMPLE 576	17.6436	-17.8527	3.15248
			*CONTROL_POS_SAMPLE 768	24.7695	-18.0031	4.83194
			*CONTROL_POS_SAMPLE 960	31.1876	-18.001	5.01974
			*CONTROL_POS_SAMPLE 1152	37.7818	-18.0275	4.84216
			*CONTROL_POS_SAMPLE 1344	44.443	-18.0741	4.40108
			*CONTROL_POS_SAMPLE 1536	51.0617	-18.1329	3.79841
			*CONTROL_POS_SAMPLE 1728	57.5291	-18.1959	3.136
			*CONTROL_POS_SAMPLE 1920	63.7362	-18.2555	2.51568
			*CONTROL_POS_SAMPLE 2112	69.5741	-18.3045	2.03935
			*CONTROL_POS_SAMPLE 2304	69.7121	-18.3435	1.86771
			*CONTROL_POS_SAMPLE 2496	69.727	-18.3607	1.67953
			*CONTROL_POS_SAMPLE 2688	69.5065	-18.3778	1.46146
			*CONTROL_POS_SAMPLE 2880	69.1518	-18.3946	1.22632
			*CONTROL_POS_SAMPLE 3072	68.764	-18.4111	0.986953
			*CONTROL_POS_SAMPLE 3264	68.4441	-18.427	0.756216
			*CONTROL_POS_SAMPLE 3456	68.2933	-18.4423	0.546888
			*CONTROL_POS_SAMPLE 3648	68.4127	-18.4568	0.371851
			*CONTROL_POS_SAMPLE 3840	68.9035	-18.4703	0.243893
			*CONTROL_POS_SAMPLE 4032	69.8666	-18.4829	0.175868
			*CONTROL_POS_SAMPLE 4224	71.4033	-18.4943	0.180606
			*CONTROL_POS_SAMPLE 4416	75.1068	-18.5003	0.460149
			*CONTROL_POS_SAMPLE 4608	81.4479	-18.4997	1.07422
			*CONTROL_POS_SAMPLE 4800	88.844	-18.4963	1.82209
			*CONTROL_POS_SAMPLE 4992	95.7126	-18.4942	2.50306
		}
		*CONTROL_ROT_TRACK {
			*CONTROL_ROT_SAMPLE 192	-0.756308	0.46864	0.45648	1.86331
			*CONTROL_ROT_SAMPLE 384	-0.772432	0.456067	0.441986	1.84531
			*CONTROL_ROT_SAMPLE 576	-0.771385	0.456904	0.442949	1.84647
			*CONTROL_ROT_SAMPLE 768	-0.767788	0.459757	0.446234	1.85046
			*CONTROL_ROT_SAMPLE 960	-0.767301	0.46014	0.446676	1.851
			*CONTROL_ROT_SAMPLE 1152	-0.766038	0.461133	0.44782	1.85241
			*CONTROL_ROT_SAMPLE 1344	-0.764226	0.462549	0.449452	1.85443
			*CONTROL_ROT_SAMPLE 1536	-0.762093	0.464206	0.451362	1.85682
			*CONTROL_ROT_SAMPLE 1728	-0.759869	0.46592	0.45334	1.85931
			*CONTROL_ROT_SAMPLE 1920	-0.757786	0.467515	0.455181	1.86165
			*CONTROL_ROT_SAMPLE 2112	-0.756078	0.468815	0.456682	1.86357
			*CONTROL_ROT_SAMPLE 2304	-0.756308	0.46864	0.45648	1.86331
			*CONTROL_ROT_SAMPLE 2496	-0.756325	0.468627	0.456465	1.86329
			*CONTROL_ROT_SAMPLE 2688	-0.756335	0.46862	0.456456	1.86328
			*CONTROL_ROT_SAMPLE 2880	-0.756339	0.468617	0.456453	1.86328
			*CONTROL_ROT_SAMPLE 3072	-0.756339	0.468617	0.456454	1.86328
			*CONTROL_ROT_SAMPLE 3264	-0.756335	0.46862	0.456457	1.86328
			*CONTROL_ROT_SAMPLE 3456	-0.756329	0.468625	0.456462	1.86329
			*CONTROL_ROT_SAMPLE 3648	-0.756322	0.46863	0.456468	1.8633
			*CONTROL_ROT_SAMPLE 3840	-0.756315	0.468635	0.456474	1.8633
			*CONTROL_ROT_SAMPLE 4032	-0.75631	0.468639	0.456478	1.86331
			*CONTROL_ROT_SAMPLE 4224	-0.756308	0.46864	0.45648	1.86331
			*CONTROL_ROT_SAMPLE 4416	-0.756308	0.46864	0.45648	1.86331
			*CONTROL_ROT_SAMPLE 4608	-0.756308	0.46864	0.45648	1.86331
			*CONTROL_ROT_SAMPLE 4800	-0.756308	0.46864	0.45648	1.86331
			*CONTROL_ROT_SAMPLE 4992	-0.756308	0.46864	0.45648	1.86331
		}
	}
}
*HELPEROBJECT {
	*NODE_NAME "Bip01 R Thigh"
	*NODE_PARENT "Bip01 Pelvis"
	*NODE_TM {
		*NODE_NAME "Bip01 R Thigh"
		*TM_ROW0 -0.511432	-0.351124	-0.784315
		*TM_ROW1 -0.482903	-0.63753	0.6003
		*TM_ROW2 -0.710804	0.685761	0.156495
		*TM_ROW3 -30.9194	14.1143	85.9168
		*TM_POS -30.9194	14.1143	85.9168
		*TM_ROTAXIS 0.492806	-0.423899	-0.759902
		*TM_ROTANGLE 3.05478
		*TM_SCALE 1	1	1
		*TM_SCALEAXIS 0	0	0
		*TM_SCALEAXISANG 0	0	0
	}
	*TM_ANIMATION {
		*NODE_NAME "Bip01 R Thigh"
		*CONTROL_POS_TRACK {
			*CONTROL_POS_SAMPLE 192	-30.9194	14.1143	85.9168
			*CONTROL_POS_SAMPLE 384	-29.8758	15.6311	85.8294
			*CONTROL_POS_SAMPLE 576	-28.1022	16.4814	85.7909
			*CONTROL_POS_SAMPLE 768	-25.7292	16.8006	85.6574
			*CONTROL_POS_SAMPLE 960	-22.8872	16.7242	85.285
			*CONTROL_POS_SAMPLE 1152	-19.7068	16.3876	84.6399
			*CONTROL_POS_SAMPLE 1344	-16.3252	15.8962	83.8398
			*CONTROL_POS_SAMPLE 1536	-12.8841	15.3338	82.9631
			*CONTROL_POS_SAMPLE 1728	-9.52091	14.803	82.086
			*CONTROL_POS_SAMPLE 1920	-6.3732	14.4065	81.2853
			*CONTROL_POS_SAMPLE 2112	-3.57848	14.2471	80.6372
			*CONTROL_POS_SAMPLE 2304	-2.60756	14.1011	81.4306
			*CONTROL_POS_SAMPLE 2496	1.42847	14.0689	82.3219
			*CONTROL_POS_SAMPLE 2688	5.67509	14.0442	83.2406
			*CONTROL_POS_SAMPLE 2880	10.0631	14.0346	84.1271
			*CONTROL_POS_SAMPLE 3072	14.522	14.0409	84.9316
			*CONTROL_POS_SAMPLE 3264	18.9797	14.0559	85.6181
			*CONTROL_POS_SAMPLE 3456	23.3647	14.0753	86.0925
			*CONTROL_POS_SAMPLE 3648	27.6057	14.0947	86.3647
			*CONTROL_POS_SAMPLE 3840	31.6309	14.11	86.5507
			*CONTROL_POS_SAMPLE 4032	33.9309	14.1117	86.7319
			*CONTROL_POS_SAMPLE 4224	36.2946	14.1139	86.5843
			*CONTROL_POS_SAMPLE 4416	41.1668	14.1142	85.8949
			*CONTROL_POS_SAMPLE 4608	46.7879	14.114	85.0037
			*CONTROL_POS_SAMPLE 4800	51.7154	14.1139	84.3644
			*CONTROL_POS_SAMPLE 4992	52.6937	14.1139	85.136
		}
		*CONTROL_ROT_TRACK {
			*CONTROL_ROT_SAMPLE 192	0.492806	-0.423899	-0.759902	3.05478
			*CONTROL_ROT_SAMPLE 384	0.456854	-0.463877	-0.759014	2.98005
			*CONTROL_ROT_SAMPLE 576	0.447182	-0.466174	-0.763354	2.9726
			*CONTROL_ROT_SAMPLE 768	0.441129	-0.460114	-0.77052	2.98553
			*CONTROL_ROT_SAMPLE 960	0.43018	-0.456434	-0.778854	3.00399
			*CONTROL_ROT_SAMPLE 1152	0.415961	-0.451682	-0.789278	3.02204
			*CONTROL_ROT_SAMPLE 1344	0.400622	-0.445953	-0.800392	3.03644
			*CONTROL_ROT_SAMPLE 1536	0.38611	-0.439147	-0.811214	3.04713
			*CONTROL_ROT_SAMPLE 1728	0.37344	-0.432185	-0.820828	3.05515
			*CONTROL_ROT_SAMPLE 1920	0.363096	-0.4263	-0.828511	3.06373
			*CONTROL_ROT_SAMPLE 2112	0.35519	-0.422944	-0.833641	3.07779
			*CONTROL_ROT_SAMPLE 2304	0.361234	-0.420623	-0.832217	3.07895
			*CONTROL_ROT_SAMPLE 2496	0.361521	-0.41847	-0.833178	3.08829
			*CONTROL_ROT_SAMPLE 2688	0.360053	-0.424916	-0.830547	3.12588
			*CONTROL_ROT_SAMPLE 2880	0.362838	-0.434067	-0.824581	3.16266
			*CONTROL_ROT_SAMPLE 3072	0.373761	-0.44087	-0.816049	3.1768
			*CONTROL_ROT_SAMPLE 3264	0.39221	-0.444519	-0.805341	3.16814
			*CONTROL_ROT_SAMPLE 3456	0.415121	-0.447422	-0.792141	3.14931
			*CONTROL_ROT_SAMPLE 3648	0.441753	-0.449078	-0.776649	3.12119
			*CONTROL_ROT_SAMPLE 3840	0.471948	-0.448496	-0.759023	3.08346
			*CONTROL_ROT_SAMPLE 4032	0.511995	-0.444924	-0.734781	3.02961
			*CONTROL_ROT_SAMPLE 4224	0.550882	-0.438634	-0.710021	2.97479
			*CONTROL_ROT_SAMPLE 4416	0.523072	-0.444107	-0.727437	3.01986
			*CONTROL_ROT_SAMPLE 4608	0.491183	-0.448422	-0.746764	3.06593
			*CONTROL_ROT_SAMPLE 4800	0.464811	-0.449649	-0.762736	3.09653
			*CONTROL_ROT_SAMPLE 4992	0.465292	-0.445259	-0.765015	3.08528
		}
	}
}
*HELPEROBJECT {
	*NODE_NAME "Bip01 R Calf"
	*NODE_PARENT "Bip01 R Thigh"
	*NODE_TM {
		*NODE_NAME "Bip01 R Calf"
		*TM_ROW0 0.187125	0.398827	-0.897731
		*TM_ROW1 -0.678043	-0.608826	-0.411811
		*TM_ROW2 -0.710804	0.685761	0.156495
		*TM_ROW3 -51.0416	0.299382	55.0581
		*TM_POS -51.0416	0.299382	55.0581
		*TM_ROTAXIS -0.70859	0.12068	0.695225
		*TM_ROTANGLE 4.02748
		*TM_SCALE 1	1	1
		*TM_SCALEAXIS 0	0	0
		*TM_SCALEAXISANG 0	0	0
	}
	*TM_ANIMATION {
		*NODE_NAME "Bip01 R Calf"
		*CONTROL_POS_TRACK {
			*CONTROL_POS_SAMPLE 192	-51.0416	0.299382	55.0581
			*CONTROL_POS_SAMPLE 384	-52.3915	3.86661	55.7852
			*CONTROL_POS_SAMPLE 576	-51.2629	5.24557	56.036
			*CONTROL_POS_SAMPLE 768	-49.3763	5.6382	56.2595
			*CONTROL_POS_SAMPLE 960	-47.367	5.54994	56.5815
			*CONTROL_POS_SAMPLE 1152	-45.2042	5.35975	56.778
			*CONTROL_POS_SAMPLE 1344	-42.858	5.18185	56.8356
			*CONTROL_POS_SAMPLE 1536	-40.3485	5.03161	56.7412
			*CONTROL_POS_SAMPLE 1728	-37.7654	4.91485	56.5422
			*CONTROL_POS_SAMPLE 1920	-35.2402	4.78028	56.3444
			*CONTROL_POS_SAMPLE 2112	-32.9259	4.52915	56.2999
			*CONTROL_POS_SAMPLE 2304	-31.6171	4.20611	56.7617
			*CONTROL_POS_SAMPLE 2496	-27.5832	3.91906	57.7593
			*CONTROL_POS_SAMPLE 2688	-23.4643	2.51951	59.448
			*CONTROL_POS_SAMPLE 2880	-18.9145	0.959209	60.9464
			*CONTROL_POS_SAMPLE 3072	-13.8091	-0.0515429	61.5486
			*CONTROL_POS_SAMPLE 3264	-8.24874	-0.50187	61.2316
			*CONTROL_POS_SAMPLE 3456	-2.41888	-0.780366	60.3528
			*CONTROL_POS_SAMPLE 3648	3.62343	-0.890904	59.0096
			*CONTROL_POS_SAMPLE 3840	9.86461	-0.796956	57.3612
			*CONTROL_POS_SAMPLE 4032	15.3956	-0.526899	55.265
			*CONTROL_POS_SAMPLE 4224	21.2102	-0.130251	53.1541
			*CONTROL_POS_SAMPLE 4416	23.5633	-0.622238	53.9423
			*CONTROL_POS_SAMPLE 4608	26.5132	-0.972083	54.8481
			*CONTROL_POS_SAMPLE 4800	29.4027	-0.972303	55.684
			*CONTROL_POS_SAMPLE 4992	30.4338	-0.481554	56.1622
		}
		*CONTROL_ROT_TRACK {
			*CONTROL_ROT_SAMPLE 192	-0.70859	0.12068	0.695225	4.02748
			*CONTROL_ROT_SAMPLE 384	-0.703777	0.187307	0.685284	4.08375
			*CONTROL_ROT_SAMPLE 576	-0.695519	0.198581	0.69052	4.08894
			*CONTROL_ROT_SAMPLE 768	0.683881	-0.198867	-0.701968	2.20466
			*CONTROL_ROT_SAMPLE 960	0.667526	-0.204958	-0.715822	2.22174
			*CONTROL_ROT_SAMPLE 1152	0.646517	-0.213382	-0.73245	2.2409
			*CONTROL_ROT_SAMPLE 1344	0.622505	-0.223603	-0.749993	2.26304
			*CONTROL_ROT_SAMPLE 1536	0.597573	-0.233651	-0.767016	2.28819
			*CONTROL_ROT_SAMPLE 1728	0.574199	-0.242274	-0.782048	2.31418
			*CONTROL_ROT_SAMPLE 1920	0.555122	-0.248164	-0.793886	2.33723
			*CONTROL_ROT_SAMPLE 2112	0.543204	-0.25001	-0.801514	2.35242
			*CONTROL_ROT_SAMPLE 2304	0.548091	-0.244488	-0.799889	2.3537
			*CONTROL_ROT_SAMPLE 2496	0.547012	-0.241339	-0.801582	2.36001
			*CONTROL_ROT_SAMPLE 2688	0.562238	-0.226233	-0.795429	2.33086
			*CONTROL_ROT_SAMPLE 2880	0.585726	-0.206072	-0.783875	2.29184
			*CONTROL_ROT_SAMPLE 3072	0.610564	-0.187172	-0.769531	2.2624
			*CONTROL_ROT_SAMPLE 3264	0.635463	-0.170569	-0.753056	2.24372
			*CONTROL_ROT_SAMPLE 3456	0.662865	-0.152839	-0.732974	2.22682
			*CONTROL_ROT_SAMPLE 3648	0.69155	-0.134521	-0.709692	2.21282
			*CONTROL_ROT_SAMPLE 3840	-0.720149	0.116698	0.683935	4.07947
			*CONTROL_ROT_SAMPLE 4032	-0.754409	0.0951116	0.649478	4.08559
			*CONTROL_ROT_SAMPLE 4224	-0.784258	0.0764127	0.615711	4.08605
			*CONTROL_ROT_SAMPLE 4416	-0.764541	0.0860794	0.638801	4.08757
			*CONTROL_ROT_SAMPLE 4608	-0.739506	0.100991	0.665531	4.08647
			*CONTROL_ROT_SAMPLE 4800	-0.715128	0.118361	0.688899	4.07985
			*CONTROL_ROT_SAMPLE 4992	-0.70812	0.12694	0.694588	4.06703
		}
	}
}
*HELPEROBJECT {
	*NODE_NAME "Bip01 R Foot"
	*NODE_PARENT "Bip01 R Calf"
	*NODE_TM {
		*NODE_NAME "Bip01 R Foot"
		*TM_ROW0 0.0308102	-0.0302854	-0.999066
