*3DSMAX_ASCIIEXPORT	110
*COMMENT "This file is part of Gothic Free Aim Copyright (C) 2016-2018  mud-freak (@szapp)"
*COMMENT "<http://github.com/szapp/GothicFreeAim>"
*COMMENT "Animations: first iteration"
*SCENE {
	*SCENE_FILENAME "magIK_WND_frontLeft.max"
	*SCENE_FIRSTFRAME 1
	*SCENE_LASTFRAME 27
	*SCENE_FRAMESPEED 25
	*SCENE_TICKSPERFRAME 192
	*SCENE_BACKGROUND_STATIC 0	0	0
	*SCENE_AMBIENT_STATIC 0.2	0.2	0.2
}
*HELPEROBJECT {
	*NODE_NAME "Bip01"
	*NODE_TM {
		*NODE_NAME "Bip01"
		*TM_ROW0 -0.0768495	-0.997041	0.00202082
		*TM_ROW1 0.997026	-0.0768364	0.00590978
		*TM_ROW2 -0.00573702	0.00246897	0.999981
		*TM_ROW3 -20.6701	11.9132	86.0889
		*TM_POS -20.6701	11.9132	86.0889
		*TM_ROTAXIS -0.00172551	0.00389042	0.999991
		*TM_ROTANGLE 1.64772
		*TM_SCALE 1	1	1
		*TM_SCALEAXIS 0	0	0
		*TM_SCALEAXISANG 0	0	0
	}
	*TM_ANIMATION {
		*NODE_NAME "Bip01"
		*CONTROL_POS_TRACK {
			*CONTROL_POS_SAMPLE 192	-20.6701	11.9132	86.0889
			*CONTROL_POS_SAMPLE 384	-20.9419	10.6047	84.2384
			*CONTROL_POS_SAMPLE 576	-19.9715	8.08713	83.1022
			*CONTROL_POS_SAMPLE 768	-18.0884	4.65822	82.4998
			*CONTROL_POS_SAMPLE 960	-15.6223	0.615793	82.2506
			*CONTROL_POS_SAMPLE 1152	-12.9029	-3.74237	82.1742
			*CONTROL_POS_SAMPLE 1344	-10.2598	-8.11847	82.0898
			*CONTROL_POS_SAMPLE 1536	-8.02266	-12.2147	81.817
			*CONTROL_POS_SAMPLE 1728	-6.1801	-16.5531	81.5743
			*CONTROL_POS_SAMPLE 1920	-4.15473	-21.5295	81.6163
			*CONTROL_POS_SAMPLE 2112	-1.42719	-26.6573	81.817
			*CONTROL_POS_SAMPLE 2304	2.30777	-32.0178	82.0672
			*CONTROL_POS_SAMPLE 2496	6.62816	-37.6481	82.339
			*CONTROL_POS_SAMPLE 2688	10.9626	-42.9943	82.6285
			*CONTROL_POS_SAMPLE 2880	14.7397	-47.5027	82.9318
			*CONTROL_POS_SAMPLE 3072	17.2169	-49.9538	83.245
			*CONTROL_POS_SAMPLE 3264	19.0419	-51.2437	83.5643
			*CONTROL_POS_SAMPLE 3456	21.7288	-53.9917	83.8856
			*CONTROL_POS_SAMPLE 3648	25.9826	-59.3427	84.2053
			*CONTROL_POS_SAMPLE 3840	30.9804	-65.9079	84.5192
			*CONTROL_POS_SAMPLE 4032	35.9449	-72.5054	84.8237
			*CONTROL_POS_SAMPLE 4224	40.0987	-77.9538	85.1147
			*CONTROL_POS_SAMPLE 4416	41.4555	-79.9369	85.3884
			*CONTROL_POS_SAMPLE 4608	42.6659	-80.8714	85.6077
			*CONTROL_POS_SAMPLE 4800	46.5715	-83.5969	85.7634
			*CONTROL_POS_SAMPLE 4992	51.3275	-86.7331	85.8937
			*CONTROL_POS_SAMPLE 5184	56.0834	-89.8694	86.0367
		}
		*CONTROL_ROT_TRACK {
			*CONTROL_ROT_SAMPLE 192	-0.00172551	0.00389042	0.999991	1.64772
			*CONTROL_ROT_SAMPLE 384	-0.00172551	0.00389042	0.999991	1.64772
			*CONTROL_ROT_SAMPLE 576	-0.00172551	0.00389042	0.999991	1.64772
			*CONTROL_ROT_SAMPLE 768	-0.00172551	0.00389042	0.999991	1.64772
			*CONTROL_ROT_SAMPLE 960	-0.00172551	0.00389042	0.999991	1.64772
			*CONTROL_ROT_SAMPLE 1152	-0.00172551	0.00389042	0.999991	1.64772
			*CONTROL_ROT_SAMPLE 1344	-0.00172551	0.00389042	0.999991	1.64772
			*CONTROL_ROT_SAMPLE 1536	-0.00172551	0.00389042	0.999991	1.64772
			*CONTROL_ROT_SAMPLE 1728	-0.00172551	0.00389042	0.999991	1.64772
			*CONTROL_ROT_SAMPLE 1920	-0.00172551	0.00389042	0.999991	1.64772
			*CONTROL_ROT_SAMPLE 2112	-0.00172551	0.00389042	0.999991	1.64772
			*CONTROL_ROT_SAMPLE 2304	-0.00172551	0.00389042	0.999991	1.64772
			*CONTROL_ROT_SAMPLE 2496	-0.00172551	0.00389042	0.999991	1.64772
			*CONTROL_ROT_SAMPLE 2688	-0.00172551	0.00389042	0.999991	1.64772
			*CONTROL_ROT_SAMPLE 2880	-0.00172551	0.00389042	0.999991	1.64772
			*CONTROL_ROT_SAMPLE 3072	-0.00172551	0.00389042	0.999991	1.64772
			*CONTROL_ROT_SAMPLE 3264	-0.00172551	0.00389042	0.999991	1.64772
			*CONTROL_ROT_SAMPLE 3456	-0.00172551	0.00389042	0.999991	1.64772
			*CONTROL_ROT_SAMPLE 3648	-0.00172551	0.00389042	0.999991	1.64772
			*CONTROL_ROT_SAMPLE 3840	-0.00172551	0.00389042	0.999991	1.64772
			*CONTROL_ROT_SAMPLE 4032	-0.00172551	0.00389042	0.999991	1.64772
			*CONTROL_ROT_SAMPLE 4224	-0.00172551	0.00389042	0.999991	1.64772
			*CONTROL_ROT_SAMPLE 4416	-0.00172551	0.00389042	0.999991	1.64772
			*CONTROL_ROT_SAMPLE 4608	-0.00172551	0.00389042	0.999991	1.64772
			*CONTROL_ROT_SAMPLE 4800	-0.00172551	0.00389042	0.999991	1.64772
			*CONTROL_ROT_SAMPLE 4992	-0.00172551	0.00389042	0.999991	1.64772
			*CONTROL_ROT_SAMPLE 5184	-0.00172551	0.00389042	0.999991	1.64772
		}
	}
}
*HELPEROBJECT {
	*NODE_NAME "Bip01 Footsteps"
	*NODE_PARENT "Bip01"
	*NODE_TM {
		*NODE_NAME "Bip01 Footsteps"
		*TM_ROW0 1	0	0
		*TM_ROW1 0	1	0
		*TM_ROW2 0	0	1
		*TM_ROW3 -20.6701	11.9132	-1.02798
		*TM_POS -20.6701	11.9132	-1.02798
		*TM_ROTAXIS 0	0	0
		*TM_ROTANGLE 0
		*TM_SCALE 1	1	1
		*TM_SCALEAXIS 0	0	0
		*TM_SCALEAXISANG 0	0	0
	}
}
*HELPEROBJECT {
	*NODE_NAME "Bip01 Pelvis"
	*NODE_PARENT "Bip01"
	*NODE_TM {
		*NODE_NAME "Bip01 Pelvis"
		*TM_ROW0 -0.00989784	0.0027896	0.999947
		*TM_ROW1 -0.0768482	-0.997041	0.00202082
		*TM_ROW2 0.996994	-0.0768241	0.0100829
		*TM_ROW3 -21.934	13.4322	86.0779
		*TM_POS -21.934	13.4322	86.0779
		*TM_ROTAXIS -0.703316	0.0263455	-0.710389
		*TM_ROTANGLE 3.08551
		*TM_SCALE 1	1	1
		*TM_SCALEAXIS 0	0	0
		*TM_SCALEAXISANG 0	0	0
	}
	*TM_ANIMATION {
		*NODE_NAME "Bip01 Pelvis"
		*CONTROL_POS_TRACK {
			*CONTROL_POS_SAMPLE 192	-21.934	13.4322	86.0779
			*CONTROL_POS_SAMPLE 384	-22.2059	12.1237	84.2274
			*CONTROL_POS_SAMPLE 576	-21.2354	9.60612	83.0912
			*CONTROL_POS_SAMPLE 768	-19.3523	6.17721	82.4888
			*CONTROL_POS_SAMPLE 960	-16.8863	2.13478	82.2396
			*CONTROL_POS_SAMPLE 1152	-14.1669	-2.22338	82.1632
			*CONTROL_POS_SAMPLE 1344	-11.5238	-6.59948	82.0788
			*CONTROL_POS_SAMPLE 1536	-9.2866	-10.6957	81.806
			*CONTROL_POS_SAMPLE 1728	-7.44404	-15.0341	81.5633
			*CONTROL_POS_SAMPLE 1920	-5.41868	-20.0105	81.6053
			*CONTROL_POS_SAMPLE 2112	-2.69113	-25.1383	81.806
			*CONTROL_POS_SAMPLE 2304	1.04382	-30.4988	82.0562
			*CONTROL_POS_SAMPLE 2496	5.36421	-36.1291	82.328
			*CONTROL_POS_SAMPLE 2688	9.69866	-41.4753	82.6175
			*CONTROL_POS_SAMPLE 2880	13.4758	-45.9837	82.9208
			*CONTROL_POS_SAMPLE 3072	15.953	-48.4348	83.234
			*CONTROL_POS_SAMPLE 3264	17.7779	-49.7247	83.5533
			*CONTROL_POS_SAMPLE 3456	20.4649	-52.4727	83.8746
			*CONTROL_POS_SAMPLE 3648	24.7187	-57.8237	84.1943
			*CONTROL_POS_SAMPLE 3840	29.7164	-64.3889	84.5082
			*CONTROL_POS_SAMPLE 4032	34.6809	-70.9864	84.8127
			*CONTROL_POS_SAMPLE 4224	38.8348	-76.4348	85.1037
			*CONTROL_POS_SAMPLE 4416	40.1915	-78.4179	85.3774
			*CONTROL_POS_SAMPLE 4608	41.402	-79.3525	85.5966
			*CONTROL_POS_SAMPLE 4800	45.3075	-82.0779	85.7524
			*CONTROL_POS_SAMPLE 4992	50.0635	-85.2141	85.8827
			*CONTROL_POS_SAMPLE 5184	54.8195	-88.3504	86.0257
		}
		*CONTROL_ROT_TRACK {
			*CONTROL_ROT_SAMPLE 192	-0.703316	0.0263455	-0.710389	3.08551
			*CONTROL_ROT_SAMPLE 384	-0.703316	0.0263455	-0.710389	3.08551
			*CONTROL_ROT_SAMPLE 576	-0.703316	0.0263455	-0.710389	3.08551
			*CONTROL_ROT_SAMPLE 768	-0.703316	0.0263455	-0.710389	3.08551
			*CONTROL_ROT_SAMPLE 960	-0.703316	0.0263455	-0.710389	3.08551
			*CONTROL_ROT_SAMPLE 1152	-0.703316	0.0263455	-0.710389	3.08551
			*CONTROL_ROT_SAMPLE 1344	-0.703316	0.0263455	-0.710389	3.08551
			*CONTROL_ROT_SAMPLE 1536	-0.703316	0.0263455	-0.710389	3.08551
			*CONTROL_ROT_SAMPLE 1728	-0.703316	0.0263455	-0.710389	3.08551
			*CONTROL_ROT_SAMPLE 1920	-0.703316	0.0263455	-0.710389	3.08551
			*CONTROL_ROT_SAMPLE 2112	-0.703316	0.0263455	-0.710389	3.08551
			*CONTROL_ROT_SAMPLE 2304	-0.703316	0.0263455	-0.710389	3.08551
			*CONTROL_ROT_SAMPLE 2496	-0.703316	0.0263455	-0.710389	3.08551
			*CONTROL_ROT_SAMPLE 2688	-0.703316	0.0263455	-0.710389	3.08551
			*CONTROL_ROT_SAMPLE 2880	-0.703316	0.0263455	-0.710389	3.08551
			*CONTROL_ROT_SAMPLE 3072	-0.703316	0.0263455	-0.710389	3.08551
			*CONTROL_ROT_SAMPLE 3264	-0.703316	0.0263455	-0.710389	3.08551
			*CONTROL_ROT_SAMPLE 3456	-0.703316	0.0263455	-0.710389	3.08551
			*CONTROL_ROT_SAMPLE 3648	-0.703316	0.0263455	-0.710389	3.08551
			*CONTROL_ROT_SAMPLE 3840	-0.703316	0.0263455	-0.710389	3.08551
			*CONTROL_ROT_SAMPLE 4032	-0.703316	0.0263455	-0.710389	3.08551
			*CONTROL_ROT_SAMPLE 4224	-0.703316	0.0263455	-0.710389	3.08551
			*CONTROL_ROT_SAMPLE 4416	-0.703316	0.0263455	-0.710389	3.08551
			*CONTROL_ROT_SAMPLE 4608	-0.703316	0.0263455	-0.710389	3.08551
			*CONTROL_ROT_SAMPLE 4800	-0.703316	0.0263455	-0.710389	3.08551
			*CONTROL_ROT_SAMPLE 4992	-0.703316	0.0263455	-0.710389	3.08551
			*CONTROL_ROT_SAMPLE 5184	-0.703316	0.0263455	-0.710389	3.08551
		}
	}
}
*HELPEROBJECT {
	*NODE_NAME "Bip01 Spine"
	*NODE_PARENT "Bip01 Pelvis"
	*NODE_TM {
		*NODE_NAME "Bip01 Spine"
		*TM_ROW0 -0.00450257	-0.0676148	0.997701
		*TM_ROW1 -0.0786287	-0.994599	-0.0677594
		*TM_ROW2 0.996894	-0.0787531	-0.000838223
		*TM_ROW3 -21.941	13.527	88.4786
		*TM_POS -21.941	13.527	88.4786
		*TM_ROTAXIS -0.705508	0.0518229	-0.706805
		*TM_ROTANGLE 3.1338
		*TM_SCALE 1	1	1
		*TM_SCALEAXIS 0	0	0
		*TM_SCALEAXISANG 0	0	0
	}
}
*HELPEROBJECT {
	*NODE_NAME "Bip01 Spine1"
	*NODE_PARENT "Bip01 Spine"
	*NODE_TM {
		*NODE_NAME "Bip01 Spine1"
		*TM_ROW0 -0.022734	-0.0867541	0.99597
		*TM_ROW1 -0.0960176	-0.991433	-0.0885506
		*TM_ROW2 0.99512	-0.0976438	0.0142093
		*TM_ROW3 -21.9842	12.8726	98.2841
		*TM_POS -21.9842	12.8726	98.2841
		*TM_ROTAXIS -0.699019	0.0653679	-0.712109
		*TM_ROTANGLE 3.13509
		*TM_SCALE 1	1	1
		*TM_SCALEAXIS 0	0	0
		*TM_SCALEAXISANG 0	0	0
	}
}
*HELPEROBJECT {
	*NODE_NAME "Bip01 Spine2"
	*NODE_PARENT "Bip01 Spine1"
	*NODE_TM {
		*NODE_NAME "Bip01 Spine2"
		*TM_ROW0 0.19334	-0.00283435	0.981128
		*TM_ROW1 -0.270893	-0.961278	0.0506049
		*TM_ROW2 0.942993	-0.275564	-0.186621
		*TM_ROW3 -22.2685	11.786	111.021
		*TM_POS -22.2685	11.786	111.021
		*TM_ROTAXIS -0.769438	0.0899593	-0.632354
		*TM_ROTANGLE 2.92802
		*TM_SCALE 1	1	1
		*TM_SCALEAXIS 0	0	0
		*TM_SCALEAXISANG 0	0	0
	}
}
*HELPEROBJECT {
	*NODE_NAME "Bip01 Neck"
	*NODE_PARENT "Bip01 Spine2"
	*NODE_TM {
		*NODE_NAME "Bip01 Neck"
		*TM_ROW0 0.125107	-0.226107	0.966035
		*TM_ROW1 -0.308407	-0.934311	-0.178741
		*TM_ROW2 0.942992	-0.27557	-0.186621
		*TM_ROW3 -16.4697	11.7061	140.44
		*TM_POS -16.4697	11.7061	140.44
		*TM_ROTAXIS -0.749731	0.178421	-0.637236
		*TM_ROTANGLE 3.07697
		*TM_SCALE 1	1	1
		*TM_SCALEAXIS 0	0	0
		*TM_SCALEAXISANG 0	0	0
	}
}
*HELPEROBJECT {
	*NODE_NAME "Bip01 Head"
	*NODE_PARENT "Bip01 Neck"
	*NODE_TM {
		*NODE_NAME "Bip01 Head"
		*TM_ROW0 0.0261643	0.0840717	0.996116
		*TM_ROW1 -0.381992	-0.919997	0.0876807
		*TM_ROW2 0.923795	-0.382802	0.00804362
		*TM_ROW3 -15.6141	10.1597	147.047
		*TM_POS -15.6141	10.1597	147.047
		*TM_ROTAXIS -0.706237	0.10856	-0.699603
		*TM_ROTANGLE 2.80201
		*TM_SCALE 1	1	1
		*TM_SCALEAXIS 0	0	0
		*TM_SCALEAXISANG 0	0	0
	}
}
*HELPEROBJECT {
	*NODE_NAME "zs_Helmet"
	*NODE_PARENT "Bip01 Head"
	*NODE_TM {
		*NODE_NAME "zs_Helmet"
		*TM_ROW0 0.923796	-0.382801	0.0080436
		*TM_ROW1 0.37876	0.910565	-0.165564
		*TM_ROW2 0.0560539	0.155994	0.986166
		*TM_ROW3 -35.8079	-32.5445	433.984
		*TM_POS -35.8079	-32.5445	433.984
		*TM_ROTAXIS 0.388327	-0.0579793	0.919696
		*TM_ROTANGLE 0.426876
		*TM_SCALE 1	1	1
		*TM_SCALEAXIS 0	0	0
		*TM_SCALEAXISANG 0	0	0
	}
}
*HELPEROBJECT {
	*NODE_NAME "Bip01 L Clavicle"
	*NODE_PARENT "Bip01 Neck"
	*NODE_TM {
		*NODE_NAME "Bip01 L Clavicle"
		*TM_ROW0 0.962705	-0.230504	-0.141657
		*TM_ROW1 0.226698	0.97303	-0.0426726
		*TM_ROW2 0.147673	0.00896782	0.988996
		*TM_ROW3 -9.32952	11.8977	133.562
		*TM_POS -9.32952	11.8977	133.562
		*TM_ROTAXIS 0.0950114	-0.532328	0.841189
		*TM_ROTANGLE 0.275221
		*TM_SCALE 1	1	1
		*TM_SCALEAXIS 0	0	0
		*TM_SCALEAXISANG 0	0	0
	}
}
*HELPEROBJECT {
	*NODE_NAME "Bip01 L UpperArm"
	*NODE_PARENT "Bip01 L Clavicle"
	*NODE_TM {
		*NODE_NAME "Bip01 L UpperArm"
		*TM_ROW0 0.464469	-0.0277962	-0.885153
		*TM_ROW1 0.405647	0.895165	0.184746
		*TM_ROW2 0.787222	-0.444868	0.427051
		*TM_ROW3 3.49949	8.82599	131.674
		*TM_POS 3.49949	8.82599	131.674
		*TM_ROTAXIS -0.342408	-0.909501	0.235723
		*TM_ROTANGLE 1.16653
		*TM_SCALE 1	1	1
		*TM_SCALEAXIS 0	0	0
		*TM_SCALEAXISANG 0	0	0
	}
}
*HELPEROBJECT {
	*NODE_NAME "Bip01 L Forearm"
	*NODE_PARENT "Bip01 L UpperArm"
	*NODE_TM {
		*NODE_NAME "Bip01 L Forearm"
		*TM_ROW0 0.0784232	-0.614668	-0.784877
		*TM_ROW1 0.611662	0.651364	-0.448993
		*TM_ROW2 0.787222	-0.444868	0.427052
		*TM_ROW3 16.4611	8.0503	106.973
		*TM_POS 16.4611	8.0503	106.973
		*TM_ROTAXIS 0.00206859	-0.788478	0.615059
		*TM_ROTANGLE 1.4923
		*TM_SCALE 1	1	1
		*TM_SCALEAXIS 0	0	0
		*TM_SCALEAXISANG 0	0	0
	}
}
*HELPEROBJECT {
	*NODE_NAME "Bip01 L Hand"
	*NODE_PARENT "Bip01 L Forearm"
	*NODE_TM {
		*NODE_NAME "Bip01 L Hand"
		*TM_ROW0 -0.122321	-0.689553	-0.71383
		*TM_ROW1 -0.823967	0.4715	-0.314271
		*TM_ROW2 0.553277	0.549731	-0.625844
		*TM_ROW3 18.6425	-9.04751	85.1407
		*TM_POS 18.6425	-9.04751	85.1407
		*TM_ROTAXIS 0.561214	-0.823053	-0.0873086
		*TM_ROTANGLE 2.26313
		*TM_SCALE 1	1	1
		*TM_SCALEAXIS 0	0	0
		*TM_SCALEAXISANG 0	0	0
	}
}
*HELPEROBJECT {
	*NODE_NAME "Bip01 L Finger0"
	*NODE_PARENT "Bip01 L Hand"
	*NODE_TM {
		*NODE_NAME "Bip01 L Finger0"
		*TM_ROW0 -0.122322	-0.689553	-0.71383
		*TM_ROW1 -0.82439	0.47108	-0.313792
		*TM_ROW2 0.552647	0.550091	-0.626084
		*TM_ROW3 17.0683	-17.922	75.9538
		*TM_POS 17.0683	-17.922	75.9538
		*TM_ROTAXIS 0.561337	-0.822937	-0.0876146
		*TM_ROTANGLE 2.26356
		*TM_SCALE 1	1	1
		*TM_SCALEAXIS 0	0	0
		*TM_SCALEAXISANG 0	0	0
	}
}
*HELPEROBJECT {
	*NODE_NAME "zs_LeftHand"
	*NODE_PARENT "Bip01 L Hand"
	*NODE_TM {
		*NODE_NAME "zs_LeftHand"
		*TM_ROW0 0.5351	0.636625	-0.555316
		*TM_ROW1 0.0992162	-0.700153	-0.707065
		*TM_ROW2 -0.838942	0.323255	-0.437816
		*TM_ROW3 -57.1566	-59.8141	-11.2158
		*TM_POS -57.1566	-59.8141	-11.2158
		*TM_ROTAXIS -0.861352	-0.237113	0.449277
		*TM_ROTANGLE 3.7827
		*TM_SCALE 1	1	1
		*TM_SCALEAXIS 0	0	0
		*TM_SCALEAXISANG 0	0	0
	}
}
*HELPEROBJECT {
	*NODE_NAME "zs_LeftArm"
	*NODE_PARENT "Bip01 L Forearm"
	*NODE_TM {
		*NODE_NAME "zs_LeftArm"
		*TM_ROW0 0.144335	-0.416646	-0.897538
		*TM_ROW1 0.63896	0.73183	-0.23697
		*TM_ROW2 0.755577	-0.539288	0.371848
		*TM_ROW3 -31.3936	-289.517	1.1423
		*TM_POS -31.3936	-289.517	1.1423
		*TM_ROTAXIS -0.152335	-0.832987	0.531909
		*TM_ROTANGLE 1.44647
		*TM_SCALE 1	1	1
		*TM_SCALEAXIS 0	0	0
		*TM_SCALEAXISANG 0	0	0
	}
}
*HELPEROBJECT {
	*NODE_NAME "Bip01 R Clavicle"
	*NODE_PARENT "Bip01 Neck"
	*NODE_TM {
		*NODE_NAME "Bip01 R Clavicle"
		*TM_ROW0 -0.939687	0.340572	-0.0315971
		*TM_ROW1 0.341957	0.937431	-0.0654868
		*TM_ROW2 0.00731709	-0.072342	-0.997353
		*TM_ROW3 -24.3495	16.2868	136.535
		*TM_POS -24.3495	16.2868	136.535
		*TM_ROTAXIS -0.173383	-0.984232	0.0350126
		*TM_ROTANGLE 3.12182
		*TM_SCALE 1	1	1
		*TM_SCALEAXIS 0	0	0
		*TM_SCALEAXISANG 0	0	0
	}
}
*HELPEROBJECT {
	*NODE_NAME "Bip01 R UpperArm"
	*NODE_PARENT "Bip01 R Clavicle"
	*NODE_TM {
		*NODE_NAME "Bip01 R UpperArm"
		*TM_ROW0 -0.338806	-0.141686	-0.930127
		*TM_ROW1 0.39734	0.874563	-0.277956
		*TM_ROW2 0.852837	-0.46375	-0.24001
		*TM_ROW3 -36.8718	20.8253	136.114
		*TM_POS -36.8718	20.8253	136.114
		*TM_ROTAXIS -0.0992538	-0.952486	0.287956
		*TM_ROTANGLE 1.93064
		*TM_SCALE 1	1	1
		*TM_SCALEAXIS 0	0	0
		*TM_SCALEAXISANG 0	0	0
	}
}
*HELPEROBJECT {
	*NODE_NAME "Bip01 R Forearm"
	*NODE_PARENT "Bip01 R UpperArm"
	*NODE_TM {
		*NODE_NAME "Bip01 R Forearm"
		*TM_ROW0 -0.41903	-0.88206	0.215369
		*TM_ROW1 -0.31158	-0.0831036	-0.946579
		*TM_ROW2 0.852837	-0.46375	-0.24001
		*TM_ROW3 -46.3266	16.8714	110.157
		*TM_POS -46.3266	16.8714	110.157
		*TM_ROTAXIS 0.491523	-0.648947	0.580752
		*TM_ROTANGLE 2.62818
		*TM_SCALE 1	1	1
		*TM_SCALEAXIS 0	0	0
		*TM_SCALEAXISANG 0	0	0
	}
}
*HELPEROBJECT {
	*NODE_NAME "Bip01 R Hand"
	*NODE_PARENT "Bip01 R Forearm"
	*NODE_TM {
		*NODE_NAME "Bip01 R Hand"
		*TM_ROW0 -0.420412	-0.883765	0.205458
		*TM_ROW1 0.262193	0.0984501	0.95998
		*TM_ROW2 -0.868624	0.457457	0.190328
		*TM_ROW3 -57.9825	-7.66427	116.148
		*TM_POS -57.9825	-7.66427	116.148
		*TM_ROTAXIS 0.304733	-0.65133	-0.694915
		*TM_ROTANGLE 4.11097
		*TM_SCALE 1	1	1
		*TM_SCALEAXIS 0	0	0
		*TM_SCALEAXISANG 0	0	0
	}
}
*HELPEROBJECT {
	*NODE_NAME "Bip01 R Finger0"
	*NODE_PARENT "Bip01 R Hand"
	*NODE_TM {
		*NODE_NAME "Bip01 R Finger0"
		*TM_ROW0 -0.420406	-0.883766	0.205465
		*TM_ROW1 0.261537	0.0988041	0.960123
		*TM_ROW2 -0.868825	0.457378	0.1896
		*TM_ROW3 -63.3931	-19.0382	118.792
		*TM_POS -63.3931	-19.0382	118.792
		*TM_ROTAXIS 0.304914	-0.651555	-0.694625
		*TM_ROTANGLE 4.11074
		*TM_SCALE 1	1	1
		*TM_SCALEAXIS 0	0	0
		*TM_SCALEAXISANG 0	0	0
	}
}
*HELPEROBJECT {
	*NODE_NAME "zs_RightHand"
	*NODE_PARENT "Bip01 R Hand"
	*NODE_TM {
		*NODE_NAME "zs_RightHand"
		*TM_ROW0 0.766188	-0.474155	-0.433744
		*TM_ROW1 0.464704	0.875013	-0.135658
		*TM_ROW2 0.443854	-0.0976227	0.890766
		*TM_ROW3 -209.251	-19.7408	256.68
		*TM_POS -209.251	-19.7408	256.68
		*TM_ROTAXIS 0.029583	-0.682572	0.730219
		*TM_ROTANGLE 0.698227
		*TM_SCALE 1	1	1
		*TM_SCALEAXIS 0	0	0
		*TM_SCALEAXISANG 0	0	0
	}
}
*HELPEROBJECT {
	*NODE_NAME "zs_Crossbow"
	*NODE_PARENT "Bip01 Spine2"
	*NODE_TM {
		*NODE_NAME "zs_Crossbow"
		*TM_ROW0 -0.279892	-0.154854	0.94746
		*TM_ROW1 -0.907727	0.363993	-0.208663
		*TM_ROW2 -0.312556	-0.918439	-0.242444
		*TM_ROW3 -2.05921	372.796	1444.23
		*TM_POS -2.05921	372.796	1444.23
		*TM_ROTAXIS 0.435335	-0.772821	0.461769
		*TM_ROTANGLE 4.09468
		*TM_SCALE 1	1	1
		*TM_SCALEAXIS 0	0	0
		*TM_SCALEAXISANG 0	0	0
	}
}
*HELPEROBJECT {
	*NODE_NAME "zs_Longsword"
	*NODE_PARENT "Bip01 Spine2"
	*NODE_TM {
		*NODE_NAME "zs_Longsword"
		*TM_ROW0 -0.386744	-0.0952716	0.917253
		*TM_ROW1 -0.856303	0.406304	-0.318845
		*TM_ROW2 -0.342306	-0.908758	-0.238717
		*TM_ROW3 -148.303	344.692	1202.07
		*TM_POS -148.303	344.692	1202.07
		*TM_ROTAXIS 0.372079	-0.794448	0.48001
		*TM_ROTANGLE 4.05686
		*TM_SCALE 1	1	1
		*TM_SCALEAXIS 0	0	0
		*TM_SCALEAXISANG 0	0	0
	}
}
*HELPEROBJECT {
	*NODE_NAME "zs_Shield"
	*NODE_PARENT "Bip01 Spine2"
	*NODE_TM {
		*NODE_NAME "zs_Shield"
		*TM_ROW0 -0.112642	0.294636	-0.948948
		*TM_ROW1 -0.71993	0.634033	0.282316
		*TM_ROW2 0.684845	0.714977	0.140698
		*TM_ROW3 337.098	356.708	346.286
		*TM_POS 337.098	356.708	346.286
		*TM_ROTAXIS 0.219485	-0.828812	-0.514682
		*TM_ROTANGLE 1.74057
		*TM_SCALE 1	1	1
		*TM_SCALEAXIS 0	0	0
		*TM_SCALEAXISANG 0	0	0
	}
}
*HELPEROBJECT {
	*NODE_NAME "zs_Bow"
	*NODE_PARENT "Bip01 Spine2"
	*NODE_TM {
		*NODE_NAME "zs_Bow"
		*TM_ROW0 -0.214068	-0.156141	0.964259
		*TM_ROW1 0.329062	0.917917	0.22169
		*TM_ROW2 -0.919724	0.364758	-0.145116
		*TM_ROW3 149.744	512.649	179.363
		*TM_POS 149.744	512.649	179.363
		*TM_ROTAXIS 0.0733413	0.965792	0.248731
		*TM_ROTANGLE 1.79326
		*TM_SCALE 1	1	1
		*TM_SCALEAXIS 0	0	0
		*TM_SCALEAXISANG 0	0	0
	}
}
*HELPEROBJECT {
	*NODE_NAME "zs_Sword"
	*NODE_PARENT "Bip01 Spine"
	*NODE_TM {
		*NODE_NAME "zs_Sword"
		*TM_ROW0 -0.0433975	-0.462632	0.885488
		*TM_ROW1 0.064361	0.883187	0.464584
		*TM_ROW2 -0.996983	0.0771526	-0.00855263
		*TM_ROW3 296.166	59.7256	131.881
		*TM_POS 296.166	59.7256	131.881
		*TM_ROTAXIS -0.194409	0.944604	0.26444
		*TM_ROTANGLE 1.65528
		*TM_SCALE 1	1	1
		*TM_SCALEAXIS 0	0	0
		*TM_SCALEAXISANG 0	0	0
	}
}
*HELPEROBJECT {
	*NODE_NAME "Bip01 L Thigh"
	*NODE_PARENT "Bip01 Pelvis"
	*NODE_TM {
		*NODE_NAME "Bip01 L Thigh"
		*TM_ROW0 0.110614	-0.662651	-0.740714
		*TM_ROW1 -0.0488412	-0.748012	0.661886
		*TM_ROW2 -0.992663	-0.0370362	-0.115105
		*TM_ROW3 -12.9509	12.74	86.1688
		*TM_POS -12.9509	12.74	86.1688
		*TM_ROTAXIS -0.725243	0.261436	0.636925
		*TM_ROTANGLE 2.63882
		*TM_SCALE 1	1	1
		*TM_SCALEAXIS 0	0	0
		*TM_SCALEAXISANG 0	0	0
	}
	*TM_ANIMATION {
		*NODE_NAME "Bip01 L Thigh"
		*CONTROL_POS_TRACK {
			*CONTROL_POS_SAMPLE 192	-12.9509	12.74	86.1688
			*CONTROL_POS_SAMPLE 384	-13.2227	11.4315	84.3182
			*CONTROL_POS_SAMPLE 576	-12.2523	8.9139	83.182
			*CONTROL_POS_SAMPLE 768	-10.3692	5.48499	82.5796
			*CONTROL_POS_SAMPLE 960	-7.90313	1.44256	82.3305
			*CONTROL_POS_SAMPLE 1152	-5.18372	-2.9156	82.254
			*CONTROL_POS_SAMPLE 1344	-2.54062	-7.2917	82.1697
			*CONTROL_POS_SAMPLE 1536	-0.303474	-11.3879	81.8969
			*CONTROL_POS_SAMPLE 1728	1.53909	-15.7263	81.6541
			*CONTROL_POS_SAMPLE 1920	3.56445	-20.7027	81.6961
			*CONTROL_POS_SAMPLE 2112	6.292	-25.8305	81.8969
			*CONTROL_POS_SAMPLE 2304	10.027	-31.191	82.1471
			*CONTROL_POS_SAMPLE 2496	14.3473	-36.8213	82.4188
			*CONTROL_POS_SAMPLE 2688	18.6818	-42.1675	82.7083
			*CONTROL_POS_SAMPLE 2880	22.4589	-46.6759	83.0116
			*CONTROL_POS_SAMPLE 3072	24.9361	-49.1271	83.3248
			*CONTROL_POS_SAMPLE 3264	26.761	-50.4169	83.6441
			*CONTROL_POS_SAMPLE 3456	29.448	-53.1649	83.9655
			*CONTROL_POS_SAMPLE 3648	33.7018	-58.516	84.2851
			*CONTROL_POS_SAMPLE 3840	38.6996	-65.0811	84.5991
			*CONTROL_POS_SAMPLE 4032	43.664	-71.6786	84.9035
			*CONTROL_POS_SAMPLE 4224	47.8179	-77.1271	85.1945
			*CONTROL_POS_SAMPLE 4416	49.1747	-79.1101	85.4682
			*CONTROL_POS_SAMPLE 4608	50.3851	-80.0447	85.6875
			*CONTROL_POS_SAMPLE 4800	54.2907	-82.7701	85.8432
			*CONTROL_POS_SAMPLE 4992	59.0466	-85.9064	85.9735
			*CONTROL_POS_SAMPLE 5184	63.8026	-89.0426	86.1166
		}
		*CONTROL_ROT_TRACK {
			*CONTROL_ROT_SAMPLE 192	-0.725243	0.261436	0.636925	2.63882
			*CONTROL_ROT_SAMPLE 384	-0.733556	0.302037	0.608827	2.54037
			*CONTROL_ROT_SAMPLE 576	-0.750301	0.342906	0.565212	2.47848
			*CONTROL_ROT_SAMPLE 768	-0.764631	0.365487	0.530809	2.44795
			*CONTROL_ROT_SAMPLE 960	-0.774514	0.368163	0.514377	2.43669
			*CONTROL_ROT_SAMPLE 1152	-0.783557	0.360926	0.505738	2.44357
			*CONTROL_ROT_SAMPLE 1344	-0.7911	0.34874	0.502535	2.46053
			*CONTROL_ROT_SAMPLE 1536	-0.79769	0.331677	0.503667	2.48867
			*CONTROL_ROT_SAMPLE 1728	-0.804408	0.30747	0.50832	2.53109
			*CONTROL_ROT_SAMPLE 1920	-0.808912	0.283479	0.515074	2.57445
			*CONTROL_ROT_SAMPLE 2112	-0.800203	0.286396	0.526927	2.58795
			*CONTROL_ROT_SAMPLE 2304	-0.791743	0.273561	0.546175	2.60403
			*CONTROL_ROT_SAMPLE 2496	-0.781862	0.251345	0.570541	2.62757
			*CONTROL_ROT_SAMPLE 2688	-0.771478	0.222223	0.596187	2.65871
			*CONTROL_ROT_SAMPLE 2880	-0.761615	0.192136	0.618891	2.69418
			*CONTROL_ROT_SAMPLE 3072	-0.753851	0.173199	0.633807	2.72093
			*CONTROL_ROT_SAMPLE 3264	-0.747174	0.161742	0.644647	2.73943
			*CONTROL_ROT_SAMPLE 3456	-0.738082	0.139254	0.660185	2.77107
			*CONTROL_ROT_SAMPLE 3648	-0.723677	0.095046	0.683563	2.83301
			*CONTROL_ROT_SAMPLE 3840	0.701261	-0.0250109	-0.712466	3.3459
			*CONTROL_ROT_SAMPLE 4032	0.675175	0.0542127	-0.735662	3.2193
			*CONTROL_ROT_SAMPLE 4224	0.66211	0.0825849	-0.744842	3.17229
			*CONTROL_ROT_SAMPLE 4416	0.680405	-0.00693315	-0.732803	3.32345
			*CONTROL_ROT_SAMPLE 4608	-0.702251	0.13113	0.699749	2.77159
			*CONTROL_ROT_SAMPLE 4800	-0.711312	0.218834	0.667942	2.64356
			*CONTROL_ROT_SAMPLE 4992	-0.718084	0.260559	0.645341	2.59476
			*CONTROL_ROT_SAMPLE 5184	-0.729394	0.266942	0.629862	2.60695
		}
	}
}
*HELPEROBJECT {
	*NODE_NAME "Bip01 L Calf"
	*NODE_PARENT "Bip01 L Thigh"
	*NODE_TM {
		*NODE_NAME "Bip01 L Calf"
		*TM_ROW0 0.09841	0.305669	-0.947039
		*TM_ROW1 0.0702587	-0.951417	-0.299781
		*TM_ROW2 -0.992663	-0.0370362	-0.115105
		*TM_ROW3 -8.59884	-13.3319	57.0255
		*TM_POS -8.59884	-13.3319	57.0255
		*TM_ROTAXIS -0.738635	-0.12826	0.661791
		*TM_ROTANGLE 3.3204
		*TM_SCALE 1	1	1
		*TM_SCALEAXIS 0	0	0
		*TM_SCALEAXISANG 0	0	0
	}
	*TM_ANIMATION {
		*NODE_NAME "Bip01 L Calf"
		*CONTROL_POS_TRACK {
			*CONTROL_POS_SAMPLE 192	-8.59884	-13.3319	57.0255
			*CONTROL_POS_SAMPLE 384	-7.03758	-18.0242	58.978
			*CONTROL_POS_SAMPLE 576	-3.65458	-22.8756	61.6524
			*CONTROL_POS_SAMPLE 768	0.0689122	-27.3174	63.5254
			*CONTROL_POS_SAMPLE 960	3.70772	-31.4352	64.1026
			*CONTROL_POS_SAMPLE 1152	7.33628	-35.3557	63.8447
			*CONTROL_POS_SAMPLE 1344	10.6459	-39.0285	63.0149
			*CONTROL_POS_SAMPLE 1536	13.366	-42.105	61.461
			*CONTROL_POS_SAMPLE 1728	15.6206	-44.8964	59.3195
			*CONTROL_POS_SAMPLE 1920	17.8385	-48.2216	57.4685
			*CONTROL_POS_SAMPLE 2112	19.4481	-53.4178	57.1204
			*CONTROL_POS_SAMPLE 2304	22.08	-58.0359	56.0301
			*CONTROL_POS_SAMPLE 2496	25.0825	-62.3233	54.4471
			*CONTROL_POS_SAMPLE 2688	27.9924	-65.7786	52.6444
			*CONTROL_POS_SAMPLE 2880	30.3849	-68.1588	51.0166
			*CONTROL_POS_SAMPLE 3072	31.7907	-69.1368	50.149
			*CONTROL_POS_SAMPLE 3264	32.7328	-69.4746	49.7449
			*CONTROL_POS_SAMPLE 3456	34.186	-70.3838	48.9073
			*CONTROL_POS_SAMPLE 3648	36.4526	-71.9688	47.4141
			*CONTROL_POS_SAMPLE 3840	38.4676	-72.1342	45.8923
			*CONTROL_POS_SAMPLE 4032	40.2554	-71.0496	45.7117
			*CONTROL_POS_SAMPLE 4224	42.9802	-73.7246	46.2968
			*CONTROL_POS_SAMPLE 4416	46.6078	-84.6926	46.6061
			*CONTROL_POS_SAMPLE 4608	51.1962	-97.0017	50.1936
			*CONTROL_POS_SAMPLE 4800	57.1213	-106.829	54.8403
			*CONTROL_POS_SAMPLE 4992	63.0567	-112.759	57.4975
			*CONTROL_POS_SAMPLE 5184	68.8914	-115.922	57.8391
		}
		*CONTROL_ROT_TRACK {
			*CONTROL_ROT_SAMPLE 192	-0.738635	-0.12826	0.661791	3.3204
			*CONTROL_ROT_SAMPLE 384	-0.745447	-0.147232	0.650101	3.291
			*CONTROL_ROT_SAMPLE 576	-0.765084	-0.157394	0.624398	3.24726
			*CONTROL_ROT_SAMPLE 768	-0.781005	-0.160928	0.603435	3.20354
			*CONTROL_ROT_SAMPLE 960	-0.788876	-0.159932	0.593377	3.16889
			*CONTROL_ROT_SAMPLE 1152	-0.795932	-0.153914	0.585494	3.14035
			*CONTROL_ROT_SAMPLE 1344	-0.80162	-0.146825	0.579524	3.12098
			*CONTROL_ROT_SAMPLE 1536	-0.806932	-0.136484	0.574659	3.10684
			*CONTROL_ROT_SAMPLE 1728	-0.811919	-0.125341	0.570155	3.09979
			*CONTROL_ROT_SAMPLE 1920	-0.813749	-0.123147	0.568021	3.11021
			*CONTROL_ROT_SAMPLE 2112	-0.801931	-0.160585	0.57543	3.19551
			*CONTROL_ROT_SAMPLE 2304	-0.785007	-0.196952	0.587345	3.27281
			*CONTROL_ROT_SAMPLE 2496	-0.764483	-0.231181	0.601764	3.35115
			*CONTROL_ROT_SAMPLE 2688	-0.743326	-0.259248	0.616649	3.42118
			*CONTROL_ROT_SAMPLE 2880	-0.725034	-0.27863	0.629835	3.47589
			*CONTROL_ROT_SAMPLE 3072	-0.714327	-0.285309	0.639012	3.50628
			*CONTROL_ROT_SAMPLE 3264	-0.707386	-0.285945	0.646406	3.52417
			*CONTROL_ROT_SAMPLE 3456	-0.695347	-0.291852	0.656746	3.55251
			*CONTROL_ROT_SAMPLE 3648	-0.674756	-0.304189	0.672438	3.59493
			*CONTROL_ROT_SAMPLE 3840	0.647043	0.314713	-0.694472	2.65177
			*CONTROL_ROT_SAMPLE 4032	0.622404	0.315257	-0.716399	2.65137
			*CONTROL_ROT_SAMPLE 4224	0.611247	0.314982	-0.72606	2.65237
			*CONTROL_ROT_SAMPLE 4416	0.62161	0.329262	-0.710765	2.59825
			*CONTROL_ROT_SAMPLE 4608	0.653025	0.3225	-0.685239	2.60434
			*CONTROL_ROT_SAMPLE 4800	-0.681478	-0.29138	0.671331	3.6061
			*CONTROL_ROT_SAMPLE 4992	-0.710357	-0.227577	0.666034	3.47599
			*CONTROL_ROT_SAMPLE 5184	-0.738381	-0.142112	0.65924	3.31463
		}
	}
}
*HELPEROBJECT {
	*NODE_NAME "Bip01 L Foot"
	*NODE_PARENT "Bip01 L Calf"
	*NODE_TM {
		*NODE_NAME "Bip01 L Foot"
		*TM_ROW0 0.0195879	0.00534468	-0.999794
		*TM_ROW1 0.448578	-0.893735	0.0040108
		*TM_ROW2 -0.893529	-0.448564	-0.0199039
		*TM_ROW3 -3.76714	1.67568	10.5281
		*TM_POS -3.76714	1.67568	10.5281
		*TM_ROTAXIS -0.704597	-0.16544	0.690053
		*TM_ROTANGLE 2.81464
		*TM_SCALE 1	1	1
		*TM_SCALEAXIS 0	0	0
		*TM_SCALEAXISANG 0	0	0
	}
	*TM_ANIMATION {
		*NODE_NAME "Bip01 L Foot"
		*CONTROL_POS_TRACK {
			*CONTROL_POS_SAMPLE 192	-3.76714	1.67568	10.5281
			*CONTROL_POS_SAMPLE 384	-1.32598	-2.55589	12.732
			*CONTROL_POS_SAMPLE 576	4.84034	-7.85047	15.6887
			*CONTROL_POS_SAMPLE 768	10.9041	-13.1535	17.7809
			*CONTROL_POS_SAMPLE 960	15.7264	-18.2535	18.3601
			*CONTROL_POS_SAMPLE 1152	20.4461	-23.362	18.075
			*CONTROL_POS_SAMPLE 1344	24.6517	-28.0588	17.2537
			*CONTROL_POS_SAMPLE 1536	28.2174	-32.2741	15.7077
			*CONTROL_POS_SAMPLE 1728	31.2691	-36.0777	13.6256
			*CONTROL_POS_SAMPLE 1920	33.7727	-39.259	11.9015
			*CONTROL_POS_SAMPLE 2112	33.5246	-39.259	12.2655
			*CONTROL_POS_SAMPLE 2304	33.6557	-39.1463	12.215
			*CONTROL_POS_SAMPLE 2496	33.8199	-39.0125	12.1287
			*CONTROL_POS_SAMPLE 2688	34.0041	-38.8684	12.0208
			*CONTROL_POS_SAMPLE 2880	34.1951	-38.7247	11.9053
			*CONTROL_POS_SAMPLE 3072	34.3798	-38.5925	11.7964
			*CONTROL_POS_SAMPLE 3264	34.545	-38.4824	11.7083
			*CONTROL_POS_SAMPLE 3456	34.6775	-38.4054	11.6551
			*CONTROL_POS_SAMPLE 3648	34.7642	-38.3723	11.6509
			*CONTROL_POS_SAMPLE 3840	33.8368	-37.2725	11.6315
			*CONTROL_POS_SAMPLE 4032	32.7396	-36.3561	11.7933
			*CONTROL_POS_SAMPLE 4224	34.1781	-39.1753	12.541
			*CONTROL_POS_SAMPLE 4416	39.7914	-48.0001	14.7035
			*CONTROL_POS_SAMPLE 4608	47.9403	-60.5604	17.4519
			*CONTROL_POS_SAMPLE 4800	56.4129	-73.5976	18.705
			*CONTROL_POS_SAMPLE 4992	64.8563	-86.5917	15.993
			*CONTROL_POS_SAMPLE 5184	73.6639	-100.122	11.5988
		}
		*CONTROL_ROT_TRACK {
			*CONTROL_ROT_SAMPLE 192	-0.704597	-0.16544	0.690053	2.81464
			*CONTROL_ROT_SAMPLE 384	-0.703733	-0.181193	0.686971	2.78419
			*CONTROL_ROT_SAMPLE 576	-0.703795	-0.180155	0.68718	2.78619
			*CONTROL_ROT_SAMPLE 768	-0.704002	-0.176629	0.687883	2.793
			*CONTROL_ROT_SAMPLE 960	-0.704142	-0.174141	0.688374	2.7978
			*CONTROL_ROT_SAMPLE 1152	-0.704409	-0.169167	0.689341	2.80742
			*CONTROL_ROT_SAMPLE 1344	-0.704597	-0.16544	0.690053	2.81464
			*CONTROL_ROT_SAMPLE 1536	-0.704637	-0.164612	0.69021	2.81624
			*CONTROL_ROT_SAMPLE 1728	-0.704617	-0.165026	0.690132	2.81544
			*CONTROL_ROT_SAMPLE 1920	-0.704597	-0.16544	0.690053	2.81464
			*CONTROL_ROT_SAMPLE 2112	-0.704597	-0.16544	0.690053	2.81464
			*CONTROL_ROT_SAMPLE 2304	-0.704597	-0.16544	0.690053	2.81464
			*CONTROL_ROT_SAMPLE 2496	-0.704597	-0.16544	0.690053	2.81464
			*CONTROL_ROT_SAMPLE 2688	-0.704597	-0.16544	0.690053	2.81464
			*CONTROL_ROT_SAMPLE 2880	-0.704597	-0.16544	0.690053	2.81464
			*CONTROL_ROT_SAMPLE 3072	-0.704597	-0.16544	0.690053	2.81464
			*CONTROL_ROT_SAMPLE 3264	-0.704597	-0.16544	0.690053	2.81464
			*CONTROL_ROT_SAMPLE 3456	-0.704597	-0.16544	0.690053	2.81464
			*CONTROL_ROT_SAMPLE 3648	-0.704597	-0.16544	0.690053	2.81464
			*CONTROL_ROT_SAMPLE 3840	-0.704597	-0.16544	0.690053	2.81464
			*CONTROL_ROT_SAMPLE 4032	-0.704597	-0.16544	0.690053	2.81464
			*CONTROL_ROT_SAMPLE 4224	-0.704597	-0.16544	0.690053	2.81464
			*CONTROL_ROT_SAMPLE 4416	-0.704597	-0.16544	0.690053	2.81464
			*CONTROL_ROT_SAMPLE 4608	-0.704597	-0.16544	0.690053	2.81464
			*CONTROL_ROT_SAMPLE 4800	-0.704597	-0.16544	0.690053	2.81464
			*CONTROL_ROT_SAMPLE 4992	-0.704597	-0.16544	0.690053	2.81464
			*CONTROL_ROT_SAMPLE 5184	-0.704597	-0.16544	0.690053	2.81464
		}
	}
}
*HELPEROBJECT {
	*NODE_NAME "Bip01 L Toe0"
	*NODE_PARENT "Bip01 L Foot"
	*NODE_TM {
		*NODE_NAME "Bip01 L Toe0"
		*TM_ROW0 0.448584	-0.893732	0.00393963
		*TM_ROW1 -0.0195528	-0.00540683	0.999794
		*TM_ROW2 -0.893527	-0.448569	-0.0199004
		*TM_ROW3 6.63771	-18.4944	-2.0052
		*TM_POS 6.63771	-18.4944	-2.0052
		*TM_ROTAXIS -0.756308	0.46864	0.45648
		*TM_ROTANGLE 1.86331
		*TM_SCALE 1	1	1
		*TM_SCALEAXIS 0	0	0
		*TM_SCALEAXISANG 0	0	0
	}
	*TM_ANIMATION {
		*NODE_NAME "Bip01 L Toe0"
		*CONTROL_POS_TRACK {
			*CONTROL_POS_SAMPLE 192	6.63771	-18.4944	-2.0052
			*CONTROL_POS_SAMPLE 384	9.99076	-22.2452	0.224465
			*CONTROL_POS_SAMPLE 576	16.0978	-27.5726	3.17933
			*CONTROL_POS_SAMPLE 768	21.959	-32.9861	5.26555
			*CONTROL_POS_SAMPLE 960	26.6378	-38.1629	5.84069
			*CONTROL_POS_SAMPLE 1152	31.0688	-43.4219	5.54748
			*CONTROL_POS_SAMPLE 1344	35.0565	-48.2289	4.72037
			*CONTROL_POS_SAMPLE 1536	38.5737	-52.4684	3.17311
			*CONTROL_POS_SAMPLE 1728	41.6497	-56.2598	1.09164
			*CONTROL_POS_SAMPLE 1920	44.1776	-59.4291	-0.631815
			*CONTROL_POS_SAMPLE 2112	43.9295	-59.4291	-0.267852
			*CONTROL_POS_SAMPLE 2304	44.0606	-59.3164	-0.318305
			*CONTROL_POS_SAMPLE 2496	44.2248	-59.1826	-0.404598
			*CONTROL_POS_SAMPLE 2688	44.409	-59.0384	-0.512559
			*CONTROL_POS_SAMPLE 2880	44.6	-58.8948	-0.628039
			*CONTROL_POS_SAMPLE 3072	44.7847	-58.7626	-0.736918
			*CONTROL_POS_SAMPLE 3264	44.9498	-58.6525	-0.825031
			*CONTROL_POS_SAMPLE 3456	45.0823	-58.5755	-0.878239
			*CONTROL_POS_SAMPLE 3648	45.169	-58.5424	-0.882433
			*CONTROL_POS_SAMPLE 3840	44.2417	-57.4425	-0.901772
			*CONTROL_POS_SAMPLE 4032	43.1445	-56.5262	-0.740014
			*CONTROL_POS_SAMPLE 4224	44.583	-59.3454	0.0077303
			*CONTROL_POS_SAMPLE 4416	50.1962	-68.1702	2.17019
			*CONTROL_POS_SAMPLE 4608	58.3452	-80.7305	4.91862
			*CONTROL_POS_SAMPLE 4800	66.8178	-93.7677	6.17166
			*CONTROL_POS_SAMPLE 4992	75.2612	-106.762	3.45971
			*CONTROL_POS_SAMPLE 5184	84.0688	-120.292	-0.934559
		}
		*CONTROL_ROT_TRACK {
			*CONTROL_ROT_SAMPLE 192	-0.756308	0.46864	0.45648	1.86331
			*CONTROL_ROT_SAMPLE 384	-0.772427	0.456071	0.441991	1.84531
			*CONTROL_ROT_SAMPLE 576	-0.771375	0.456912	0.442959	1.84648
			*CONTROL_ROT_SAMPLE 768	-0.767788	0.459757	0.446234	1.85046
			*CONTROL_ROT_SAMPLE 960	-0.765249	0.461751	0.448532	1.85329
			*CONTROL_ROT_SAMPLE 1152	-0.760149	0.465705	0.453092	1.85899
			*CONTROL_ROT_SAMPLE 1344	-0.756308	0.46864	0.45648	1.86331
			*CONTROL_ROT_SAMPLE 1536	-0.755453	0.469289	0.457229	1.86428
			*CONTROL_ROT_SAMPLE 1728	-0.755881	0.468965	0.456855	1.86379
			*CONTROL_ROT_SAMPLE 1920	-0.756308	0.46864	0.45648	1.86331
			*CONTROL_ROT_SAMPLE 2112	-0.756308	0.46864	0.45648	1.86331
			*CONTROL_ROT_SAMPLE 2304	-0.756308	0.46864	0.45648	1.86331
			*CONTROL_ROT_SAMPLE 2496	-0.756308	0.46864	0.45648	1.86331
			*CONTROL_ROT_SAMPLE 2688	-0.756308	0.46864	0.45648	1.86331
			*CONTROL_ROT_SAMPLE 2880	-0.756308	0.46864	0.45648	1.86331
			*CONTROL_ROT_SAMPLE 3072	-0.756308	0.46864	0.45648	1.86331
			*CONTROL_ROT_SAMPLE 3264	-0.756308	0.46864	0.45648	1.86331
			*CONTROL_ROT_SAMPLE 3456	-0.756308	0.46864	0.45648	1.86331
			*CONTROL_ROT_SAMPLE 3648	-0.756308	0.46864	0.45648	1.86331
			*CONTROL_ROT_SAMPLE 3840	-0.756308	0.46864	0.45648	1.86331
			*CONTROL_ROT_SAMPLE 4032	-0.756308	0.46864	0.45648	1.86331
			*CONTROL_ROT_SAMPLE 4224	-0.756308	0.46864	0.45648	1.86331
			*CONTROL_ROT_SAMPLE 4416	-0.756308	0.46864	0.45648	1.86331
			*CONTROL_ROT_SAMPLE 4608	-0.756308	0.46864	0.45648	1.86331
			*CONTROL_ROT_SAMPLE 4800	-0.756308	0.46864	0.45648	1.86331
			*CONTROL_ROT_SAMPLE 4992	-0.756308	0.46864	0.45648	1.86331
			*CONTROL_ROT_SAMPLE 5184	-0.756308	0.46864	0.45648	1.86331
		}
	}
}
*HELPEROBJECT {
	*NODE_NAME "Bip01 R Thigh"
	*NODE_PARENT "Bip01 Pelvis"
	*NODE_TM {
		*NODE_NAME "Bip01 R Thigh"
		*TM_ROW0 -0.508159	-0.352402	-0.785867
		*TM_ROW1 -0.480493	-0.641262	0.598255
		*TM_ROW2 -0.714773	0.681613	0.156537
		*TM_ROW3 -30.9172	14.1244	85.9871
		*TM_POS -30.9172	14.1244	85.9871
		*TM_ROTAXIS 0.494547	-0.42179	-0.759945
		*TM_ROTANGLE 3.05722
		*TM_SCALE 1	1	1
		*TM_SCALEAXIS 0	0	0
		*TM_SCALEAXISANG 0	0	0
	}
	*TM_ANIMATION {
		*NODE_NAME "Bip01 R Thigh"
		*CONTROL_POS_TRACK {
			*CONTROL_POS_SAMPLE 192	-30.9172	14.1244	85.9871
			*CONTROL_POS_SAMPLE 384	-31.189	12.8159	84.1365
			*CONTROL_POS_SAMPLE 576	-30.2185	10.2983	83.0003
			*CONTROL_POS_SAMPLE 768	-28.3355	6.86942	82.3979
			*CONTROL_POS_SAMPLE 960	-25.8694	2.82699	82.1488
			*CONTROL_POS_SAMPLE 1152	-23.15	-1.53117	82.0723
			*CONTROL_POS_SAMPLE 1344	-20.5069	-5.90727	81.988
			*CONTROL_POS_SAMPLE 1536	-18.2697	-10.0035	81.7152
			*CONTROL_POS_SAMPLE 1728	-16.4272	-14.3419	81.4724
			*CONTROL_POS_SAMPLE 1920	-14.4018	-19.3183	81.5145
			*CONTROL_POS_SAMPLE 2112	-11.6743	-24.4461	81.7152
			*CONTROL_POS_SAMPLE 2304	-7.93931	-29.8066	81.9654
			*CONTROL_POS_SAMPLE 2496	-3.61892	-35.4369	82.2372
			*CONTROL_POS_SAMPLE 2688	0.715535	-40.7831	82.5267
			*CONTROL_POS_SAMPLE 2880	4.49266	-45.2915	82.83
			*CONTROL_POS_SAMPLE 3072	6.96983	-47.7426	83.1432
			*CONTROL_POS_SAMPLE 3264	8.79479	-49.0325	83.4624
			*CONTROL_POS_SAMPLE 3456	11.4818	-51.7805	83.7838
			*CONTROL_POS_SAMPLE 3648	15.7356	-57.1315	84.1034
			*CONTROL_POS_SAMPLE 3840	20.7333	-63.6967	84.4174
			*CONTROL_POS_SAMPLE 4032	25.6978	-70.2942	84.7218
			*CONTROL_POS_SAMPLE 4224	29.8517	-75.7426	85.0129
			*CONTROL_POS_SAMPLE 4416	31.2084	-77.7256	85.2866
			*CONTROL_POS_SAMPLE 4608	32.4188	-78.6602	85.5058
			*CONTROL_POS_SAMPLE 4800	36.3244	-81.3857	85.6615
			*CONTROL_POS_SAMPLE 4992	41.0804	-84.5219	85.7919
			*CONTROL_POS_SAMPLE 5184	45.8363	-87.6582	85.9349
		}
		*CONTROL_ROT_TRACK {
			*CONTROL_ROT_SAMPLE 192	0.494547	-0.42179	-0.759945	3.05722
			*CONTROL_ROT_SAMPLE 384	0.460821	-0.44792	-0.766167	3.02235
			*CONTROL_ROT_SAMPLE 576	0.449104	-0.440906	-0.777115	3.01915
			*CONTROL_ROT_SAMPLE 768	0.441275	-0.421968	-0.791972	3.00529
			*CONTROL_ROT_SAMPLE 960	0.43603	-0.394677	-0.80877	2.9798
			*CONTROL_ROT_SAMPLE 1152	0.431947	-0.362573	-0.82581	2.94174
			*CONTROL_ROT_SAMPLE 1344	0.427972	-0.325307	-0.843217	2.89932
			*CONTROL_ROT_SAMPLE 1536	0.429726	-0.285365	-0.856681	2.85452
			*CONTROL_ROT_SAMPLE 1728	0.448208	-0.226124	-0.864857	2.75267
			*CONTROL_ROT_SAMPLE 1920	0.464412	-0.189576	-0.865091	2.69129
			*CONTROL_ROT_SAMPLE 2112	0.460053	-0.210424	-0.862597	2.76318
			*CONTROL_ROT_SAMPLE 2304	0.451374	-0.234658	-0.860928	2.84153
			*CONTROL_ROT_SAMPLE 2496	0.441861	-0.259475	-0.858738	2.92003
			*CONTROL_ROT_SAMPLE 2688	0.43517	-0.287033	-0.853369	3.00167
			*CONTROL_ROT_SAMPLE 2880	0.435272	-0.320093	-0.841474	3.08577
			*CONTROL_ROT_SAMPLE 3072	0.446709	-0.366104	-0.816345	3.17502
			*CONTROL_ROT_SAMPLE 3264	0.469465	-0.41684	-0.778362	3.24959
			*CONTROL_ROT_SAMPLE 3456	0.496322	-0.451613	-0.741425	3.28972
			*CONTROL_ROT_SAMPLE 3648	0.520182	-0.463687	-0.71722	3.29842
			*CONTROL_ROT_SAMPLE 3840	0.541797	-0.464835	-0.700275	3.29195
			*CONTROL_ROT_SAMPLE 4032	0.563311	-0.462937	-0.684376	3.27975
			*CONTROL_ROT_SAMPLE 4224	0.587773	-0.462993	-0.663446	3.26851
			*CONTROL_ROT_SAMPLE 4416	0.581832	-0.453821	-0.67492	3.26075
			*CONTROL_ROT_SAMPLE 4608	0.576767	-0.448697	-0.68265	3.25811
			*CONTROL_ROT_SAMPLE 4800	0.55834	-0.43576	-0.705953	3.25713
			*CONTROL_ROT_SAMPLE 4992	0.53688	-0.417996	-0.73283	3.25085
			*CONTROL_ROT_SAMPLE 5184	0.516966	-0.397118	-0.758316	3.23563
		}
	}
}
*HELPEROBJECT {
	*NODE_NAME "Bip01 R Calf"
	*NODE_PARENT "Bip01 R Thigh"
	*NODE_TM {
		*NODE_NAME "Bip01 R Calf"
		*TM_ROW0 0.184458	0.399645	-0.897919
		*TM_ROW1 -0.674592	-0.612934	-0.411385
		*TM_ROW2 -0.714773	0.681613	0.156537
		*TM_ROW3 -50.9106	0.259204	55.0673
		*TM_POS -50.9106	0.259204	55.0673
		*TM_ROTAXIS -0.708162	0.118662	0.696007
		*TM_ROTANGLE 4.02312
		*TM_SCALE 1	1	1
		*TM_SCALEAXIS 0	0	0
		*TM_SCALEAXISANG 0	0	0
	}
	*TM_ANIMATION {
		*NODE_NAME "Bip01 R Calf"
		*CONTROL_POS_TRACK {
			*CONTROL_POS_SAMPLE 192	-50.9106	0.259204	55.0673
			*CONTROL_POS_SAMPLE 384	-53.6035	0.217151	54.3561
			*CONTROL_POS_SAMPLE 576	-53.4569	-1.49045	53.5212
			*CONTROL_POS_SAMPLE 768	-52.0637	-3.48091	52.7693
			*CONTROL_POS_SAMPLE 960	-49.8375	-5.50041	52.0788
			*CONTROL_POS_SAMPLE 1152	-47.176	-7.28185	51.4505
			*CONTROL_POS_SAMPLE 1344	-44.5003	-8.74334	50.935
			*CONTROL_POS_SAMPLE 1536	-41.7706	-9.91189	50.1602
			*CONTROL_POS_SAMPLE 1728	-37.616	-9.11637	48.7349
			*CONTROL_POS_SAMPLE 1920	-33.6988	-11.0868	48.2295
			*CONTROL_POS_SAMPLE 2112	-32.1701	-19.2558	48.5339
			*CONTROL_POS_SAMPLE 2304	-29.8522	-27.9429	49.3407
			*CONTROL_POS_SAMPLE 2496	-26.8263	-36.9237	50.5004
			*CONTROL_POS_SAMPLE 2688	-23.4159	-45.8814	51.8722
			*CONTROL_POS_SAMPLE 2880	-19.8938	-54.3994	53.3281
			*CONTROL_POS_SAMPLE 3072	-16.655	-61.6815	54.9369
			*CONTROL_POS_SAMPLE 3264	-13.0283	-67.6877	56.5598
			*CONTROL_POS_SAMPLE 3456	-8.15433	-73.6271	57.6081
			*CONTROL_POS_SAMPLE 3648	-1.9645	-80.4024	57.7749
			*CONTROL_POS_SAMPLE 3840	4.80094	-87.5297	57.47
			*CONTROL_POS_SAMPLE 4032	11.5786	-94.4253	57.0387
			*CONTROL_POS_SAMPLE 4224	17.8994	-100.375	56.7565
			*CONTROL_POS_SAMPLE 4416	18.6868	-101.587	56.618
			*CONTROL_POS_SAMPLE 4608	19.4289	-102.078	56.6806
			*CONTROL_POS_SAMPLE 4800	21.6911	-103.669	56.725
			*CONTROL_POS_SAMPLE 4992	24.5841	-105.272	56.7176
			*CONTROL_POS_SAMPLE 5184	27.649	-106.579	56.6219
		}
		*CONTROL_ROT_TRACK {
			*CONTROL_ROT_SAMPLE 192	-0.708162	0.118662	0.696007	4.02312
			*CONTROL_ROT_SAMPLE 384	-0.712183	0.139536	0.687986	4.11472
			*CONTROL_ROT_SAMPLE 576	-0.705415	0.131656	0.69646	4.15068
			*CONTROL_ROT_SAMPLE 768	0.689662	-0.123122	-0.713588	2.10837
			*CONTROL_ROT_SAMPLE 960	0.666776	-0.115284	-0.736288	2.09552
			*CONTROL_ROT_SAMPLE 1152	0.638761	-0.10963	-0.761554	2.09355
			*CONTROL_ROT_SAMPLE 1344	0.603908	-0.105102	-0.790094	2.11263
			*CONTROL_ROT_SAMPLE 1536	0.575068	-0.0923682	-0.812875	2.13733
			*CONTROL_ROT_SAMPLE 1728	0.5542	-0.0667862	-0.8297	2.16182
			*CONTROL_ROT_SAMPLE 1920	0.551571	-0.0441549	-0.832959	2.16721
			*CONTROL_ROT_SAMPLE 2112	0.570697	-0.0244244	-0.820797	2.10972
			*CONTROL_ROT_SAMPLE 2304	0.586407	-0.00941167	-0.809962	2.06147
