*3DSMAX_ASCIIEXPORT	110
*COMMENT "This file is part of Gothic Free Aim Copyright (C) 2016-2018  mud-freak (@szapp)"
*COMMENT "<http://github.com/szapp/GothicFreeAim>"
*COMMENT "Animations: first iteration"
*SCENE {
	*SCENE_FILENAME "bowIK_frontLeft.max"
	*SCENE_FIRSTFRAME 1
	*SCENE_LASTFRAME 26
	*SCENE_FRAMESPEED 25
	*SCENE_TICKSPERFRAME 192
	*SCENE_BACKGROUND_STATIC 0	0	0
	*SCENE_AMBIENT_STATIC 0.2	0.2	0.2
}
*HELPEROBJECT {
	*NODE_NAME "Bip01"
	*NODE_TM {
		*NODE_NAME "Bip01"
		*TM_ROW0 -0.836433	-0.547982	0.00976657
		*TM_ROW1 0.547225	-0.836002	-0.0405677
		*TM_ROW2 0.0303952	-0.0285876	0.999129
		*TM_ROW3 4.02873	6.9506	89.0723
		*TM_POS 4.02873	6.9506	89.0723
		*TM_ROTAXIS -0.010936	0.0188309	-0.999763
		*TM_ROTANGLE 3.72125
		*TM_SCALE 1	1	1
		*TM_SCALEAXIS 0	0	0
		*TM_SCALEAXISANG 0	0	0
	}
	*TM_ANIMATION {
		*NODE_NAME "Bip01"
		*CONTROL_POS_TRACK {
			*CONTROL_POS_SAMPLE 192	-0.0496109	8.30836	93.7967
			*CONTROL_POS_SAMPLE 384	1.80958	9.03762	90.6101
			*CONTROL_POS_SAMPLE 576	4.02873	6.9506	89.0723
			*CONTROL_POS_SAMPLE 768	6.28085	4.67271	88.4892
			*CONTROL_POS_SAMPLE 960	8.58887	2.31557	88.0962
			*CONTROL_POS_SAMPLE 1152	11.0769	-0.648047	86.8217
			*CONTROL_POS_SAMPLE 1344	13.5785	-3.67697	85.2733
			*CONTROL_POS_SAMPLE 1536	16.1215	-6.79324	83.7285
			*CONTROL_POS_SAMPLE 1728	18.7338	-10.0189	82.4648
			*CONTROL_POS_SAMPLE 1920	21.8704	-14.1231	81.7598
			*CONTROL_POS_SAMPLE 2112	25.1714	-18.5383	82.3534
			*CONTROL_POS_SAMPLE 2304	28.4766	-22.9538	83.9846
			*CONTROL_POS_SAMPLE 2496	31.7855	-27.3716	85.4289
			*CONTROL_POS_SAMPLE 2688	35.0973	-31.7933	86.3828
			*CONTROL_POS_SAMPLE 2880	38.4117	-36.2207	87.1498
			*CONTROL_POS_SAMPLE 3072	41.728	-40.6557	87.4163
			*CONTROL_POS_SAMPLE 3264	45.0457	-45.1	87.0583
			*CONTROL_POS_SAMPLE 3456	48.3643	-49.5554	86.3401
			*CONTROL_POS_SAMPLE 3648	51.6831	-54.0237	85.5316
			*CONTROL_POS_SAMPLE 3840	55.0017	-58.5067	84.9023
			*CONTROL_POS_SAMPLE 4032	58.3194	-63.0062	84.7218
			*CONTROL_POS_SAMPLE 4224	61.6762	-68.2229	85.246
			*CONTROL_POS_SAMPLE 4416	65.0695	-74.0912	86.3105
			*CONTROL_POS_SAMPLE 4608	68.4707	-80.0985	87.5526
			*CONTROL_POS_SAMPLE 4800	71.8716	-86.1028	88.6118
			*CONTROL_POS_SAMPLE 4992	75.2736	-92.126	88.9836
		}
		*CONTROL_ROT_TRACK {
			*CONTROL_ROT_SAMPLE 192	-0.0117369	0.0185917	-0.999758	3.72121
			*CONTROL_ROT_SAMPLE 384	-0.0113252	0.0187147	-0.999761	3.72123
			*CONTROL_ROT_SAMPLE 576	-0.010936	0.0188309	-0.999763	3.72125
			*CONTROL_ROT_SAMPLE 768	-0.0105751	0.0189387	-0.999765	3.72126
			*CONTROL_ROT_SAMPLE 960	-0.0102485	0.0190362	-0.999766	3.72127
			*CONTROL_ROT_SAMPLE 1152	-0.00996221	0.0191217	-0.999768	3.72129
			*CONTROL_ROT_SAMPLE 1344	-0.00972205	0.0191934	-0.999768	3.7213
			*CONTROL_ROT_SAMPLE 1536	-0.00953402	0.0192496	-0.999769	3.72131
			*CONTROL_ROT_SAMPLE 1728	-0.00940405	0.0192884	-0.99977	3.72131
			*CONTROL_ROT_SAMPLE 1920	-0.0093381	0.0193081	-0.99977	3.72131
			*CONTROL_ROT_SAMPLE 2112	-0.00934208	0.0193069	-0.99977	3.72131
			*CONTROL_ROT_SAMPLE 2304	-0.00942196	0.019283	-0.99977	3.72131
			*CONTROL_ROT_SAMPLE 2496	-0.0096226	0.0192231	-0.999769	3.7213
			*CONTROL_ROT_SAMPLE 2688	-0.0099646	0.019121	-0.999768	3.72129
			*CONTROL_ROT_SAMPLE 2880	-0.0104175	0.0189858	-0.999765	3.72127
			*CONTROL_ROT_SAMPLE 3072	-0.0109507	0.0188265	-0.999763	3.72124
			*CONTROL_ROT_SAMPLE 3264	-0.0115338	0.0186524	-0.999759	3.72122
			*CONTROL_ROT_SAMPLE 3456	-0.0121363	0.0184724	-0.999756	3.72119
			*CONTROL_ROT_SAMPLE 3648	-0.0127277	0.0182958	-0.999752	3.72117
			*CONTROL_ROT_SAMPLE 3840	-0.0132774	0.0181315	-0.999747	3.72114
			*CONTROL_ROT_SAMPLE 4032	-0.0137551	0.0179889	-0.999744	3.72112
			*CONTROL_ROT_SAMPLE 4224	-0.0141302	0.0178768	-0.99974	3.7211
			*CONTROL_ROT_SAMPLE 4416	-0.0143722	0.0178045	-0.999738	3.72109
			*CONTROL_ROT_SAMPLE 4608	-0.0139577	0.0179283	-0.999742	3.72111
			*CONTROL_ROT_SAMPLE 4800	-0.0128473	0.01826	-0.999751	3.72116
			*CONTROL_ROT_SAMPLE 4992	-0.0117369	0.0185917	-0.999758	3.72121
		}
	}
}
*HELPEROBJECT {
	*NODE_NAME "Bip01 Footsteps"
	*NODE_PARENT "Bip01"
	*NODE_TM {
		*NODE_NAME "Bip01 Footsteps"
		*TM_ROW0 1	0	0
		*TM_ROW1 0	1	0
		*TM_ROW2 0	0	1
		*TM_ROW3 4.02873	6.9506	-3.41537
		*TM_POS 4.02873	6.9506	-3.41537
		*TM_ROTAXIS 0	0	0
		*TM_ROTANGLE 0
		*TM_SCALE 1	1	1
		*TM_SCALEAXIS 0	0	0
		*TM_SCALEAXISANG 0	0	0
	}
}
*HELPEROBJECT {
	*NODE_NAME "Bip01 Pelvis"
	*NODE_PARENT "Bip01"
	*NODE_TM {
		*NODE_NAME "Bip01 Pelvis"
		*TM_ROW0 0.0303945	-0.0285865	0.999129
		*TM_ROW1 -0.836433	-0.547983	0.00976654
		*TM_ROW2 0.547226	-0.836001	-0.0405663
		*TM_ROW3 6.37656	7.42273	89.0143
		*TM_POS 6.37656	7.42273	89.0143
		*TM_ROTAXIS -0.674533	0.360411	-0.64429
		*TM_ROTANGLE 2.46399
		*TM_SCALE 1	1	1
		*TM_SCALEAXIS 0	0	0
		*TM_SCALEAXISANG 0	0	0
	}
	*TM_ANIMATION {
		*NODE_NAME "Bip01 Pelvis"
		*CONTROL_POS_TRACK {
			*CONTROL_POS_SAMPLE 192	2.29814	8.78044	93.7352
			*CONTROL_POS_SAMPLE 384	4.15737	9.50972	90.5504
			*CONTROL_POS_SAMPLE 576	6.37656	7.42273	89.0143
			*CONTROL_POS_SAMPLE 768	8.62872	5.14486	88.4329
			*CONTROL_POS_SAMPLE 960	10.9368	2.78774	88.0413
			*CONTROL_POS_SAMPLE 1152	13.4248	-0.175861	86.7681
			*CONTROL_POS_SAMPLE 1344	15.9264	-3.20477	85.2208
			*CONTROL_POS_SAMPLE 1536	18.4695	-6.32103	83.6768
			*CONTROL_POS_SAMPLE 1728	21.0818	-9.54669	82.4137
			*CONTROL_POS_SAMPLE 1920	24.2184	-13.6509	81.7089
			*CONTROL_POS_SAMPLE 2112	27.5194	-18.066	82.3026
			*CONTROL_POS_SAMPLE 2304	30.8246	-22.4816	83.9334
			*CONTROL_POS_SAMPLE 2496	34.1334	-26.8994	85.3768
			*CONTROL_POS_SAMPLE 2688	37.4453	-31.3211	86.3292
			*CONTROL_POS_SAMPLE 2880	40.7596	-35.7486	87.0941
			*CONTROL_POS_SAMPLE 3072	44.0758	-40.1835	87.3583
			*CONTROL_POS_SAMPLE 3264	47.3935	-44.6279	86.9977
			*CONTROL_POS_SAMPLE 3456	50.712	-49.0833	86.2769
			*CONTROL_POS_SAMPLE 3648	54.0307	-53.5517	85.4657
			*CONTROL_POS_SAMPLE 3840	57.3492	-58.0347	84.834
			*CONTROL_POS_SAMPLE 4032	60.6669	-62.5342	84.6514
			*CONTROL_POS_SAMPLE 4224	64.0237	-67.751	85.1738
			*CONTROL_POS_SAMPLE 4416	67.417	-73.6193	86.2373
			*CONTROL_POS_SAMPLE 4608	70.8182	-79.6266	87.4812
			*CONTROL_POS_SAMPLE 4800	74.2192	-85.6308	88.5454
			*CONTROL_POS_SAMPLE 4992	77.6213	-91.6539	88.9221
		}
		*CONTROL_ROT_TRACK {
			*CONTROL_ROT_SAMPLE 192	-0.674938	0.35996	-0.644118	2.46291
			*CONTROL_ROT_SAMPLE 384	-0.67473	0.360191	-0.644206	2.46347
			*CONTROL_ROT_SAMPLE 576	-0.674533	0.360411	-0.64429	2.46399
			*CONTROL_ROT_SAMPLE 768	-0.674351	0.360614	-0.644367	2.46447
			*CONTROL_ROT_SAMPLE 960	-0.674186	0.360797	-0.644437	2.46491
			*CONTROL_ROT_SAMPLE 1152	-0.674041	0.360958	-0.644498	2.4653
			*CONTROL_ROT_SAMPLE 1344	-0.67392	0.361093	-0.644549	2.46562
			*CONTROL_ROT_SAMPLE 1536	-0.673824	0.361199	-0.64459	2.46587
			*CONTROL_ROT_SAMPLE 1728	-0.673759	0.361272	-0.644617	2.46605
			*CONTROL_ROT_SAMPLE 1920	-0.673725	0.361309	-0.644632	2.46613
			*CONTROL_ROT_SAMPLE 2112	-0.673727	0.361307	-0.644631	2.46613
			*CONTROL_ROT_SAMPLE 2304	-0.673768	0.361262	-0.644614	2.46602
			*CONTROL_ROT_SAMPLE 2496	-0.673869	0.361149	-0.644571	2.46575
			*CONTROL_ROT_SAMPLE 2688	-0.674042	0.360957	-0.644498	2.46529
			*CONTROL_ROT_SAMPLE 2880	-0.674271	0.360702	-0.644401	2.46468
			*CONTROL_ROT_SAMPLE 3072	-0.674541	0.360402	-0.644286	2.46397
			*CONTROL_ROT_SAMPLE 3264	-0.674836	0.360074	-0.644161	2.46319
			*CONTROL_ROT_SAMPLE 3456	-0.67514	0.359735	-0.644032	2.46238
			*CONTROL_ROT_SAMPLE 3648	-0.675439	0.359401	-0.643905	2.46158
			*CONTROL_ROT_SAMPLE 3840	-0.675717	0.359091	-0.643786	2.46085
			*CONTROL_ROT_SAMPLE 4032	-0.675958	0.358822	-0.643683	2.4602
			*CONTROL_ROT_SAMPLE 4224	-0.676147	0.35861	-0.643602	2.4597
			*CONTROL_ROT_SAMPLE 4416	-0.676269	0.358474	-0.64355	2.45938
			*CONTROL_ROT_SAMPLE 4608	-0.67606	0.358708	-0.643639	2.45993
			*CONTROL_ROT_SAMPLE 4800	-0.675499	0.359334	-0.643879	2.46142
			*CONTROL_ROT_SAMPLE 4992	-0.674938	0.35996	-0.644118	2.46291
		}
	}
}
*HELPEROBJECT {
	*NODE_NAME "Bip01 Spine"
	*NODE_PARENT "Bip01 Pelvis"
	*NODE_TM {
		*NODE_NAME "Bip01 Spine"
		*TM_ROW0 -0.0280377	-0.0667448	0.997376
		*TM_ROW1 -0.836517	-0.544649	-0.0599639
		*TM_ROW2 0.547222	-0.836004	-0.0405625
		*TM_ROW3 6.52408	7.40293	91.4122
		*TM_POS 6.52408	7.40293	91.4122
		*TM_ROTAXIS -0.656477	0.380799	-0.651175
		*TM_ROTANGLE 2.50922
		*TM_SCALE 1	1	1
		*TM_SCALEAXIS 0	0	0
		*TM_SCALEAXISANG 0	0	0
	}
}
*HELPEROBJECT {
	*NODE_NAME "Bip01 Spine1"
	*NODE_PARENT "Bip01 Spine"
	*NODE_TM {
		*NODE_NAME "Bip01 Spine1"
		*TM_ROW0 -0.0404132	-0.0794708	0.996018
		*TM_ROW1 -0.938565	-0.338903	-0.0651226
		*TM_ROW2 0.342728	-0.937459	-0.0608924
		*TM_ROW3 6.25811	6.75046	101.214
		*TM_POS 6.25811	6.75046	101.214
		*TM_ROTAXIS -0.628606	0.47076	-0.619063
		*TM_ROTANGLE 2.37475
		*TM_SCALE 1	1	1
		*TM_SCALEAXIS 0	0	0
		*TM_SCALEAXISANG 0	0	0
	}
}
*HELPEROBJECT {
	*NODE_NAME "Bip01 Spine2"
	*NODE_PARENT "Bip01 Spine1"
	*NODE_TM {
		*NODE_NAME "Bip01 Spine2"
		*TM_ROW0 -0.132069	0.0226347	0.990982
		*TM_ROW1 -0.984726	-0.117423	-0.128553
		*TM_ROW2 0.113454	-0.992824	0.0377969
		*TM_ROW3 5.76475	5.73685	113.956
		*TM_POS 5.76475	5.73685	113.956
		*TM_ROTAXIS -0.54317	0.551501	-0.633098
		*TM_ROTANGLE 2.22163
		*TM_SCALE 1	1	1
		*TM_SCALEAXIS 0	0	0
		*TM_SCALEAXISANG 0	0	0
	}
}
*HELPEROBJECT {
	*NODE_NAME "Bip01 Neck"
	*NODE_PARENT "Bip01 Spine2"
	*NODE_TM {
		*NODE_NAME "Bip01 Neck"
		*TM_ROW0 -0.419512	-0.325267	0.847473
		*TM_ROW1 -0.131305	-0.902036	-0.411207
		*TM_ROW2 0.898203	-0.283783	0.335705
		*TM_ROW3 1.8055	6.42044	143.672
		*TM_POS 1.8055	6.42044	143.672
		*TM_ROTAXIS -0.536398	0.213551	-0.8165
		*TM_ROTANGLE 3.26065
		*TM_SCALE 1	1	1
		*TM_SCALEAXIS 0	0	0
		*TM_SCALEAXISANG 0	0	0
	}
}
*HELPEROBJECT {
	*NODE_NAME "Bip01 Head"
	*NODE_PARENT "Bip01 Neck"
	*NODE_TM {
		*NODE_NAME "Bip01 Head"
		*TM_ROW0 -0.479569	0.0234413	0.877191
		*TM_ROW1 0.328771	-0.922029	0.204382
		*TM_ROW2 0.813587	0.38641	0.43447
		*TM_ROW3 -1.06364	4.19587	149.468
		*TM_POS -1.06364	4.19587	149.468
		*TM_ROTAXIS -0.504069	-0.176132	-0.845513
		*TM_ROTANGLE 3.32315
		*TM_SCALE 1	1	1
		*TM_SCALEAXIS 0	0	0
		*TM_SCALEAXISANG 0	0	0
	}
}
*HELPEROBJECT {
	*NODE_NAME "zs_Helmet"
	*NODE_PARENT "Bip01 Head"
	*NODE_TM {
		*NODE_NAME "zs_Helmet"
		*TM_ROW0 0.813586	0.386411	0.43447
		*TM_ROW1 -0.290132	0.917348	-0.272575
		*TM_ROW2 -0.503886	0.0957097	0.858451
		*TM_ROW3 -112.436	-55.7345	411.325
		*TM_POS -112.436	-55.7345	411.325
		*TM_ROTAXIS 0.303359	0.77293	-0.557272
		*TM_ROTANGLE 0.652295
		*TM_SCALE 1	1	1
		*TM_SCALEAXIS 0	0	0
		*TM_SCALEAXISANG 0	0	0
	}
}
*HELPEROBJECT {
	*NODE_NAME "Bip01 L Clavicle"
	*NODE_PARENT "Bip01 Neck"
	*NODE_TM {
		*NODE_NAME "Bip01 L Clavicle"
		*TM_ROW0 0.342834	-0.887603	0.307612
		*TM_ROW1 0.913303	0.391577	0.112002
		*TM_ROW2 -0.219867	0.242545	0.944897
		*TM_ROW3 5.8512	-1.32254	138.97
		*TM_POS 5.8512	-1.32254	138.97
		*TM_ROTAXIS 0.0693975	0.28041	0.957368
		*TM_ROTANGLE 1.22425
		*TM_SCALE 1	1	1
		*TM_SCALEAXIS 0	0	0
		*TM_SCALEAXISANG 0	0	0
	}
}
*HELPEROBJECT {
	*NODE_NAME "Bip01 L UpperArm"
	*NODE_PARENT "Bip01 L Clavicle"
	*NODE_TM {
		*NODE_NAME "Bip01 L UpperArm"
		*TM_ROW0 0.105909	-0.994234	0.016816
		*TM_ROW1 0.979512	0.101398	-0.173996
		*TM_ROW2 0.171288	0.0348992	0.984603
		*TM_ROW3 10.4198	-13.1507	143.069
		*TM_POS 10.4198	-13.1507	143.069
		*TM_ROTAXIS 0.104932	-0.0775939	0.991448
		*TM_ROTANGLE 1.47469
		*TM_SCALE 1	1	1
		*TM_SCALEAXIS 0	0	0
		*TM_SCALEAXISANG 0	0	0
	}
}
*HELPEROBJECT {
	*NODE_NAME "Bip01 L Forearm"
	*NODE_PARENT "Bip01 L UpperArm"
	*NODE_TM {
		*NODE_NAME "Bip01 L Forearm"
		*TM_ROW0 0.0537393	-0.998216	0.026033
		*TM_ROW1 0.983754	0.0484527	-0.172857
		*TM_ROW2 0.171288	0.0348993	0.984603
		*TM_ROW3 13.3753	-40.8961	143.538
		*TM_POS 13.3753	-40.8961	143.538
		*TM_ROTAXIS 0.103976	-0.0726958	0.991919
		*TM_ROTANGLE 1.52739
		*TM_SCALE 1	1	1
		*TM_SCALEAXIS 0	0	0
		*TM_SCALEAXISANG 0	0	0
	}
}
*HELPEROBJECT {
	*NODE_NAME "Bip01 L Hand"
	*NODE_PARENT "Bip01 L Forearm"
	*NODE_TM {
		*NODE_NAME "Bip01 L Hand"
		*TM_ROW0 0.298934	-0.93271	0.201719
		*TM_ROW1 -0.89264	-0.348045	-0.28646
		*TM_ROW2 0.337391	-0.0944301	-0.936616
		*TM_ROW3 14.8702	-68.6627	144.263
		*TM_POS 14.8702	-68.6627	144.263
		*TM_ROTAXIS -0.805116	0.568827	-0.168001
		*TM_ROTANGLE 3.26113
		*TM_SCALE 1	1	1
		*TM_SCALEAXIS 0	0	0
		*TM_SCALEAXISANG 0	0	0
	}
}
*HELPEROBJECT {
	*NODE_NAME "Bip01 L Finger0"
	*NODE_PARENT "Bip01 L Hand"
	*NODE_TM {
		*NODE_NAME "Bip01 L Finger0"
		*TM_ROW0 0.298934	-0.93271	0.201718
		*TM_ROW1 -0.892897	-0.347972	-0.285745
		*TM_ROW2 0.336709	-0.0946948	-0.936835
		*TM_ROW3 18.7174	-80.6666	146.859
		*TM_POS 18.7174	-80.6666	146.859
		*TM_ROTAXIS -0.805124	0.568881	-0.16778
		*TM_ROTANGLE 3.26052
		*TM_SCALE 1	1	1
		*TM_SCALEAXIS 0	0	0
		*TM_SCALEAXISANG 0	0	0
	}
}
*HELPEROBJECT {
	*NODE_NAME "zs_LeftHand"
	*NODE_PARENT "Bip01 L Hand"
	*NODE_TM {
		*NODE_NAME "zs_LeftHand"
		*TM_ROW0 0.338014	0.0235809	-0.940846
		*TM_ROW1 0.415664	-0.900642	0.126761
		*TM_ROW2 -0.844376	-0.433922	-0.314231
		*TM_ROW3 -8.59616	-200.474	90.9409
		*TM_POS -8.59616	-200.474	90.9409
		*TM_ROTAXIS -0.811476	-0.139621	0.567461
		*TM_ROTANGLE 2.78885
		*TM_SCALE 1	1	1
		*TM_SCALEAXIS 0	0	0
		*TM_SCALEAXISANG 0	0	0
	}
}
*HELPEROBJECT {
	*NODE_NAME "zs_LeftArm"
	*NODE_PARENT "Bip01 L Forearm"
	*NODE_TM {
		*NODE_NAME "zs_LeftArm"
		*TM_ROW0 0.219108	-0.975566	-0.0161898
		*TM_ROW1 0.96879	0.219498	-0.115178
		*TM_ROW2 0.115917	0.00955196	0.993213
		*TM_ROW3 -136.779	-309.424	229.464
		*TM_POS -136.779	-309.424	229.464
		*TM_ROTAXIS 0.0638715	-0.0676492	0.995663
		*TM_ROTANGLE 1.35317
		*TM_SCALE 1	1	1
		*TM_SCALEAXIS 0	0	0
		*TM_SCALEAXISANG 0	0	0
	}
}
*HELPEROBJECT {
	*NODE_NAME "Bip01 R Clavicle"
	*NODE_PARENT "Bip01 Neck"
	*NODE_TM {
		*NODE_NAME "Bip01 R Clavicle"
		*TM_ROW0 -0.737814	0.59534	-0.318121
		*TM_ROW1 0.610207	0.789755	0.0627205
		*TM_ROW2 0.288578	-0.147844	-0.945973
		*TM_ROW3 4.04405	14.4911	138.368
		*TM_POS 4.04405	14.4911	138.368
		*TM_ROTAXIS -0.327792	-0.944466	0.0231452
		*TM_ROTANGLE 2.81461
		*TM_SCALE 1	1	1
		*TM_SCALEAXIS 0	0	0
		*TM_SCALEAXISANG 0	0	0
	}
}
*HELPEROBJECT {
	*NODE_NAME "Bip01 R UpperArm"
	*NODE_PARENT "Bip01 R Clavicle"
	*NODE_TM {
		*NODE_NAME "Bip01 R UpperArm"
		*TM_ROW0 -0.616519	-0.786125	-0.0437388
		*TM_ROW1 -0.545019	0.466203	-0.696856
		*TM_ROW2 0.568207	-0.405786	-0.715876
		*TM_ROW3 -5.78806	22.4246	134.129
		*TM_POS -5.78806	22.4246	134.129
		*TM_ROTAXIS 0.404681	-0.850802	0.335215
		*TM_ROTANGLE 2.77372
		*TM_SCALE 1	1	1
		*TM_SCALEAXIS 0	0	0
		*TM_SCALEAXISANG 0	0	0
	}
}
*HELPEROBJECT {
	*NODE_NAME "Bip01 R Forearm"
	*NODE_PARENT "Bip01 R UpperArm"
	*NODE_TM {
		*NODE_NAME "Bip01 R Forearm"
		*TM_ROW0 0.615206	-0.368281	0.697059
		*TM_ROW1 -0.5465	-0.836485	0.0403826
		*TM_ROW2 0.568207	-0.405786	-0.715876
		*TM_ROW3 -22.9928	0.486863	132.908
		*TM_POS -22.9928	0.486863	132.908
		*TM_ROTAXIS -0.896957	0.259038	-0.358284
		*TM_ROTANGLE 2.89024
		*TM_SCALE 1	1	1
		*TM_SCALEAXIS 0	0	0
		*TM_SCALEAXISANG 0	0	0
	}
}
*HELPEROBJECT {
	*NODE_NAME "Bip01 R Hand"
	*NODE_PARENT "Bip01 R Forearm"
	*NODE_TM {
		*NODE_NAME "Bip01 R Hand"
		*TM_ROW0 0.42189	-0.900666	0.103972
		*TM_ROW1 0.0521693	-0.0903715	-0.994541
		*TM_ROW2 0.905145	0.425011	0.00886023
		*TM_ROW3 -5.88001	-9.75735	152.298
		*TM_POS -5.88001	-9.75735	152.298
		*TM_ROTAXIS 0.751844	-0.424329	0.504654
		*TM_ROTANGLE 1.9069
		*TM_SCALE 1	1	1
		*TM_SCALEAXIS 0	0	0
		*TM_SCALEAXISANG 0	0	0
	}
}
*HELPEROBJECT {
	*NODE_NAME "Bip01 R Finger0"
	*NODE_PARENT "Bip01 R Hand"
	*NODE_TM {
		*NODE_NAME "Bip01 R Finger0"
		*TM_ROW0 0.421889	-0.900666	0.103973
		*TM_ROW1 0.0528628	-0.090047	-0.994534
		*TM_ROW2 0.905105	0.425079	0.00962191
		*TM_ROW3 -0.450343	-21.3488	153.636
		*TM_POS -0.450343	-21.3488	153.636
		*TM_ROTAXIS 0.751725	-0.424222	0.504921
		*TM_ROTANGLE 1.90632
		*TM_SCALE 1	1	1
		*TM_SCALEAXIS 0	0	0
		*TM_SCALEAXISANG 0	0	0
	}
}
*HELPEROBJECT {
	*NODE_NAME "zs_RightHand"
	*NODE_PARENT "Bip01 R Hand"
	*NODE_TM {
		*NODE_NAME "zs_RightHand"
		*TM_ROW0 -0.379736	0.920951	-0.0874659
		*TM_ROW1 -0.77034	-0.262443	0.58112
		*TM_ROW2 0.512228	0.28805	0.809104
		*TM_ROW3 195.121	-462.841	207.669
		*TM_POS 195.121	-462.841	207.669
		*TM_ROTAXIS -0.161183	-0.329822	-0.930182
		*TM_ROTANGLE 2.00043
		*TM_SCALE 1	1	1
		*TM_SCALEAXIS 0	0	0
		*TM_SCALEAXISANG 0	0	0
	}
}
*HELPEROBJECT {
	*NODE_NAME "zs_Crossbow"
	*NODE_PARENT "Bip01 Spine2"
	*NODE_TM {
		*NODE_NAME "zs_Crossbow"
		*TM_ROW0 -0.432782	0.380828	0.817111
		*TM_ROW1 0.0589116	0.916401	-0.395901
		*TM_ROW2 -0.899572	-0.123202	-0.419037
		*TM_ROW3 75.9638	395.746	1437.26
		*TM_POS 75.9638	395.746	1437.26
		*TM_ROTAXIS 0.154262	0.971103	-0.182103
		*TM_ROTANGLE 2.05749
		*TM_SCALE 1	1	1
		*TM_SCALEAXIS 0	0	0
		*TM_SCALEAXISANG 0	0	0
	}
}
*HELPEROBJECT {
	*NODE_NAME "zs_Longsword"
	*NODE_PARENT "Bip01 Spine2"
	*NODE_TM {
		*NODE_NAME "zs_Longsword"
		*TM_ROW0 -0.402297	0.488059	0.774568
		*TM_ROW1 0.139058	0.86881	-0.475218
		*TM_ROW2 -0.904887	-0.0834685	-0.417388
		*TM_ROW3 47.8772	467.707	1163.68
		*TM_POS 47.8772	467.707	1163.68
		*TM_ROTAXIS 0.222648	0.954507	-0.198353
		*TM_ROTANGLE 2.06626
		*TM_SCALE 1	1	1
		*TM_SCALEAXIS 0	0	0
		*TM_SCALEAXISANG 0	0	0
	}
}
*HELPEROBJECT {
	*NODE_NAME "zs_Shield"
	*NODE_PARENT "Bip01 Spine2"
	*NODE_TM {
		*NODE_NAME "zs_Shield"
		*TM_ROW0 0.420997	0.0194376	-0.906854
		*TM_ROW1 0.27371	0.950444	0.147439
		*TM_ROW2 0.86478	-0.310287	0.394814
		*TM_ROW3 399.556	-137.013	471.748
		*TM_POS 399.556	-137.013	471.748
		*TM_ROTAXIS -0.247769	-0.958992	0.137639
		*TM_ROTANGLE 1.17762
		*TM_SCALE 1	1	1
		*TM_SCALEAXIS 0	0	0
		*TM_SCALEAXISANG 0	0	0
	}
}
*HELPEROBJECT {
	*NODE_NAME "zs_Bow"
	*NODE_PARENT "Bip01 Spine2"
	*NODE_TM {
		*NODE_NAME "zs_Bow"
		*TM_ROW0 -0.180274	0.288582	0.940331
		*TM_ROW1 0.951836	0.292228	0.0927972
		*TM_ROW2 -0.248011	0.911769	-0.327364
		*TM_ROW3 518.251	144.28	159.831
		*TM_POS 518.251	144.28	159.831
		*TM_ROTAXIS -0.51562	-0.748173	-0.417581
		*TM_ROTANGLE 4.05922
		*TM_SCALE 1	1	1
		*TM_SCALEAXIS 0	0	0
		*TM_SCALEAXISANG 0	0	0
	}
}
*HELPEROBJECT {
	*NODE_NAME "zs_Sword"
	*NODE_PARENT "Bip01 Spine"
	*NODE_TM {
		*NODE_NAME "zs_Sword"
		*TM_ROW0 -0.329777	-0.259025	0.907829
		*TM_ROW1 0.769054	0.48402	0.417468
		*TM_ROW2 -0.547542	0.835841	0.039585
		*TM_ROW3 238.782	-216.972	121.775
		*TM_POS 238.782	-216.972	121.775
		*TM_ROTAXIS 0.228579	0.795144	0.561692
		*TM_ROTANGLE 1.98568
		*TM_SCALE 1	1	1
		*TM_SCALEAXIS 0	0	0
		*TM_SCALEAXISANG 0	0	0
	}
}
*HELPEROBJECT {
	*NODE_NAME "Bip01 L Thigh"
	*NODE_PARENT "Bip01 Pelvis"
	*NODE_TM {
		*NODE_NAME "Bip01 L Thigh"
		*TM_ROW0 0.344079	-0.585967	-0.733657
		*TM_ROW1 -0.174664	-0.807673	0.563168
		*TM_ROW2 -0.922552	-0.0656307	-0.380251
		*TM_ROW3 11.3072	-0.109834	88.6488
		*TM_POS 11.3072	-0.109834	88.6488
		*TM_ROTAXIS -0.811613	0.243814	0.530885
		*TM_ROTANGLE 2.74381
		*TM_SCALE 1	1	1
		*TM_SCALEAXIS 0	0	0
		*TM_SCALEAXISANG 0	0	0
	}
	*TM_ANIMATION {
		*NODE_NAME "Bip01 L Thigh"
		*CONTROL_POS_TRACK {
			*CONTROL_POS_SAMPLE 192	7.22827	1.24755	93.3697
			*CONTROL_POS_SAMPLE 384	9.08775	1.97701	90.1849
			*CONTROL_POS_SAMPLE 576	11.3072	-0.109834	88.6488
			*CONTROL_POS_SAMPLE 768	13.5596	-2.38756	88.0674
			*CONTROL_POS_SAMPLE 960	15.8678	-4.74454	87.6758
			*CONTROL_POS_SAMPLE 1152	18.3561	-7.70803	86.4026
			*CONTROL_POS_SAMPLE 1344	20.8578	-10.7368	84.8553
			*CONTROL_POS_SAMPLE 1536	23.4009	-13.853	83.3113
			*CONTROL_POS_SAMPLE 1728	26.0134	-17.0786	82.0482
			*CONTROL_POS_SAMPLE 1920	29.15	-21.1828	81.3434
			*CONTROL_POS_SAMPLE 2112	32.451	-25.598	81.9371
			*CONTROL_POS_SAMPLE 2304	35.7562	-30.0136	83.5679
			*CONTROL_POS_SAMPLE 2496	39.0649	-34.4314	85.0113
			*CONTROL_POS_SAMPLE 2688	42.3765	-38.8533	85.9636
			*CONTROL_POS_SAMPLE 2880	45.6905	-43.2809	86.7286
			*CONTROL_POS_SAMPLE 3072	49.0065	-47.7161	86.9928
			*CONTROL_POS_SAMPLE 3264	52.3237	-52.1607	86.6322
			*CONTROL_POS_SAMPLE 3456	55.6419	-56.6164	85.9114
			*CONTROL_POS_SAMPLE 3648	58.9603	-61.085	85.1002
			*CONTROL_POS_SAMPLE 3840	62.2784	-65.5682	84.4685
			*CONTROL_POS_SAMPLE 4032	65.5958	-70.0679	84.2859
			*CONTROL_POS_SAMPLE 4224	68.9524	-75.2849	84.8083
			*CONTROL_POS_SAMPLE 4416	72.3455	-81.1532	85.8718
			*CONTROL_POS_SAMPLE 4608	75.7469	-87.1604	87.1158
			*CONTROL_POS_SAMPLE 4800	79.1487	-93.1641	88.1799
			*CONTROL_POS_SAMPLE 4992	82.5515	-99.1868	88.5566
		}
		*CONTROL_ROT_TRACK {
			*CONTROL_ROT_SAMPLE 192	-0.723946	0.182018	0.665411	3.0002
			*CONTROL_ROT_SAMPLE 384	-0.775901	0.212131	0.594119	2.78049
			*CONTROL_ROT_SAMPLE 576	-0.811613	0.243814	0.530885	2.74381
			*CONTROL_ROT_SAMPLE 768	-0.826661	0.255362	0.50142	2.69699
			*CONTROL_ROT_SAMPLE 960	-0.830126	0.270308	0.487673	2.66306
			*CONTROL_ROT_SAMPLE 1152	-0.830682	0.281498	0.480339	2.63873
			*CONTROL_ROT_SAMPLE 1344	-0.83255	0.269175	0.484154	2.63871
			*CONTROL_ROT_SAMPLE 1536	-0.832487	0.24339	0.497722	2.65863
			*CONTROL_ROT_SAMPLE 1728	-0.828265	0.235109	0.508627	2.66661
			*CONTROL_ROT_SAMPLE 1920	-0.820141	0.24105	0.518907	2.66037
			*CONTROL_ROT_SAMPLE 2112	-0.811984	0.22716	0.537662	2.67453
			*CONTROL_ROT_SAMPLE 2304	-0.803512	0.197397	0.561607	2.70692
			*CONTROL_ROT_SAMPLE 2496	-0.794023	0.165552	0.584911	2.74282
			*CONTROL_ROT_SAMPLE 2688	-0.783635	0.134673	0.606448	2.77868
			*CONTROL_ROT_SAMPLE 2880	-0.772463	0.101278	0.626932	2.81985
			*CONTROL_ROT_SAMPLE 3072	-0.760732	0.0689067	0.645398	2.86176
			*CONTROL_ROT_SAMPLE 3264	-0.748776	0.0389907	0.661675	2.90216
			*CONTROL_ROT_SAMPLE 3456	-0.736705	0.00921457	0.676152	2.94501
			*CONTROL_ROT_SAMPLE 3648	-0.724552	-0.0221436	0.688864	2.994
			*CONTROL_ROT_SAMPLE 3840	-0.712312	-0.0564589	0.699588	3.05274
			*CONTROL_ROT_SAMPLE 4032	0.699796	0.0957401	-0.707898	3.15686
			*CONTROL_ROT_SAMPLE 4224	-0.749124	-0.0299699	0.661752	3.10916
			*CONTROL_ROT_SAMPLE 4416	-0.775064	0.0681127	0.628201	3.02083
			*CONTROL_ROT_SAMPLE 4608	-0.784273	0.121065	0.608489	2.96672
			*CONTROL_ROT_SAMPLE 4800	-0.790072	0.162473	0.591091	2.92424
			*CONTROL_ROT_SAMPLE 4992	-0.795305	0.201702	0.57167	2.88642
		}
	}
}
*HELPEROBJECT {
	*NODE_NAME "Bip01 L Calf"
	*NODE_PARENT "Bip01 L Thigh"
	*NODE_TM {
		*NODE_NAME "Bip01 L Calf"
		*TM_ROW0 0.318428	0.427104	-0.846277
		*TM_ROW1 0.217948	-0.901817	-0.373127
		*TM_ROW2 -0.922552	-0.0656308	-0.380251
		*TM_ROW3 24.8449	-23.1646	59.7832
		*TM_POS 24.8449	-23.1646	59.7832
		*TM_ROTAXIS -0.809992	-0.200919	0.550948
		*TM_ROTANGLE 3.33257
		*TM_SCALE 1	1	1
		*TM_SCALEAXIS 0	0	0
		*TM_SCALEAXISANG 0	0	0
	}
	*TM_ANIMATION {
		*NODE_NAME "Bip01 L Calf"
		*CONTROL_POS_TRACK {
			*CONTROL_POS_SAMPLE 192	9.31136	-12.7591	56.6615
			*CONTROL_POS_SAMPLE 384	18.1257	-18.8158	58.0292
			*CONTROL_POS_SAMPLE 576	24.8449	-23.1646	59.7832
			*CONTROL_POS_SAMPLE 768	29.1999	-26.6765	61.357
			*CONTROL_POS_SAMPLE 960	32.1228	-30.2453	62.5063
			*CONTROL_POS_SAMPLE 1152	34.8194	-34.0776	62.2858
			*CONTROL_POS_SAMPLE 1344	37.5506	-36.4604	60.2044
			*CONTROL_POS_SAMPLE 1536	39.9721	-37.9796	57.0184
			*CONTROL_POS_SAMPLE 1728	42.0189	-40.7058	54.9632
			*CONTROL_POS_SAMPLE 1920	44.197	-45.3059	54.1464
			*CONTROL_POS_SAMPLE 2112	46.4233	-48.8601	53.4473
			*CONTROL_POS_SAMPLE 2304	48.5124	-51.2193	52.9801
			*CONTROL_POS_SAMPLE 2496	50.4724	-53.3053	52.4282
			*CONTROL_POS_SAMPLE 2688	52.3427	-55.3579	51.6666
			*CONTROL_POS_SAMPLE 2880	54.114	-57.0792	50.8585
			*CONTROL_POS_SAMPLE 3072	55.8451	-58.7742	49.8584
			*CONTROL_POS_SAMPLE 3264	57.5906	-60.5992	48.5655
			*CONTROL_POS_SAMPLE 3456	59.3511	-62.3416	47.1624
			*CONTROL_POS_SAMPLE 3648	61.1288	-63.8151	45.9102
			*CONTROL_POS_SAMPLE 3840	62.9363	-64.8523	45.1356
			*CONTROL_POS_SAMPLE 4032	64.7888	-65.2213	45.249
			*CONTROL_POS_SAMPLE 4224	73.7762	-74.363	45.7712
			*CONTROL_POS_SAMPLE 4416	80.3859	-88.2698	48.0205
			*CONTROL_POS_SAMPLE 4608	85.0339	-98.7403	50.6785
			*CONTROL_POS_SAMPLE 4800	89.2709	-108.161	53.2423
			*CONTROL_POS_SAMPLE 4992	93.4468	-117.283	55.3625
		}
		*CONTROL_ROT_TRACK {
			*CONTROL_ROT_SAMPLE 192	-0.750401	-0.0719919	0.657051	3.45494
			*CONTROL_ROT_SAMPLE 384	-0.777531	-0.172728	0.604657	3.3699
			*CONTROL_ROT_SAMPLE 576	-0.809992	-0.200919	0.550948	3.33257
			*CONTROL_ROT_SAMPLE 768	-0.821152	-0.201751	0.533859	3.26694
			*CONTROL_ROT_SAMPLE 960	-0.827891	-0.187222	0.52872	3.21929
			*CONTROL_ROT_SAMPLE 1152	-0.831191	-0.176597	0.527195	3.18907
			*CONTROL_ROT_SAMPLE 1344	-0.833287	-0.154432	0.530832	3.15025
			*CONTROL_ROT_SAMPLE 1536	-0.832681	-0.126547	0.539099	3.11545
			*CONTROL_ROT_SAMPLE 1728	-0.827162	-0.126964	0.547433	3.12484
			*CONTROL_ROT_SAMPLE 1920	-0.815052	-0.158804	0.5572	3.18239
			*CONTROL_ROT_SAMPLE 2112	-0.800315	-0.183929	0.570672	3.2355
			*CONTROL_ROT_SAMPLE 2304	-0.784568	-0.200778	0.586635	3.27904
			*CONTROL_ROT_SAMPLE 2496	-0.76809	-0.217384	0.602314	3.32159
			*CONTROL_ROT_SAMPLE 2688	-0.750933	-0.235516	0.616954	3.36559
			*CONTROL_ROT_SAMPLE 2880	-0.733725	-0.252018	0.63098	3.40629
			*CONTROL_ROT_SAMPLE 3072	-0.716404	-0.269172	0.643671	3.44726
			*CONTROL_ROT_SAMPLE 3264	-0.698903	-0.28796	0.654685	3.49056
			*CONTROL_ROT_SAMPLE 3456	-0.681956	-0.305855	0.664371	3.53204
			*CONTROL_ROT_SAMPLE 3648	0.666631	0.320272	-0.673074	2.71631
			*CONTROL_ROT_SAMPLE 3840	0.654293	0.328504	-0.681165	2.69362
			*CONTROL_ROT_SAMPLE 4032	0.646632	0.327128	-0.689096	2.69024
			*CONTROL_ROT_SAMPLE 4224	-0.699416	-0.328162	0.634922	3.63031
			*CONTROL_ROT_SAMPLE 4416	-0.737323	-0.310156	0.600131	3.62517
			*CONTROL_ROT_SAMPLE 4608	-0.760391	-0.278184	0.586872	3.57743
			*CONTROL_ROT_SAMPLE 4800	-0.779969	-0.24122	0.57746	3.52003
			*CONTROL_ROT_SAMPLE 4992	-0.798715	-0.203927	0.566099	3.46149
		}
	}
}
*HELPEROBJECT {
	*NODE_NAME "Bip01 L Foot"
	*NODE_PARENT "Bip01 L Calf"
	*NODE_TM {
		*NODE_NAME "Bip01 L Foot"
		*TM_ROW0 0.000396172	-0.000200104	-1
		*TM_ROW1 -0.161724	-0.986836	0.000133406
		*TM_ROW2 -0.986836	0.161724	-0.000423319
		*TM_ROW3 40.479	-2.1948	18.233
		*TM_POS 40.479	-2.1948	18.233
		*TM_ROTAXIS -0.706082	0.0575207	0.70579
		*TM_ROTANGLE 3.25627
		*TM_SCALE 1	1	1
		*TM_SCALEAXIS 0	0	0
		*TM_SCALEAXISANG 0	0	0
	}
	*TM_ANIMATION {
		*NODE_NAME "Bip01 L Foot"
		*CONTROL_POS_TRACK {
			*CONTROL_POS_SAMPLE 192	16.5521	2.36042	10.5144
			*CONTROL_POS_SAMPLE 384	28.8963	0.920047	14.382
			*CONTROL_POS_SAMPLE 576	40.479	-2.1948	18.233
			*CONTROL_POS_SAMPLE 768	46.4399	-7.19553	19.7174
			*CONTROL_POS_SAMPLE 960	50.3751	-13.0332	20.3023
			*CONTROL_POS_SAMPLE 1152	53.58	-18.4435	19.6924
			*CONTROL_POS_SAMPLE 1344	56.6372	-23.5986	16.8355
			*CONTROL_POS_SAMPLE 1536	58.9642	-28.3263	12.7838
			*CONTROL_POS_SAMPLE 1728	60.1084	-30.8444	10.3975
			*CONTROL_POS_SAMPLE 1920	60.3451	-31.4855	9.88788
			*CONTROL_POS_SAMPLE 2112	60.2979	-31.8102	9.54539
			*CONTROL_POS_SAMPLE 2304	60.0366	-31.8778	9.34897
			*CONTROL_POS_SAMPLE 2496	59.6315	-31.7478	9.27767
			*CONTROL_POS_SAMPLE 2688	59.1524	-31.4797	9.31044
			*CONTROL_POS_SAMPLE 2880	58.6694	-31.133	9.4263
			*CONTROL_POS_SAMPLE 3072	58.2525	-30.7672	9.60427
			*CONTROL_POS_SAMPLE 3264	57.9718	-30.4416	9.82333
			*CONTROL_POS_SAMPLE 3456	57.8972	-30.2159	10.0625
			*CONTROL_POS_SAMPLE 3648	58.0989	-30.1495	10.3007
			*CONTROL_POS_SAMPLE 3840	58.6467	-30.3019	10.517
			*CONTROL_POS_SAMPLE 4032	59.6108	-30.7325	10.6905
			*CONTROL_POS_SAMPLE 4224	75.65	-38.5085	12.2821
			*CONTROL_POS_SAMPLE 4416	87.2408	-53.4016	14.1413
			*CONTROL_POS_SAMPLE 4608	94.6482	-66.7757	14.6728
			*CONTROL_POS_SAMPLE 4800	101.271	-79.8648	14.9554
			*CONTROL_POS_SAMPLE 4992	107.894	-92.954	15.238
		}
		*CONTROL_ROT_TRACK {
			*CONTROL_ROT_SAMPLE 192	-0.706709	0.0383477	0.706464	3.21805
			*CONTROL_ROT_SAMPLE 384	-0.706104	0.0569466	0.705814	3.25513
			*CONTROL_ROT_SAMPLE 576	-0.706082	0.0575207	0.70579	3.25627
			*CONTROL_ROT_SAMPLE 768	-0.706013	0.0592211	0.705718	3.25966
			*CONTROL_ROT_SAMPLE 960	-0.70605	0.0583159	0.705757	3.25785
			*CONTROL_ROT_SAMPLE 1152	-0.706103	0.0569831	0.705813	3.2552
			*CONTROL_ROT_SAMPLE 1344	-0.706153	0.0556821	0.705866	3.25261
			*CONTROL_ROT_SAMPLE 1536	-0.706218	0.0539537	0.705936	3.24917
			*CONTROL_ROT_SAMPLE 1728	-0.706268	0.0525966	0.705988	3.24646
			*CONTROL_ROT_SAMPLE 1920	-0.706299	0.0517145	0.706022	3.2447
			*CONTROL_ROT_SAMPLE 2112	-0.706329	0.0508744	0.706054	3.24303
			*CONTROL_ROT_SAMPLE 2304	-0.706356	0.05007	0.706083	3.24143
			*CONTROL_ROT_SAMPLE 2496	-0.706383	0.049295	0.706112	3.23988
			*CONTROL_ROT_SAMPLE 2688	-0.706408	0.0485432	0.706138	3.23838
			*CONTROL_ROT_SAMPLE 2880	-0.706432	0.0478086	0.706164	3.23692
			*CONTROL_ROT_SAMPLE 3072	-0.706455	0.0470845	0.70619	3.23548
			*CONTROL_ROT_SAMPLE 3264	-0.706478	0.046365	0.706214	3.23404
			*CONTROL_ROT_SAMPLE 3456	-0.706501	0.0456439	0.706239	3.2326
			*CONTROL_ROT_SAMPLE 3648	-0.706523	0.0449148	0.706263	3.23115
			*CONTROL_ROT_SAMPLE 3840	-0.706546	0.0441715	0.706287	3.22967
			*CONTROL_ROT_SAMPLE 4032	-0.706569	0.0434078	0.706312	3.22814
			*CONTROL_ROT_SAMPLE 4224	-0.706595	0.0425071	0.70634	3.22635
			*CONTROL_ROT_SAMPLE 4416	-0.706624	0.0414829	0.706372	3.22431
			*CONTROL_ROT_SAMPLE 4608	-0.706653	0.0404401	0.706403	3.22223
			*CONTROL_ROT_SAMPLE 4800	-0.706681	0.0393939	0.706434	3.22014
			*CONTROL_ROT_SAMPLE 4992	-0.706709	0.0383477	0.706464	3.21805
		}
	}
}
*HELPEROBJECT {
	*NODE_NAME "Bip01 L Toe0"
	*NODE_PARENT "Bip01 L Foot"
	*NODE_TM {
		*NODE_NAME "Bip01 L Toe0"
		*TM_ROW0 -0.161723	-0.986836	5.80181e-005
		*TM_ROW1 -0.000410448	0.000126042	1
		*TM_ROW2 -0.986836	0.161723	-0.000425403
		*TM_ROW3 36.8219	-24.5431	5.60926
		*TM_POS 36.8219	-24.5431	5.60926
		*TM_ROTAXIS 0.514978	-0.606278	-0.60599
		*TM_ROTANGLE 4.09242
		*TM_SCALE 1	1	1
		*TM_SCALEAXIS 0	0	0
		*TM_SCALEAXISANG 0	0	0
	}
	*TM_ANIMATION {
		*NODE_NAME "Bip01 L Toe0"
		*CONTROL_POS_TRACK {
			*CONTROL_POS_SAMPLE 192	14.1089	-20.1528	-2.10954
			*CONTROL_POS_SAMPLE 384	25.2754	-21.4341	1.75828
			*CONTROL_POS_SAMPLE 576	36.8219	-24.5431	5.60926
			*CONTROL_POS_SAMPLE 768	42.6757	-29.526	7.09367
			*CONTROL_POS_SAMPLE 960	46.6679	-35.3733	7.67863
			*CONTROL_POS_SAMPLE 1152	49.9568	-40.7972	7.06867
			*CONTROL_POS_SAMPLE 1344	53.0961	-45.9655	4.21181
			*CONTROL_POS_SAMPLE 1536	55.5322	-50.7102	0.160038
			*CONTROL_POS_SAMPLE 1728	56.7621	-53.2412	-2.2263
			*CONTROL_POS_SAMPLE 1920	57.0546	-53.8907	-2.73591
			*CONTROL_POS_SAMPLE 2112	57.0604	-54.223	-3.07841
			*CONTROL_POS_SAMPLE 2304	56.8501	-54.2979	-3.27483
			*CONTROL_POS_SAMPLE 2496	56.4939	-54.1748	-3.34614
			*CONTROL_POS_SAMPLE 2688	56.0624	-53.9134	-3.31338
			*CONTROL_POS_SAMPLE 2880	55.626	-53.573	-3.19753
			*CONTROL_POS_SAMPLE 3072	55.255	-53.2133	-3.01957
			*CONTROL_POS_SAMPLE 3264	55.0198	-52.8938	-2.80053
			*CONTROL_POS_SAMPLE 3456	54.991	-52.6741	-2.5614
			*CONTROL_POS_SAMPLE 3648	55.2388	-52.6136	-2.32317
			*CONTROL_POS_SAMPLE 3840	55.8338	-52.7719	-2.10686
			*CONTROL_POS_SAMPLE 4032	56.8463	-53.2085	-1.93343
			*CONTROL_POS_SAMPLE 4224	72.9427	-60.9915	-0.341826
			*CONTROL_POS_SAMPLE 4416	84.5985	-75.8923	1.51733
			*CONTROL_POS_SAMPLE 4608	92.0721	-89.274	2.04884
			*CONTROL_POS_SAMPLE 4800	98.7615	-102.371	2.33142
			*CONTROL_POS_SAMPLE 4992	105.451	-115.467	2.61401
		}
		*CONTROL_ROT_TRACK {
			*CONTROL_ROT_SAMPLE 192	0.53575	-0.597183	-0.596946	4.12501
			*CONTROL_ROT_SAMPLE 384	0.515599	-0.606013	-0.605727	4.0934
			*CONTROL_ROT_SAMPLE 576	0.514978	-0.606278	-0.60599	4.09242
			*CONTROL_ROT_SAMPLE 768	0.513139	-0.60706	-0.606768	4.08951
			*CONTROL_ROT_SAMPLE 960	0.514118	-0.606644	-0.606354	4.09106
			*CONTROL_ROT_SAMPLE 1152	0.51556	-0.60603	-0.605744	4.09334
			*CONTROL_ROT_SAMPLE 1344	0.516967	-0.605429	-0.605146	4.09556
			*CONTROL_ROT_SAMPLE 1536	0.518838	-0.604625	-0.604347	4.09852
			*CONTROL_ROT_SAMPLE 1728	0.520307	-0.603992	-0.603717	4.10083
			*CONTROL_ROT_SAMPLE 1920	0.521262	-0.603579	-0.603306	4.10234
			*CONTROL_ROT_SAMPLE 2112	0.522172	-0.603184	-0.602914	4.10377
			*CONTROL_ROT_SAMPLE 2304	0.523043	-0.602806	-0.602538	4.10514
			*CONTROL_ROT_SAMPLE 2496	0.523882	-0.60244	-0.602174	4.10646
			*CONTROL_ROT_SAMPLE 2688	0.524697	-0.602084	-0.60182	4.10774
			*CONTROL_ROT_SAMPLE 2880	0.525493	-0.601736	-0.601474	4.10899
			*CONTROL_ROT_SAMPLE 3072	0.526277	-0.601392	-0.601132	4.11022
			*CONTROL_ROT_SAMPLE 3264	0.527057	-0.60105	-0.600792	4.11144
			*CONTROL_ROT_SAMPLE 3456	0.527838	-0.600706	-0.600449	4.11266
			*CONTROL_ROT_SAMPLE 3648	0.528629	-0.600357	-0.600103	4.1139
			*CONTROL_ROT_SAMPLE 3840	0.529434	-0.600001	-0.599749	4.11516
			*CONTROL_ROT_SAMPLE 4032	0.530262	-0.599634	-0.599384	4.11646
			*CONTROL_ROT_SAMPLE 4224	0.531239	-0.5992	-0.598953	4.11798
			*CONTROL_ROT_SAMPLE 4416	0.532349	-0.598706	-0.598461	4.11972
			*CONTROL_ROT_SAMPLE 4608	0.53348	-0.598201	-0.597959	4.12148
			*CONTROL_ROT_SAMPLE 4800	0.534615	-0.597693	-0.597453	4.12325
			*CONTROL_ROT_SAMPLE 4992	0.53575	-0.597183	-0.596946	4.12501
		}
	}
}
*HELPEROBJECT {
	*NODE_NAME "Bip01 R Thigh"
	*NODE_PARENT "Bip01 Pelvis"
	*NODE_TM {
		*NODE_NAME "Bip01 R Thigh"
		*TM_ROW0 -0.44901	0.0917259	-0.888806
		*TM_ROW1 -0.71006	-0.640462	0.292614
		*TM_ROW2 -0.542406	0.762492	0.352705
		*TM_ROW3 1.44595	14.9553	89.3799
		*TM_POS 1.44595	14.9553	89.3799
		*TM_ROTAXIS 0.47377	-0.349269	-0.808426
		*TM_ROTANGLE 2.62273
		*TM_SCALE 1	1	1
		*TM_SCALEAXIS 0	0	0
		*TM_SCALEAXISANG 0	0	0
	}
	*TM_ANIMATION {
		*NODE_NAME "Bip01 R Thigh"
		*CONTROL_POS_TRACK {
			*CONTROL_POS_SAMPLE 192	-2.63198	16.3133	94.1007
			*CONTROL_POS_SAMPLE 384	-0.773005	17.0424	90.9159
			*CONTROL_POS_SAMPLE 576	1.44595	14.9553	89.3799
			*CONTROL_POS_SAMPLE 768	3.69789	12.6773	88.7984
			*CONTROL_POS_SAMPLE 960	6.00573	10.32	88.4069
			*CONTROL_POS_SAMPLE 1152	8.49364	7.3563	87.1337
			*CONTROL_POS_SAMPLE 1344	10.9951	4.3273	85.5863
			*CONTROL_POS_SAMPLE 1536	13.538	1.21097	84.0423
			*CONTROL_POS_SAMPLE 1728	16.1503	-2.01475	82.7792
			*CONTROL_POS_SAMPLE 1920	19.2868	-6.11894	82.0745
			*CONTROL_POS_SAMPLE 2112	22.5878	-10.5341	82.6681
			*CONTROL_POS_SAMPLE 2304	25.8931	-14.9497	84.2989
			*CONTROL_POS_SAMPLE 2496	29.202	-19.3674	85.7423
			*CONTROL_POS_SAMPLE 2688	32.5141	-23.7889	86.6947
			*CONTROL_POS_SAMPLE 2880	35.8287	-28.2162	87.4597
			*CONTROL_POS_SAMPLE 3072	39.1452	-32.651	87.7239
			*CONTROL_POS_SAMPLE 3264	42.4632	-37.0951	87.3632
			*CONTROL_POS_SAMPLE 3456	45.7821	-41.5503	86.6424
			*CONTROL_POS_SAMPLE 3648	49.1012	-46.0184	85.8312
			*CONTROL_POS_SAMPLE 3840	52.4201	-50.5012	85.1995
			*CONTROL_POS_SAMPLE 4032	55.738	-55.0006	85.0168
			*CONTROL_POS_SAMPLE 4224	59.0951	-60.2172	85.5393
			*CONTROL_POS_SAMPLE 4416	62.4885	-66.0853	86.6027
			*CONTROL_POS_SAMPLE 4608	65.8894	-72.0929	87.8467
			*CONTROL_POS_SAMPLE 4800	69.2898	-78.0975	88.9109
			*CONTROL_POS_SAMPLE 4992	72.6912	-84.121	89.2876
		}
		*CONTROL_ROT_TRACK {
			*CONTROL_ROT_SAMPLE 192	0.53862	-0.327605	-0.776249	2.46098
			*CONTROL_ROT_SAMPLE 384	0.499417	-0.335103	-0.79893	2.53878
			*CONTROL_ROT_SAMPLE 576	0.47377	-0.349269	-0.808426	2.62273
			*CONTROL_ROT_SAMPLE 768	0.464828	-0.33532	-0.819448	2.6095
			*CONTROL_ROT_SAMPLE 960	0.459594	-0.31833	-0.829119	2.5835
			*CONTROL_ROT_SAMPLE 1152	0.448392	-0.30198	-0.841281	2.56679
			*CONTROL_ROT_SAMPLE 1344	0.437262	-0.288023	-0.851965	2.55277
			*CONTROL_ROT_SAMPLE 1536	0.428592	-0.272415	-0.861452	2.52663
			*CONTROL_ROT_SAMPLE 1728	0.429384	-0.245011	-0.869252	2.44562
			*CONTROL_ROT_SAMPLE 1920	0.377204	-0.299662	-0.876311	2.6956
			*CONTROL_ROT_SAMPLE 2112	0.353488	-0.33895	-0.871871	2.85063
			*CONTROL_ROT_SAMPLE 2304	0.3545	-0.371848	-0.857939	2.93825
			*CONTROL_ROT_SAMPLE 2496	0.368435	-0.400993	-0.838725	2.98859
			*CONTROL_ROT_SAMPLE 2688	0.384946	-0.430685	-0.816289	3.03462
			*CONTROL_ROT_SAMPLE 2880	0.405014	-0.459083	-0.7907	3.06958
			*CONTROL_ROT_SAMPLE 3072	0.425914	-0.48549	-0.763477	3.09746
			*CONTROL_ROT_SAMPLE 3264	0.446061	-0.509302	-0.735963	3.12007
			*CONTROL_ROT_SAMPLE 3456	0.46614	-0.528587	-0.709444	3.13448
			*CONTROL_ROT_SAMPLE 3648	0.496843	-0.535619	-0.682831	3.11393
			*CONTROL_ROT_SAMPLE 3840	0.53271	-0.525799	-0.663141	3.05265
			*CONTROL_ROT_SAMPLE 4032	0.550024	-0.511026	-0.66055	2.99174
			*CONTROL_ROT_SAMPLE 4224	0.544037	-0.494993	-0.6775	2.94392
			*CONTROL_ROT_SAMPLE 4416	0.531831	-0.471144	-0.703689	2.88675
			*CONTROL_ROT_SAMPLE 4608	0.518422	-0.441128	-0.732561	2.81941
			*CONTROL_ROT_SAMPLE 4800	0.507522	-0.406914	-0.759501	2.74177
			*CONTROL_ROT_SAMPLE 4992	0.500007	-0.372141	-0.781987	2.66018
		}
	}
}
*HELPEROBJECT {
	*NODE_NAME "Bip01 R Calf"
	*NODE_PARENT "Bip01 R Thigh"
	*NODE_TM {
		*NODE_NAME "Bip01 R Calf"
		*TM_ROW0 0.0445988	0.44537	-0.894235
		*TM_ROW1 -0.838932	-0.469309	-0.275578
		*TM_ROW2 -0.542406	0.762492	0.352705
		*TM_ROW3 -16.2203	18.5642	54.4099
		*TM_POS -16.2203	18.5642	54.4099
		*TM_ROTAXIS 0.614813	-0.208376	-0.760647
		*TM_ROTANGLE 2.13649
		*TM_SCALE 1	1	1
		*TM_SCALEAXIS 0	0	0
		*TM_SCALEAXISANG 0	0	0
	}
	*TM_ANIMATION {
		*NODE_NAME "Bip01 R Calf"
		*CONTROL_POS_TRACK {
			*CONTROL_POS_SAMPLE 192	-12.9247	23.1938	56.7546
			*CONTROL_POS_SAMPLE 384	-15.2861	22.8556	54.8107
			*CONTROL_POS_SAMPLE 576	-16.2203	18.5642	54.4099
			*CONTROL_POS_SAMPLE 768	-14.3807	17.617	54.2039
			*CONTROL_POS_SAMPLE 960	-12.0088	16.9564	54.0637
			*CONTROL_POS_SAMPLE 1152	-9.97871	15.5529	53.3756
			*CONTROL_POS_SAMPLE 1344	-7.94546	13.868	52.4465
			*CONTROL_POS_SAMPLE 1536	-5.4682	12.4193	51.467
			*CONTROL_POS_SAMPLE 1728	-1.22315	12.5966	50.6437
			*CONTROL_POS_SAMPLE 1920	-5.56093	0.29376	52.2502
			*CONTROL_POS_SAMPLE 2112	-5.47729	-9.92321	55.1002
			*CONTROL_POS_SAMPLE 2304	-2.85403	-18.3989	57.6583
			*CONTROL_POS_SAMPLE 2496	0.93611	-25.8956	59.1635
			*CONTROL_POS_SAMPLE 2688	5.02134	-33.3684	60.2296
			*CONTROL_POS_SAMPLE 2880	9.47704	-40.5901	60.9928
			*CONTROL_POS_SAMPLE 3072	14.1063	-47.589	61.3056
			*CONTROL_POS_SAMPLE 3264	18.7826	-54.3465	61.1023
			*CONTROL_POS_SAMPLE 3456	23.5362	-60.7402	60.4721
			*CONTROL_POS_SAMPLE 3648	29.1925	-66.2121	58.5571
			*CONTROL_POS_SAMPLE 3840	35.5172	-70.1808	55.6187
			*CONTROL_POS_SAMPLE 4032	40.5064	-73.1146	53.586
			*CONTROL_POS_SAMPLE 4224	43.5799	-75.9665	52.9932
			*CONTROL_POS_SAMPLE 4416	46.3119	-78.5045	52.9561
			*CONTROL_POS_SAMPLE 4608	49.1736	-80.4993	53.2356
			*CONTROL_POS_SAMPLE 4800	52.5176	-82.0756	53.5431
			*CONTROL_POS_SAMPLE 4992	56.3732	-83.6848	53.4889
		}
		*CONTROL_ROT_TRACK {
			*CONTROL_ROT_SAMPLE 192	0.615191	-0.250092	-0.747659	2.21631
			*CONTROL_ROT_SAMPLE 384	0.616086	-0.217881	-0.756945	2.14691
			*CONTROL_ROT_SAMPLE 576	0.614813	-0.208376	-0.760647	2.13649
			*CONTROL_ROT_SAMPLE 768	0.591754	-0.210079	-0.778264	2.15444
			*CONTROL_ROT_SAMPLE 960	0.566344	-0.213898	-0.795929	2.18494
			*CONTROL_ROT_SAMPLE 1152	0.543479	-0.209638	-0.812824	2.19463
			*CONTROL_ROT_SAMPLE 1344	0.528023	-0.200196	-0.825296	2.183
			*CONTROL_ROT_SAMPLE 1536	0.512606	-0.191366	-0.837027	2.17128
			*CONTROL_ROT_SAMPLE 1728	0.483656	-0.192877	-0.853742	2.20585
			*CONTROL_ROT_SAMPLE 1920	0.534852	-0.150797	-0.83138	2.01481
			*CONTROL_ROT_SAMPLE 2112	0.577981	-0.126484	-0.806188	1.91929
			*CONTROL_ROT_SAMPLE 2304	0.618668	-0.113972	-0.777342	1.89671
			*CONTROL_ROT_SAMPLE 2496	0.655614	-0.107502	-0.747404	1.91328
			*CONTROL_ROT_SAMPLE 2688	0.691309	-0.100653	-0.715514	1.94281
			*CONTROL_ROT_SAMPLE 2880	0.723704	-0.0962121	-0.68337	1.98725
			*CONTROL_ROT_SAMPLE 3072	0.752071	-0.0937117	-0.652386	2.03938
			*CONTROL_ROT_SAMPLE 3264	0.776233	-0.0928504	-0.623571	2.09415
			*CONTROL_ROT_SAMPLE 3456	-0.795599	0.0945461	0.598401	4.13301
			*CONTROL_ROT_SAMPLE 3648	-0.807743	0.110202	0.579143	4.06148
			*CONTROL_ROT_SAMPLE 3840	-0.808777	0.142148	0.570678	3.99376
			*CONTROL_ROT_SAMPLE 4032	-0.8009	0.16812	0.574713	3.97289
			*CONTROL_ROT_SAMPLE 4224	-0.78667	0.176501	0.591606	4.00693
			*CONTROL_ROT_SAMPLE 4416	-0.764501	0.181042	0.618677	4.05718
			*CONTROL_ROT_SAMPLE 4608	-0.734815	0.186118	0.652232	4.10428
			*CONTROL_ROT_SAMPLE 4800	-0.699262	0.192786	0.688379	4.13585
			*CONTROL_ROT_SAMPLE 4992	0.662074	-0.198953	-0.722548	2.13338
		}
	}
}
*HELPEROBJECT {
	*NODE_NAME "Bip01 R Foot"
	*NODE_PARENT "Bip01 R Calf"
	*NODE_TM {
