*3DSMAX_ASCIIEXPORT	110
*COMMENT "This file is part of Gothic Free Aim Copyright (C) 2016-2018  mud-freak (@szapp)"
*COMMENT "<http://github.com/szapp/GothicFreeAim>"
*COMMENT "Animations: first iteration"
*SCENE {
	*SCENE_FILENAME "magIK_LIN_frontRight.max"
	*SCENE_FIRSTFRAME 1
	*SCENE_LASTFRAME 27
	*SCENE_FRAMESPEED 25
	*SCENE_TICKSPERFRAME 192
	*SCENE_BACKGROUND_STATIC 0	0	0
	*SCENE_AMBIENT_STATIC 0.2	0.2	0.2
}
*HELPEROBJECT {
	*NODE_NAME "Bip01"
	*NODE_TM {
		*NODE_NAME "Bip01"
		*TM_ROW0 0.56697	-0.708452	-0.420287
		*TM_ROW1 0.780814	0.624764	0.000196396
		*TM_ROW2 0.262441	-0.328277	0.907391
		*TM_ROW3 -20.6701	11.9132	92.3791
		*TM_POS -20.6701	11.9132	92.3791
		*TM_ROTAXIS -0.196584	-0.408598	0.891293
		*TM_ROTANGLE 0.988956
		*TM_SCALE 1	1	1
		*TM_SCALEAXIS 0	0	0
		*TM_SCALEAXISANG 0	0	0
	}
	*TM_ANIMATION {
		*NODE_NAME "Bip01"
		*CONTROL_POS_TRACK {
			*CONTROL_POS_SAMPLE 192	-20.6701	11.9132	92.3791
			*CONTROL_POS_SAMPLE 384	-24.0786	10.5761	90.9933
			*CONTROL_POS_SAMPLE 576	-26.1918	7.71044	89.8773
			*CONTROL_POS_SAMPLE 768	-28.1893	4.91172	88.9953
			*CONTROL_POS_SAMPLE 960	-30.1102	2.13776	88.3116
			*CONTROL_POS_SAMPLE 1152	-31.9935	-0.653671	87.7906
			*CONTROL_POS_SAMPLE 1344	-33.8785	-3.50475	87.3966
			*CONTROL_POS_SAMPLE 1536	-35.8041	-6.45769	87.0937
			*CONTROL_POS_SAMPLE 1728	-37.8095	-9.5547	87.1099
			*CONTROL_POS_SAMPLE 1920	-39.9339	-12.838	87.5474
			*CONTROL_POS_SAMPLE 2112	-42.2162	-16.3497	88.1824
			*CONTROL_POS_SAMPLE 2304	-44.6956	-20.1321	88.791
			*CONTROL_POS_SAMPLE 2496	-47.6592	-24.7362	89.1493
			*CONTROL_POS_SAMPLE 2688	-51.2071	-30.357	89.1742
			*CONTROL_POS_SAMPLE 2880	-55.098	-36.5027	89.0049
			*CONTROL_POS_SAMPLE 3072	-59.0906	-42.6813	88.7504
			*CONTROL_POS_SAMPLE 3264	-62.9439	-48.401	88.5199
			*CONTROL_POS_SAMPLE 3456	-66.8293	-53.4088	88.29
			*CONTROL_POS_SAMPLE 3648	-70.6171	-57.4163	88.0567
			*CONTROL_POS_SAMPLE 3840	-74.0235	-59.9761	87.9531
			*CONTROL_POS_SAMPLE 4032	-77.2837	-62.0106	87.981
			*CONTROL_POS_SAMPLE 4224	-80.4822	-65.0293	87.951
			*CONTROL_POS_SAMPLE 4416	-83.6581	-69.3621	87.9735
			*CONTROL_POS_SAMPLE 4608	-86.803	-74.1911	88.159
			*CONTROL_POS_SAMPLE 4800	-89.9301	-79.3035	88.6178
			*CONTROL_POS_SAMPLE 4992	-93.0528	-84.4868	90.1864
			*CONTROL_POS_SAMPLE 5184	-96.1844	-89.5283	92.3791
		}
		*CONTROL_ROT_TRACK {
			*CONTROL_ROT_SAMPLE 192	-0.196584	-0.408598	0.891293	0.988956
			*CONTROL_ROT_SAMPLE 384	-0.196584	-0.408598	0.891293	0.988956
			*CONTROL_ROT_SAMPLE 576	-0.196584	-0.408598	0.891293	0.988956
			*CONTROL_ROT_SAMPLE 768	-0.196584	-0.408598	0.891293	0.988956
			*CONTROL_ROT_SAMPLE 960	-0.196584	-0.408598	0.891293	0.988956
			*CONTROL_ROT_SAMPLE 1152	-0.196584	-0.408598	0.891293	0.988956
			*CONTROL_ROT_SAMPLE 1344	-0.196584	-0.408598	0.891293	0.988956
			*CONTROL_ROT_SAMPLE 1536	-0.196584	-0.408598	0.891293	0.988956
			*CONTROL_ROT_SAMPLE 1728	-0.196584	-0.408598	0.891293	0.988956
			*CONTROL_ROT_SAMPLE 1920	-0.196584	-0.408598	0.891293	0.988956
			*CONTROL_ROT_SAMPLE 2112	-0.196584	-0.408598	0.891293	0.988956
			*CONTROL_ROT_SAMPLE 2304	-0.196584	-0.408598	0.891293	0.988956
			*CONTROL_ROT_SAMPLE 2496	-0.196584	-0.408598	0.891293	0.988956
			*CONTROL_ROT_SAMPLE 2688	-0.196584	-0.408598	0.891293	0.988956
			*CONTROL_ROT_SAMPLE 2880	-0.196584	-0.408598	0.891293	0.988956
			*CONTROL_ROT_SAMPLE 3072	-0.196584	-0.408598	0.891293	0.988956
			*CONTROL_ROT_SAMPLE 3264	-0.196584	-0.408598	0.891293	0.988956
			*CONTROL_ROT_SAMPLE 3456	-0.196584	-0.408598	0.891293	0.988956
			*CONTROL_ROT_SAMPLE 3648	-0.196584	-0.408598	0.891293	0.988956
			*CONTROL_ROT_SAMPLE 3840	-0.196584	-0.408598	0.891293	0.988956
			*CONTROL_ROT_SAMPLE 4032	-0.196584	-0.408598	0.891293	0.988956
			*CONTROL_ROT_SAMPLE 4224	-0.196584	-0.408598	0.891293	0.988956
			*CONTROL_ROT_SAMPLE 4416	-0.196584	-0.408598	0.891293	0.988956
			*CONTROL_ROT_SAMPLE 4608	-0.196584	-0.408598	0.891293	0.988956
			*CONTROL_ROT_SAMPLE 4800	-0.196584	-0.408598	0.891293	0.988956
			*CONTROL_ROT_SAMPLE 4992	-0.196584	-0.408598	0.891293	0.988956
			*CONTROL_ROT_SAMPLE 5184	-0.196584	-0.408598	0.891293	0.988956
		}
	}
}
*HELPEROBJECT {
	*NODE_NAME "Bip01 Footsteps"
	*NODE_PARENT "Bip01"
	*NODE_TM {
		*NODE_NAME "Bip01 Footsteps"
		*TM_ROW0 1	0	0
		*TM_ROW1 0	1	0
		*TM_ROW2 0	0	1
		*TM_ROW3 -20.6701	11.9132	-0.599076
		*TM_POS -20.6701	11.9132	-0.599076
		*TM_ROTAXIS 0	0	0
		*TM_ROTANGLE 0
		*TM_SCALE 1	1	1
		*TM_SCALEAXIS 0	0	0
		*TM_SCALEAXISANG 0	0	0
	}
}
*HELPEROBJECT {
	*NODE_NAME "Bip01 Pelvis"
	*NODE_PARENT "Bip01"
	*NODE_TM {
		*NODE_NAME "Bip01 Pelvis"
		*TM_ROW0 0.25918	-0.330882	0.907382
		*TM_ROW1 0.566971	-0.708451	-0.420287
		*TM_ROW2 0.781901	0.62339	0.00398375
		*TM_ROW3 -22.5489	12.0571	92.9745
		*TM_POS -22.5489	12.0571	92.9745
		*TM_ROTAXIS -0.754952	-0.0907678	-0.649469
		*TM_ROTANGLE 3.90477
		*TM_SCALE 1	1	1
		*TM_SCALEAXIS 0	0	0
		*TM_SCALEAXISANG 0	0	0
	}
	*TM_ANIMATION {
		*NODE_NAME "Bip01 Pelvis"
		*CONTROL_POS_TRACK {
			*CONTROL_POS_SAMPLE 192	-22.5489	12.0571	92.9745
			*CONTROL_POS_SAMPLE 384	-25.9573	10.72	91.5887
			*CONTROL_POS_SAMPLE 576	-28.0706	7.85431	90.4727
			*CONTROL_POS_SAMPLE 768	-30.0681	5.05559	89.5907
			*CONTROL_POS_SAMPLE 960	-31.989	2.28162	88.9071
			*CONTROL_POS_SAMPLE 1152	-33.8723	-0.509803	88.3861
			*CONTROL_POS_SAMPLE 1344	-35.7573	-3.36088	87.992
			*CONTROL_POS_SAMPLE 1536	-37.6829	-6.31382	87.6891
			*CONTROL_POS_SAMPLE 1728	-39.6883	-9.41083	87.7053
			*CONTROL_POS_SAMPLE 1920	-41.8126	-12.6941	88.1428
			*CONTROL_POS_SAMPLE 2112	-44.095	-16.2058	88.7779
			*CONTROL_POS_SAMPLE 2304	-46.5744	-19.9882	89.3865
			*CONTROL_POS_SAMPLE 2496	-49.538	-24.5924	89.7447
			*CONTROL_POS_SAMPLE 2688	-53.0858	-30.2132	89.7697
			*CONTROL_POS_SAMPLE 2880	-56.9767	-36.3588	89.6003
			*CONTROL_POS_SAMPLE 3072	-60.9694	-42.5374	89.3458
			*CONTROL_POS_SAMPLE 3264	-64.8226	-48.2572	89.1154
			*CONTROL_POS_SAMPLE 3456	-68.7081	-53.265	88.8854
			*CONTROL_POS_SAMPLE 3648	-72.4959	-57.2724	88.6521
			*CONTROL_POS_SAMPLE 3840	-75.9023	-59.8322	88.5486
			*CONTROL_POS_SAMPLE 4032	-79.1624	-61.8667	88.5764
			*CONTROL_POS_SAMPLE 4224	-82.361	-64.8854	88.5464
			*CONTROL_POS_SAMPLE 4416	-85.5369	-69.2183	88.569
			*CONTROL_POS_SAMPLE 4608	-88.6818	-74.0472	88.7544
			*CONTROL_POS_SAMPLE 4800	-91.8089	-79.1596	89.2133
			*CONTROL_POS_SAMPLE 4992	-94.9316	-84.3429	90.7818
			*CONTROL_POS_SAMPLE 5184	-98.0631	-89.3844	92.9745
		}
		*CONTROL_ROT_TRACK {
			*CONTROL_ROT_SAMPLE 192	-0.754952	-0.0907678	-0.649469	3.90477
			*CONTROL_ROT_SAMPLE 384	-0.754952	-0.0907678	-0.649469	3.90477
			*CONTROL_ROT_SAMPLE 576	-0.754952	-0.0907678	-0.649469	3.90477
			*CONTROL_ROT_SAMPLE 768	-0.754952	-0.0907678	-0.649469	3.90477
			*CONTROL_ROT_SAMPLE 960	-0.754952	-0.0907678	-0.649469	3.90477
			*CONTROL_ROT_SAMPLE 1152	-0.754952	-0.0907678	-0.649469	3.90477
			*CONTROL_ROT_SAMPLE 1344	-0.754952	-0.0907678	-0.649469	3.90477
			*CONTROL_ROT_SAMPLE 1536	-0.754952	-0.0907678	-0.649469	3.90477
			*CONTROL_ROT_SAMPLE 1728	-0.754952	-0.0907678	-0.649469	3.90477
			*CONTROL_ROT_SAMPLE 1920	-0.754952	-0.0907678	-0.649469	3.90477
			*CONTROL_ROT_SAMPLE 2112	-0.754952	-0.0907678	-0.649469	3.90477
			*CONTROL_ROT_SAMPLE 2304	-0.754952	-0.0907678	-0.649469	3.90477
			*CONTROL_ROT_SAMPLE 2496	-0.754952	-0.0907678	-0.649469	3.90477
			*CONTROL_ROT_SAMPLE 2688	-0.754952	-0.0907678	-0.649469	3.90477
			*CONTROL_ROT_SAMPLE 2880	-0.754952	-0.0907678	-0.649469	3.90477
			*CONTROL_ROT_SAMPLE 3072	-0.754952	-0.0907678	-0.649469	3.90477
			*CONTROL_ROT_SAMPLE 3264	-0.754952	-0.0907678	-0.649469	3.90477
			*CONTROL_ROT_SAMPLE 3456	-0.754952	-0.0907678	-0.649469	3.90477
			*CONTROL_ROT_SAMPLE 3648	-0.754952	-0.0907678	-0.649469	3.90477
			*CONTROL_ROT_SAMPLE 3840	-0.754952	-0.0907678	-0.649469	3.90477
			*CONTROL_ROT_SAMPLE 4032	-0.754952	-0.0907678	-0.649469	3.90477
			*CONTROL_ROT_SAMPLE 4224	-0.754952	-0.0907678	-0.649469	3.90477
			*CONTROL_ROT_SAMPLE 4416	-0.754952	-0.0907678	-0.649469	3.90477
			*CONTROL_ROT_SAMPLE 4608	-0.754952	-0.0907678	-0.649469	3.90477
			*CONTROL_ROT_SAMPLE 4800	-0.754952	-0.0907678	-0.649469	3.90477
			*CONTROL_ROT_SAMPLE 4992	-0.754952	-0.0907678	-0.649469	3.90477
			*CONTROL_ROT_SAMPLE 5184	-0.754952	-0.0907678	-0.649469	3.90477
		}
	}
}
*HELPEROBJECT {
	*NODE_NAME "Bip01 Spine"
	*NODE_PARENT "Bip01 Pelvis"
	*NODE_TM {
		*NODE_NAME "Bip01 Spine"
		*TM_ROW0 0.306512	-0.372779	0.875835
		*TM_ROW1 0.545425	-0.685305	-0.482564
		*TM_ROW2 0.780104	0.625614	-0.00673178
		*TM_ROW3 -21.9693	11.3321	95.1905
		*TM_POS -21.9693	11.3321	95.1905
		*TM_ROTAXIS -0.768324	-0.0663721	-0.63661
		*TM_ROTANGLE 3.94708
		*TM_SCALE 1	1	1
		*TM_SCALEAXIS 0	0	0
		*TM_SCALEAXISANG 0	0	0
	}
}
*HELPEROBJECT {
	*NODE_NAME "Bip01 Spine1"
	*NODE_PARENT "Bip01 Spine"
	*NODE_TM {
		*NODE_NAME "Bip01 Spine1"
		*TM_ROW0 0.304632	-0.397183	0.865705
		*TM_ROW1 0.525118	-0.688257	-0.500553
		*TM_ROW2 0.794639	0.607082	-0.00109733
		*TM_ROW3 -18.9625	7.6757	103.803
		*TM_POS -18.9625	7.6757	103.803
		*TM_ROTAXIS -0.767537	-0.0492457	-0.63911
		*TM_ROTANGLE 3.94763
		*TM_SCALE 1	1	1
		*TM_SCALEAXIS 0	0	0
		*TM_SCALEAXISANG 0	0	0
	}
}
*HELPEROBJECT {
	*NODE_NAME "Bip01 Spine2"
	*NODE_PARENT "Bip01 Spine1"
	*NODE_TM {
		*NODE_NAME "Bip01 Spine2"
		*TM_ROW0 0.406704	-0.190398	0.893499
		*TM_ROW1 0.415347	-0.832576	-0.366474
		*TM_ROW2 0.813682	0.520159	-0.25953
		*TM_ROW3 -15.0762	2.61569	114.884
		*TM_POS -15.0762	2.61569	114.884
		*TM_ROTAXIS -0.823425	-0.0741267	-0.562562
		*TM_ROTANGLE 3.71011
		*TM_SCALE 1	1	1
		*TM_SCALEAXIS 0	0	0
		*TM_SCALEAXISANG 0	0	0
	}
}
*HELPEROBJECT {
	*NODE_NAME "Bip01 Neck"
	*NODE_PARENT "Bip01 Spine2"
	*NODE_TM {
		*NODE_NAME "Bip01 Neck"
		*TM_ROW0 0.492077	-0.378635	0.783898
		*TM_ROW1 0.30948	-0.765556	-0.564045
		*TM_ROW2 0.813685	0.520154	-0.259533
		*TM_ROW3 -2.8833	-3.08904	141.677
		*TM_POS -2.8833	-3.08904	141.677
		*TM_ROTAXIS -0.844079	0.0231899	-0.535716
		*TM_ROTANGLE 3.83901
		*TM_SCALE 1	1	1
		*TM_SCALEAXIS 0	0	0
		*TM_SCALEAXISANG 0	0	0
	}
}
*HELPEROBJECT {
	*NODE_NAME "Bip01 Head"
	*NODE_PARENT "Bip01 Neck"
	*NODE_TM {
		*NODE_NAME "Bip01 Head"
		*TM_ROW0 0.233829	-0.251692	0.939135
		*TM_ROW1 0.318023	-0.892981	-0.318505
		*TM_ROW2 0.918795	0.373143	-0.128761
		*TM_ROW3 0.482126	-5.67861	147.039
		*TM_POS 0.482126	-5.67861	147.039
		*TM_ROTAXIS -0.771664	-0.0226929	-0.635625
		*TM_ROTANGLE 3.60629
		*TM_SCALE 1	1	1
		*TM_SCALEAXIS 0	0	0
		*TM_SCALEAXISANG 0	0	0
	}
}
*HELPEROBJECT {
	*NODE_NAME "zs_Helmet"
	*NODE_PARENT "Bip01 Head"
	*NODE_TM {
		*NODE_NAME "zs_Helmet"
		*TM_ROW0 0.918795	0.373144	-0.128761
		*TM_ROW1 -0.33539	0.909976	0.243841
		*TM_ROW2 0.208157	-0.180855	0.96123
		*TM_ROW3 89.3018	-141.019	388.613
		*TM_POS 89.3018	-141.019	388.613
		*TM_ROTAXIS -0.476045	-0.377655	-0.794203
		*TM_ROTANGLE 0.462365
		*TM_SCALE 1	1	1
		*TM_SCALEAXIS 0	0	0
		*TM_SCALEAXISANG 0	0	0
	}
}
*HELPEROBJECT {
	*NODE_NAME "Bip01 L Clavicle"
	*NODE_PARENT "Bip01 Neck"
	*NODE_TM {
		*NODE_NAME "Bip01 L Clavicle"
		*TM_ROW0 0.812052	0.548517	-0.199249
		*TM_ROW1 -0.452974	0.807699	0.377409
		*TM_ROW2 0.367949	-0.216222	0.904357
		*TM_ROW3 0.389049	4.12917	135.718
		*TM_POS 0.389049	4.12917	135.718
		*TM_ROTAXIS -0.458393	-0.437981	-0.773336
		*TM_ROTANGLE 0.704317
		*TM_SCALE 1	1	1
		*TM_SCALEAXIS 0	0	0
		*TM_SCALEAXISANG 0	0	0
	}
}
*HELPEROBJECT {
	*NODE_NAME "Bip01 L UpperArm"
	*NODE_PARENT "Bip01 L Clavicle"
	*NODE_TM {
		*NODE_NAME "Bip01 L UpperArm"
		*TM_ROW0 0.120616	0.585775	-0.801448
		*TM_ROW1 -0.212099	0.803907	0.555651
		*TM_ROW2 0.969776	0.102966	0.221206
		*TM_ROW3 11.2105	11.4387	133.062
		*TM_POS 11.2105	11.4387	133.062
		*TM_ROTAXIS -0.226946	-0.887973	-0.4
		*TM_ROTANGLE 1.49787
		*TM_SCALE 1	1	1
		*TM_SCALEAXIS 0	0	0
		*TM_SCALEAXISANG 0	0	0
	}
}
*HELPEROBJECT {
	*NODE_NAME "Bip01 L Forearm"
	*NODE_PARENT "Bip01 L UpperArm"
	*NODE_TM {
		*NODE_NAME "Bip01 L Forearm"
		*TM_ROW0 0.230961	-0.0950234	-0.968312
		*TM_ROW1 -0.0786834	0.990136	-0.115933
		*TM_ROW2 0.969776	0.102966	0.221206
		*TM_ROW3 14.5764	27.7855	110.697
		*TM_POS 14.5764	27.7855	110.697
		*TM_ROTAXIS 0.112228	-0.993647	0.00837745
		*TM_ROTANGLE 1.3478
		*TM_SCALE 1	1	1
		*TM_SCALEAXIS 0	0	0
		*TM_SCALEAXISANG 0	0	0
	}
}
*HELPEROBJECT {
	*NODE_NAME "Bip01 L Hand"
	*NODE_PARENT "Bip01 L Forearm"
	*NODE_TM {
		*NODE_NAME "Bip01 L Hand"
		*TM_ROW0 0.149563	-0.303778	-0.94093
		*TM_ROW1 -0.983113	-0.147181	-0.108752
		*TM_ROW2 -0.10545	0.941306	-0.32066
		*TM_ROW3 21.0009	25.1423	83.7622
		*TM_POS 21.0009	25.1423	83.7622
		*TM_ROTAXIS -0.698157	0.55549	0.451673
		*TM_ROTANGLE 3.99272
		*TM_SCALE 1	1	1
		*TM_SCALEAXIS 0	0	0
		*TM_SCALEAXISANG 0	0	0
	}
}
*HELPEROBJECT {
	*NODE_NAME "Bip01 L Finger0"
	*NODE_PARENT "Bip01 L Hand"
	*NODE_TM {
		*NODE_NAME "Bip01 L Finger0"
		*TM_ROW0 0.149562	-0.303778	-0.94093
		*TM_ROW1 -0.983032	-0.1479	-0.108505
		*TM_ROW2 -0.106202	0.941193	-0.320744
		*TM_ROW3 22.9258	21.2327	71.6526
		*TM_POS 22.9258	21.2327	71.6526
		*TM_ROTAXIS -0.698245	0.55525	0.451831
		*TM_ROTANGLE 3.99218
		*TM_SCALE 1	1	1
		*TM_SCALEAXIS 0	0	0
		*TM_SCALEAXISANG 0	0	0
	}
}
*HELPEROBJECT {
	*NODE_NAME "zs_LeftHand"
	*NODE_PARENT "Bip01 L Hand"
	*NODE_TM {
		*NODE_NAME "zs_LeftHand"
		*TM_ROW0 -0.0196252	0.978314	-0.206198
		*TM_ROW1 0.356863	-0.185798	-0.915493
		*TM_ROW2 -0.93395	-0.0915511	-0.345478
		*TM_ROW3 -28.723	-28.3109	-27.0422
		*TM_POS -28.723	-28.3109	-27.0422
		*TM_ROTAXIS -0.652464	-0.576293	0.492115
		*TM_ROTANGLE 3.82496
		*TM_SCALE 1	1	1
		*TM_SCALEAXIS 0	0	0
		*TM_SCALEAXISANG 0	0	0
	}
}
*HELPEROBJECT {
	*NODE_NAME "zs_LeftArm"
	*NODE_PARENT "Bip01 L Forearm"
	*NODE_TM {
		*NODE_NAME "zs_LeftArm"
		*TM_ROW0 0.130939	0.0906795	-0.987235
		*TM_ROW1 -0.0529378	0.995027	0.084374
		*TM_ROW2 0.989976	0.0412142	0.135088
		*TM_ROW3 136.968	-165.88	-111.903
		*TM_POS 136.968	-165.88	-111.903
		*TM_ROTAXIS -0.0217661	-0.997136	-0.0724283
		*TM_ROTANGLE 1.4399
		*TM_SCALE 1	1	1
		*TM_SCALEAXIS 0	0	0
		*TM_SCALEAXISANG 0	0	0
	}
}
*HELPEROBJECT {
	*NODE_NAME "Bip01 R Clavicle"
	*NODE_PARENT "Bip01 Neck"
	*NODE_TM {
		*NODE_NAME "Bip01 R Clavicle"
		*TM_ROW0 -0.910389	-0.404026	0.0891857
		*TM_ROW1 -0.352323	0.870016	0.344876
		*TM_ROW2 -0.216932	0.28255	-0.934402
		*TM_ROW3 -12.5712	-4.15594	139.851
		*TM_POS -12.5712	-4.15594	139.851
		*TM_ROTAXIS 0.196833	-0.966745	-0.163282
		*TM_ROTANGLE 3.30059
		*TM_SCALE 1	1	1
		*TM_SCALEAXIS 0	0	0
		*TM_SCALEAXISANG 0	0	0
	}
}
*HELPEROBJECT {
	*NODE_NAME "Bip01 R UpperArm"
	*NODE_PARENT "Bip01 R Clavicle"
	*NODE_TM {
		*NODE_NAME "Bip01 R UpperArm"
		*TM_ROW0 -0.409439	-0.0200617	-0.912117
		*TM_ROW1 -0.329418	0.935564	0.127294
		*TM_ROW2 0.85079	0.352587	-0.389665
		*TM_ROW3 -24.7031	-9.54	141.04
		*TM_POS -24.7031	-9.54	141.04
		*TM_ROTAXIS 0.124887	-0.977239	-0.171487
		*TM_ROTANGLE 2.01725
		*TM_SCALE 1	1	1
		*TM_SCALEAXIS 0	0	0
		*TM_SCALEAXISANG 0	0	0
	}
}
*HELPEROBJECT {
	*NODE_NAME "Bip01 R Forearm"
	*NODE_PARENT "Bip01 R UpperArm"
	*NODE_TM {
		*NODE_NAME "Bip01 R Forearm"
		*TM_ROW0 0.301407	-0.934822	-0.187781
		*TM_ROW1 -0.430477	0.0423146	-0.901609
		*TM_ROW2 0.85079	0.352587	-0.389665
		*TM_ROW3 -36.129	-10.0998	115.586
		*TM_POS -36.129	-10.0998	115.586
		*TM_ROTAXIS -0.735728	0.60924	-0.295856
		*TM_ROTANGLE 4.16206
		*TM_SCALE 1	1	1
		*TM_SCALEAXIS 0	0	0
		*TM_SCALEAXISANG 0	0	0
	}
}
*HELPEROBJECT {
	*NODE_NAME "Bip01 R Hand"
	*NODE_PARENT "Bip01 R Forearm"
	*NODE_TM {
		*NODE_NAME "Bip01 R Hand"
		*TM_ROW0 0.298801	-0.93365	-0.197522
		*TM_ROW1 0.388264	-0.0701378	0.918875
		*TM_ROW2 -0.871762	-0.351251	0.341545
		*TM_ROW3 -27.745	-36.1031	110.363
		*TM_POS -27.745	-36.1031	110.363
		*TM_ROTAXIS -0.650255	0.345185	0.676768
		*TM_ROTANGLE 1.78738
		*TM_SCALE 1	1	1
		*TM_SCALEAXIS 0	0	0
		*TM_SCALEAXISANG 0	0	0
	}
}
*HELPEROBJECT {
	*NODE_NAME "Bip01 R Finger0"
	*NODE_PARENT "Bip01 R Hand"
	*NODE_TM {
		*NODE_NAME "Bip01 R Finger0"
		*TM_ROW0 0.298808	-0.933649	-0.197516
		*TM_ROW1 0.3876	-0.0703974	0.919136
		*TM_ROW2 -0.872055	-0.351203	0.340847
		*TM_ROW3 -23.8994	-48.1191	107.821
		*TM_POS -23.8994	-48.1191	107.821
		*TM_ROTAXIS -0.650433	0.345375	0.6765
		*TM_ROTANGLE 1.78787
		*TM_SCALE 1	1	1
		*TM_SCALEAXIS 0	0	0
		*TM_SCALEAXISANG 0	0	0
	}
}
*HELPEROBJECT {
	*NODE_NAME "zs_RightHand"
	*NODE_PARENT "Bip01 R Hand"
	*NODE_TM {
		*NODE_NAME "zs_RightHand"
		*TM_ROW0 0.662883	0.390803	-0.638639
		*TM_ROW1 -0.329215	0.918226	0.220179
		*TM_ROW2 0.672461	0.0642965	0.737334
		*TM_ROW3 -93.4538	-192.606	228.544
		*TM_POS -93.4538	-192.606	228.544
		*TM_ROTAXIS -0.103652	-0.871801	-0.478768
		*TM_ROTANGLE 0.851014
		*TM_SCALE 1	1	1
		*TM_SCALEAXIS 0	0	0
		*TM_SCALEAXISANG 0	0	0
	}
}
*HELPEROBJECT {
	*NODE_NAME "zs_Crossbow"
	*NODE_PARENT "Bip01 Spine2"
	*NODE_TM {
		*NODE_NAME "zs_Crossbow"
		*TM_ROW0 0.137561	-0.60394	0.785069
		*TM_ROW1 -0.950903	-0.302371	-0.0659906
		*TM_ROW2 0.277237	-0.737447	-0.615883
		*TM_ROW3 131.806	-180.918	1476.1
		*TM_POS 131.806	-180.918	1476.1
		*TM_ROTAXIS -0.737405	0.557711	-0.381041
		*TM_ROTANGLE 2.6689
		*TM_SCALE 1	1	1
		*TM_SCALEAXIS 0	0	0
		*TM_SCALEAXISANG 0	0	0
	}
}
*HELPEROBJECT {
	*NODE_NAME "zs_Longsword"
	*NODE_PARENT "Bip01 Spine2"
	*NODE_TM {
		*NODE_NAME "zs_Longsword"
		*TM_ROW0 0.0246476	-0.624299	0.780796
		*TM_ROW1 -0.967337	-0.212003	-0.138975
		*TM_ROW2 0.252293	-0.751868	-0.609133
		*TM_ROW3 -22.8416	-219.787	1240.75
		*TM_POS -22.8416	-219.787	1240.75
		*TM_ROTAXIS -0.697267	0.60126	-0.390262
		*TM_ROTANGLE 2.68655
		*TM_SCALE 1	1	1
		*TM_SCALEAXIS 0	0	0
		*TM_SCALEAXISANG 0	0	0
	}
}
*HELPEROBJECT {
	*NODE_NAME "zs_Shield"
	*NODE_PARENT "Bip01 Spine2"
	*NODE_TM {
		*NODE_NAME "zs_Shield"
		*TM_ROW0 -0.524072	0.423432	-0.738954
		*TM_ROW1 -0.846634	-0.164763	0.506027
		*TM_ROW2 0.0925157	0.890819	0.44484
		*TM_ROW3 96.1338	396.81	483.268
		*TM_POS 96.1338	396.81	483.268
		*TM_ROTAXIS 0.24571	-0.530939	-0.811006
		*TM_ROTANGLE 2.24209
		*TM_SCALE 1	1	1
		*TM_SCALEAXIS 0	0	0
		*TM_SCALEAXISANG 0	0	0
	}
}
*HELPEROBJECT {
	*NODE_NAME "zs_Bow"
	*NODE_PARENT "Bip01 Spine2"
	*NODE_TM {
		*NODE_NAME "zs_Bow"
		*TM_ROW0 0.192357	-0.566823	0.801069
		*TM_ROW1 -0.273783	0.752902	0.598483
		*TM_ROW2 -0.94236	-0.334441	-0.0103609
		*TM_ROW3 -183.45	426.51	392.529
		*TM_POS -183.45	426.51	392.529
		*TM_ROTAXIS -0.466709	0.872176	0.146597
		*TM_ROTANGLE 1.60335
		*TM_SCALE 1	1	1
		*TM_SCALEAXIS 0	0	0
		*TM_SCALEAXISANG 0	0	0
	}
}
*HELPEROBJECT {
	*NODE_NAME "zs_Sword"
	*NODE_PARENT "Bip01 Spine"
	*NODE_TM {
		*NODE_NAME "zs_Sword"
		*TM_ROW0 0.52233	-0.650703	0.551142
		*TM_ROW1 -0.340368	0.433511	0.834397
		*TM_ROW2 -0.78187	-0.623421	0.00495722
		*TM_ROW3 194.118	243.628	162.679
		*TM_POS 194.118	243.628	162.679
		*TM_ROTAXIS -0.729049	0.666634	0.155197
		*TM_ROTANGLE 1.5904
		*TM_SCALE 1	1	1
		*TM_SCALEAXIS 0	0	0
		*TM_SCALEAXISANG 0	0	0
	}
}
*HELPEROBJECT {
	*NODE_NAME "Bip01 L Thigh"
	*NODE_PARENT "Bip01 Pelvis"
	*NODE_TM {
		*NODE_NAME "Bip01 L Thigh"
		*TM_ROW0 0.337459	-0.406329	-0.849128
		*TM_ROW1 0.57623	-0.624124	0.527663
		*TM_ROW2 -0.744366	-0.667358	0.0235228
		*TM_ROW3 -15.5038	17.6739	93.0104
		*TM_POS -15.5038	17.6739	93.0104
		*TM_ROTAXIS -0.770665	-0.0675607	0.633649
		*TM_ROTANGLE 2.25437
		*TM_SCALE 1	1	1
		*TM_SCALEAXIS 0	0	0
		*TM_SCALEAXISANG 0	0	0
	}
	*TM_ANIMATION {
		*NODE_NAME "Bip01 L Thigh"
		*CONTROL_POS_TRACK {
			*CONTROL_POS_SAMPLE 192	-15.5038	17.6739	93.0104
			*CONTROL_POS_SAMPLE 384	-18.9122	16.3368	91.6246
			*CONTROL_POS_SAMPLE 576	-21.0255	13.4712	90.5086
			*CONTROL_POS_SAMPLE 768	-23.023	10.6725	89.6266
			*CONTROL_POS_SAMPLE 960	-24.9438	7.89849	88.943
			*CONTROL_POS_SAMPLE 1152	-26.8272	5.10706	88.422
			*CONTROL_POS_SAMPLE 1344	-28.7122	2.25599	88.0279
			*CONTROL_POS_SAMPLE 1536	-30.6378	-0.696952	87.725
			*CONTROL_POS_SAMPLE 1728	-32.6432	-3.79396	87.7412
			*CONTROL_POS_SAMPLE 1920	-34.7675	-7.07722	88.1787
			*CONTROL_POS_SAMPLE 2112	-37.0499	-10.589	88.8137
			*CONTROL_POS_SAMPLE 2304	-39.5293	-14.3714	89.4223
			*CONTROL_POS_SAMPLE 2496	-42.4929	-18.9755	89.7806
			*CONTROL_POS_SAMPLE 2688	-46.0407	-24.5963	89.8055
			*CONTROL_POS_SAMPLE 2880	-49.9316	-30.742	89.6362
			*CONTROL_POS_SAMPLE 3072	-53.9243	-36.9206	89.3817
			*CONTROL_POS_SAMPLE 3264	-57.7775	-42.6403	89.1512
			*CONTROL_POS_SAMPLE 3456	-61.663	-47.6481	88.9213
			*CONTROL_POS_SAMPLE 3648	-65.4508	-51.6555	88.688
			*CONTROL_POS_SAMPLE 3840	-68.8572	-54.2153	88.5844
			*CONTROL_POS_SAMPLE 4032	-72.1173	-56.2498	88.6123
			*CONTROL_POS_SAMPLE 4224	-75.3159	-59.2685	88.5823
			*CONTROL_POS_SAMPLE 4416	-78.4918	-63.6014	88.6048
			*CONTROL_POS_SAMPLE 4608	-81.6367	-68.4304	88.7903
			*CONTROL_POS_SAMPLE 4800	-84.7638	-73.5427	89.2492
			*CONTROL_POS_SAMPLE 4992	-87.8865	-78.726	90.8177
			*CONTROL_POS_SAMPLE 5184	-91.018	-83.7675	93.0104
		}
		*CONTROL_ROT_TRACK {
			*CONTROL_ROT_SAMPLE 192	-0.770665	-0.0675607	0.633649	2.25437
			*CONTROL_ROT_SAMPLE 384	-0.786234	-0.0522433	0.615717	2.23377
			*CONTROL_ROT_SAMPLE 576	-0.805285	-0.0409629	0.591471	2.23475
			*CONTROL_ROT_SAMPLE 768	-0.823086	-0.0331878	0.566946	2.25198
			*CONTROL_ROT_SAMPLE 960	-0.836451	-0.0313983	0.547142	2.27739
			*CONTROL_ROT_SAMPLE 1152	-0.84555	-0.0356954	0.532701	2.3056
			*CONTROL_ROT_SAMPLE 1344	-0.852877	-0.042219	0.520402	2.34018
			*CONTROL_ROT_SAMPLE 1536	-0.859744	-0.048669	0.508401	2.38096
			*CONTROL_ROT_SAMPLE 1728	-0.866571	-0.0667716	0.494566	2.46046
			*CONTROL_ROT_SAMPLE 1920	-0.87089	-0.0652182	0.487131	2.5015
			*CONTROL_ROT_SAMPLE 2112	-0.875294	-0.00486811	0.483566	2.42011
			*CONTROL_ROT_SAMPLE 2304	-0.870739	0.065314	0.487389	2.31279
			*CONTROL_ROT_SAMPLE 2496	-0.854557	0.113562	0.50679	2.23806
			*CONTROL_ROT_SAMPLE 2688	-0.831574	0.138422	0.537888	2.19976
			*CONTROL_ROT_SAMPLE 2880	-0.803799	0.155118	0.574322	2.17127
			*CONTROL_ROT_SAMPLE 3072	-0.773055	0.161289	0.613491	2.15467
			*CONTROL_ROT_SAMPLE 3264	-0.740922	0.155241	0.653402	2.15386
			*CONTROL_ROT_SAMPLE 3456	-0.710785	0.138117	0.689716	2.17196
			*CONTROL_ROT_SAMPLE 3648	0.683919	-0.112021	-0.720906	4.07233
			*CONTROL_ROT_SAMPLE 3840	0.659354	-0.0749016	-0.748092	4.00014
			*CONTROL_ROT_SAMPLE 4032	0.647088	-0.0354501	-0.761591	3.90948
			*CONTROL_ROT_SAMPLE 4224	0.666316	-0.0573805	-0.743458	3.95888
			*CONTROL_ROT_SAMPLE 4416	0.699178	-0.0903156	-0.70922	4.03062
			*CONTROL_ROT_SAMPLE 4608	-0.731636	0.10323	0.673834	2.22142
			*CONTROL_ROT_SAMPLE 4800	-0.757751	0.0966798	0.645342	2.22002
			*CONTROL_ROT_SAMPLE 4992	-0.77848	0.0607786	0.62472	2.24138
			*CONTROL_ROT_SAMPLE 5184	-0.79518	0.00631448	0.606341	2.28135
		}
	}
}
*HELPEROBJECT {
	*NODE_NAME "Bip01 L Calf"
	*NODE_PARENT "Bip01 L Thigh"
	*NODE_TM {
		*NODE_NAME "Bip01 L Calf"
		*TM_ROW0 -0.0313791	-0.000230479	-0.999508
		*TM_ROW1 0.667034	-0.744738	-0.0207695
		*TM_ROW2 -0.744366	-0.667357	0.0235229
		*TM_ROW3 -2.2265	1.68698	59.6016
		*TM_POS -2.2265	1.68698	59.6016
		*TM_ROTAXIS 0.671052	0.264795	-0.692511
		*TM_ROTANGLE 3.64427
		*TM_SCALE 1	1	1
		*TM_SCALEAXIS 0	0	0
		*TM_SCALEAXISANG 0	0	0
	}
	*TM_ANIMATION {
		*NODE_NAME "Bip01 L Calf"
		*CONTROL_POS_TRACK {
			*CONTROL_POS_SAMPLE 192	-2.2265	1.68698	59.6016
			*CONTROL_POS_SAMPLE 384	-3.83697	-0.145914	59.2352
			*CONTROL_POS_SAMPLE 576	-4.03372	-2.7588	58.9509
			*CONTROL_POS_SAMPLE 768	-4.35899	-4.90418	58.6905
			*CONTROL_POS_SAMPLE 960	-5.08856	-6.77037	58.3063
			*CONTROL_POS_SAMPLE 1152	-6.2165	-8.46001	57.7764
			*CONTROL_POS_SAMPLE 1344	-7.55433	-10.0498	57.2232
			*CONTROL_POS_SAMPLE 1536	-8.99001	-11.6477	56.7497
			*CONTROL_POS_SAMPLE 1728	-10.7098	-12.0013	56.125
			*CONTROL_POS_SAMPLE 1920	-12.5488	-14.4974	56.5672
			*CONTROL_POS_SAMPLE 2112	-13.8147	-22.862	59.5304
			*CONTROL_POS_SAMPLE 2304	-16.1278	-32.2563	63.3356
			*CONTROL_POS_SAMPLE 2496	-20.3281	-40.8195	65.7062
			*CONTROL_POS_SAMPLE 2688	-25.9736	-48.9029	66.2573
			*CONTROL_POS_SAMPLE 2880	-32.379	-57.0631	66.2457
			*CONTROL_POS_SAMPLE 3072	-39.1388	-64.6695	65.7301
			*CONTROL_POS_SAMPLE 3264	-45.9491	-71.118	64.7151
			*CONTROL_POS_SAMPLE 3456	-52.7962	-76.0743	63.2047
			*CONTROL_POS_SAMPLE 3648	-59.5546	-79.2197	61.2386
			*CONTROL_POS_SAMPLE 3840	-66.2867	-79.7064	58.7245
			*CONTROL_POS_SAMPLE 4032	-72.0951	-78.6157	56.2428
			*CONTROL_POS_SAMPLE 4224	-72.8157	-83.1347	57.4026
			*CONTROL_POS_SAMPLE 4416	-71.9315	-89.318	59.5594
			*CONTROL_POS_SAMPLE 4608	-71.6501	-94.2974	60.8765
			*CONTROL_POS_SAMPLE 4800	-72.3012	-98.3929	61.4073
			*CONTROL_POS_SAMPLE 4992	-73.6751	-101.002	61.6654
			*CONTROL_POS_SAMPLE 5184	-75.5758	-102.177	61.8553
		}
		*CONTROL_ROT_TRACK {
			*CONTROL_ROT_SAMPLE 192	0.671052	0.264795	-0.692511	3.64427
			*CONTROL_ROT_SAMPLE 384	0.670573	0.283865	-0.685385	3.61147
			*CONTROL_ROT_SAMPLE 576	-0.676431	-0.305144	0.670319	2.70986
			*CONTROL_ROT_SAMPLE 768	-0.688501	-0.319551	0.65104	2.73745
			*CONTROL_ROT_SAMPLE 960	-0.699125	-0.33209	0.633199	2.76222
			*CONTROL_ROT_SAMPLE 1152	-0.705581	-0.345721	0.618573	2.78744
			*CONTROL_ROT_SAMPLE 1344	-0.71258	-0.357061	0.603935	2.81265
			*CONTROL_ROT_SAMPLE 1536	-0.722665	-0.363739	0.587749	2.83557
			*CONTROL_ROT_SAMPLE 1728	-0.748376	-0.354346	0.560688	2.84966
			*CONTROL_ROT_SAMPLE 1920	-0.762649	-0.344611	0.547366	2.86639
			*CONTROL_ROT_SAMPLE 2112	-0.740976	-0.362842	0.565067	2.8987
			*CONTROL_ROT_SAMPLE 2304	-0.712633	-0.371939	0.594824	2.92802
			*CONTROL_ROT_SAMPLE 2496	-0.692344	-0.357683	0.626677	2.94676
			*CONTROL_ROT_SAMPLE 2688	-0.679378	-0.328404	0.656198	2.95358
			*CONTROL_ROT_SAMPLE 2880	0.666534	0.291577	-0.686087	3.33384
			*CONTROL_ROT_SAMPLE 3072	0.653466	0.249554	-0.714636	3.35576
			*CONTROL_ROT_SAMPLE 3264	0.64038	0.204254	-0.740401	3.40025
			*CONTROL_ROT_SAMPLE 3456	0.62963	0.158582	-0.760538	3.46852
			*CONTROL_ROT_SAMPLE 3648	0.622796	0.113166	-0.774157	3.55785
			*CONTROL_ROT_SAMPLE 3840	0.622221	0.062572	-0.780337	3.67335
			*CONTROL_ROT_SAMPLE 4032	0.632537	0.0188019	-0.774302	3.77974
			*CONTROL_ROT_SAMPLE 4224	0.640467	0.040034	-0.766942	3.73459
			*CONTROL_ROT_SAMPLE 4416	0.650913	0.088981	-0.75392	3.64242
			*CONTROL_ROT_SAMPLE 4608	0.664177	0.136155	-0.735072	3.57612
			*CONTROL_ROT_SAMPLE 4800	0.675686	0.175267	-0.716052	3.5403
			*CONTROL_ROT_SAMPLE 4992	0.684676	0.212764	-0.697101	3.536
			*CONTROL_ROT_SAMPLE 5184	-0.695958	-0.24639	0.674488	2.73088
		}
	}
}
*HELPEROBJECT {
	*NODE_NAME "Bip01 L Foot"
	*NODE_PARENT "Bip01 L Calf"
	*NODE_TM {
		*NODE_NAME "Bip01 L Foot"
		*TM_ROW0 0.0195879	0.00534474	-0.999794
		*TM_ROW1 0.448578	-0.893735	0.00401073
		*TM_ROW2 -0.893529	-0.448564	-0.0199039
		*TM_ROW3 -3.76714	1.67567	10.5281
		*TM_POS -3.76714	1.67567	10.5281
		*TM_ROTAXIS -0.704597	-0.16544	0.690053
		*TM_ROTANGLE 2.81464
		*TM_SCALE 1	1	1
		*TM_SCALEAXIS 0	0	0
		*TM_SCALEAXISANG 0	0	0
	}
	*TM_ANIMATION {
		*NODE_NAME "Bip01 L Foot"
		*CONTROL_POS_TRACK {
			*CONTROL_POS_SAMPLE 192	-3.76714	1.67567	10.5281
			*CONTROL_POS_SAMPLE 384	-5.85099	2.29668	10.2397
			*CONTROL_POS_SAMPLE 576	-5.75739	2.80803	10.2003
			*CONTROL_POS_SAMPLE 768	-4.82842	3.26033	10.2788
			*CONTROL_POS_SAMPLE 960	-4.40612	3.70415	10.3438
			*CONTROL_POS_SAMPLE 1152	-4.89813	4.2176	10.3621
			*CONTROL_POS_SAMPLE 1344	-5.49559	4.686	10.4343
			*CONTROL_POS_SAMPLE 1536	-5.71584	4.87079	10.6303
			*CONTROL_POS_SAMPLE 1728	-3.89765	5.565	10.7863
			*CONTROL_POS_SAMPLE 1920	-3.75982	3.52144	11.7492
			*CONTROL_POS_SAMPLE 2112	-8.34867	-3.52167	14.7347
			*CONTROL_POS_SAMPLE 2304	-14.8084	-12.7147	18.3137
			*CONTROL_POS_SAMPLE 2496	-21.8732	-22.6894	20.1047
			*CONTROL_POS_SAMPLE 2688	-29.2829	-33.2094	19.8532
			*CONTROL_POS_SAMPLE 2880	-37.349	-44.5913	19.0193
			*CONTROL_POS_SAMPLE 3072	-45.6626	-56.2963	17.7935
			*CONTROL_POS_SAMPLE 3264	-53.8147	-67.7858	16.3663
			*CONTROL_POS_SAMPLE 3456	-61.3963	-78.5209	14.9281
			*CONTROL_POS_SAMPLE 3648	-67.9985	-87.9631	13.6694
			*CONTROL_POS_SAMPLE 3840	-73.2124	-95.5735	12.7805
			*CONTROL_POS_SAMPLE 4032	-76.1081	-100.21	12.3317
			*CONTROL_POS_SAMPLE 4224	-76.6898	-101.875	12.1881
			*CONTROL_POS_SAMPLE 4416	-75.95	-101.753	12.2328
			*CONTROL_POS_SAMPLE 4608	-74.8808	-101.024	12.3492
			*CONTROL_POS_SAMPLE 4800	-74.4747	-100.869	12.4203
			*CONTROL_POS_SAMPLE 4992	-74.7382	-100.398	12.583
			*CONTROL_POS_SAMPLE 5184	-75.0064	-99.261	12.8476
		}
		*CONTROL_ROT_TRACK {
			*CONTROL_ROT_SAMPLE 192	-0.704597	-0.16544	0.690053	2.81464
			*CONTROL_ROT_SAMPLE 384	-0.703692	-0.181853	0.686838	2.78292
			*CONTROL_ROT_SAMPLE 576	-0.703426	-0.186104	0.685972	2.77473
			*CONTROL_ROT_SAMPLE 768	-0.703511	-0.184769	0.686246	2.7773
			*CONTROL_ROT_SAMPLE 960	-0.703531	-0.184455	0.68631	2.77791
			*CONTROL_ROT_SAMPLE 1152	-0.703484	-0.185182	0.686161	2.77651
			*CONTROL_ROT_SAMPLE 1344	-0.703571	-0.183809	0.686442	2.77915
			*CONTROL_ROT_SAMPLE 1536	-0.703671	-0.182197	0.686769	2.78226
			*CONTROL_ROT_SAMPLE 1728	-0.70377	-0.180571	0.687097	2.78539
			*CONTROL_ROT_SAMPLE 1920	-0.70387	-0.178899	0.687432	2.78862
			*CONTROL_ROT_SAMPLE 2112	-0.703931	-0.177863	0.687638	2.79061
			*CONTROL_ROT_SAMPLE 2304	-0.703979	-0.177025	0.687805	2.79223
			*CONTROL_ROT_SAMPLE 2496	-0.704027	-0.176187	0.687971	2.79385
			*CONTROL_ROT_SAMPLE 2688	-0.70408	-0.175259	0.688154	2.79564
			*CONTROL_ROT_SAMPLE 2880	-0.704133	-0.1743	0.688343	2.7975
			*CONTROL_ROT_SAMPLE 3072	-0.704187	-0.173332	0.688532	2.79937
			*CONTROL_ROT_SAMPLE 3264	-0.704239	-0.17238	0.688718	2.80121
			*CONTROL_ROT_SAMPLE 3456	-0.704288	-0.171468	0.688896	2.80297
			*CONTROL_ROT_SAMPLE 3648	-0.704333	-0.170619	0.68906	2.80461
			*CONTROL_ROT_SAMPLE 3840	-0.704373	-0.169858	0.689208	2.80608
			*CONTROL_ROT_SAMPLE 4032	-0.704403	-0.169276	0.68932	2.80721
			*CONTROL_ROT_SAMPLE 4224	-0.704424	-0.168876	0.689397	2.80798
			*CONTROL_ROT_SAMPLE 4416	-0.704441	-0.168548	0.68946	2.80862
			*CONTROL_ROT_SAMPLE 4608	-0.704459	-0.16818	0.68953	2.80933
			*CONTROL_ROT_SAMPLE 4800	-0.704486	-0.167661	0.68963	2.81034
			*CONTROL_ROT_SAMPLE 4992	-0.704536	-0.166671	0.689819	2.81226
			*CONTROL_ROT_SAMPLE 5184	-0.704597	-0.16544	0.690053	2.81464
		}
	}
}
*HELPEROBJECT {
	*NODE_NAME "Bip01 L Toe0"
	*NODE_PARENT "Bip01 L Foot"
	*NODE_TM {
		*NODE_NAME "Bip01 L Toe0"
		*TM_ROW0 0.448584	-0.893732	0.00393956
		*TM_ROW1 -0.0195529	-0.00540697	0.999794
		*TM_ROW2 -0.893527	-0.448569	-0.0199005
		*TM_ROW3 6.63771	-18.4944	-2.00521
		*TM_POS 6.63771	-18.4944	-2.00521
		*TM_ROTAXIS -0.756308	0.46864	0.45648
		*TM_ROTANGLE 1.86331
		*TM_SCALE 1	1	1
		*TM_SCALEAXIS 0	0	0
		*TM_SCALEAXISANG 0	0	0
	}
	*TM_ANIMATION {
		*NODE_NAME "Bip01 L Toe0"
		*CONTROL_POS_TRACK {
			*CONTROL_POS_SAMPLE 192	6.63771	-18.4944	-2.00521
			*CONTROL_POS_SAMPLE 384	5.50347	-17.3716	-2.2667
			*CONTROL_POS_SAMPLE 576	5.83875	-16.7235	-2.29861
			*CONTROL_POS_SAMPLE 768	6.69201	-16.3145	-2.22258
			*CONTROL_POS_SAMPLE 960	7.09647	-15.8808	-2.15811
			*CONTROL_POS_SAMPLE 1152	6.64576	-15.3439	-2.13854
			*CONTROL_POS_SAMPLE 1344	5.9703	-14.9197	-2.06871
			*CONTROL_POS_SAMPLE 1536	5.65823	-14.7866	-1.87558
			*CONTROL_POS_SAMPLE 1728	7.38353	-14.144	-1.72235
			*CONTROL_POS_SAMPLE 1920	7.42563	-16.2403	-0.762259
			*CONTROL_POS_SAMPLE 2112	2.77728	-23.3158	2.22147
			*CONTROL_POS_SAMPLE 2304	-3.73063	-32.5349	5.79908
			*CONTROL_POS_SAMPLE 2496	-10.8436	-42.5357	7.58866
			*CONTROL_POS_SAMPLE 2688	-18.3069	-53.0844	7.33559
			*CONTROL_POS_SAMPLE 2880	-26.4284	-64.4957	6.50012
			*CONTROL_POS_SAMPLE 3072	-34.798	-76.2303	5.27276
			*CONTROL_POS_SAMPLE 3264	-43.0052	-87.7488	3.84396
			*CONTROL_POS_SAMPLE 3456	-50.6397	-98.5116	2.40428
			*CONTROL_POS_SAMPLE 3648	-57.2912	-107.979	1.14418
			*CONTROL_POS_SAMPLE 3840	-62.5495	-115.613	0.254147
			*CONTROL_POS_SAMPLE 4032	-65.4791	-120.266	-0.195613
			*CONTROL_POS_SAMPLE 4224	-66.0841	-121.944	-0.339864
			*CONTROL_POS_SAMPLE 4416	-65.3633	-121.831	-0.295631
			*CONTROL_POS_SAMPLE 4608	-64.3157	-121.113	-0.179845
			*CONTROL_POS_SAMPLE 4800	-63.9399	-120.974	-0.10953
			*CONTROL_POS_SAMPLE 4992	-64.2613	-120.532	0.0515615
			*CONTROL_POS_SAMPLE 5184	-64.6015	-119.431	0.314334
		}
		*CONTROL_ROT_TRACK {
			*CONTROL_ROT_SAMPLE 192	-0.756308	0.46864	0.45648	1.86331
			*CONTROL_ROT_SAMPLE 384	-0.773096	0.455534	0.441374	1.84457
			*CONTROL_ROT_SAMPLE 576	-0.777389	0.452065	0.437384	1.83984
			*CONTROL_ROT_SAMPLE 768	-0.776043	0.453158	0.43864	1.84132
			*CONTROL_ROT_SAMPLE 960	-0.775726	0.453414	0.438935	1.84167
			*CONTROL_ROT_SAMPLE 1152	-0.77646	0.452819	0.438252	1.84086
			*CONTROL_ROT_SAMPLE 1344	-0.775074	0.453941	0.439542	1.84239
			*CONTROL_ROT_SAMPLE 1536	-0.773444	0.455255	0.441052	1.84419
			*CONTROL_ROT_SAMPLE 1728	-0.771797	0.456575	0.442571	1.84601
			*CONTROL_ROT_SAMPLE 1920	-0.770099	0.457927	0.444128	1.84789
			*CONTROL_ROT_SAMPLE 2112	-0.769045	0.458763	0.44509	1.84906
			*CONTROL_ROT_SAMPLE 2304	-0.768193	0.459438	0.445867	1.85001
			*CONTROL_ROT_SAMPLE 2496	-0.767338	0.460111	0.446642	1.85096
			*CONTROL_ROT_SAMPLE 2688	-0.766391	0.460856	0.4475	1.85202
			*CONTROL_ROT_SAMPLE 2880	-0.765411	0.461624	0.448385	1.85311
			*CONTROL_ROT_SAMPLE 3072	-0.764422	0.462397	0.449276	1.85421
			*CONTROL_ROT_SAMPLE 3264	-0.763447	0.463155	0.450151	1.8553
			*CONTROL_ROT_SAMPLE 3456	-0.762512	0.463881	0.450987	1.85635
			*CONTROL_ROT_SAMPLE 3648	-0.761641	0.464555	0.451765	1.85732
			*CONTROL_ROT_SAMPLE 3840	-0.760859	0.465158	0.452461	1.8582
			*CONTROL_ROT_SAMPLE 4032	-0.760261	0.465619	0.452993	1.85887
			*CONTROL_ROT_SAMPLE 4224	-0.75985	0.465935	0.453357	1.85933
			*CONTROL_ROT_SAMPLE 4416	-0.759513	0.466194	0.453656	1.85971
			*CONTROL_ROT_SAMPLE 4608	-0.759134	0.466484	0.453991	1.86013
			*CONTROL_ROT_SAMPLE 4800	-0.7586	0.466893	0.454463	1.86073
			*CONTROL_ROT_SAMPLE 4992	-0.757578	0.467674	0.455364	1.86188
			*CONTROL_ROT_SAMPLE 5184	-0.756308	0.46864	0.45648	1.86331
		}
	}
}
*HELPEROBJECT {
	*NODE_NAME "Bip01 R Thigh"
	*NODE_PARENT "Bip01 Pelvis"
	*NODE_TM {
		*NODE_NAME "Bip01 R Thigh"
		*TM_ROW0 -0.137276	-0.196674	-0.970811
		*TM_ROW1 0.0498482	-0.98022	0.191531
		*TM_ROW2 -0.989278	-0.0221006	0.144364
		*TM_ROW3 -29.594	6.44019	92.9386
		*TM_POS -29.594	6.44019	92.9386
		*TM_ROTAXIS 0.653848	-0.0565188	-0.754512
		*TM_ROTANGLE 3.30569
		*TM_SCALE 1	1	1
		*TM_SCALEAXIS 0	0	0
		*TM_SCALEAXISANG 0	0	0
	}
	*TM_ANIMATION {
		*NODE_NAME "Bip01 R Thigh"
		*CONTROL_POS_TRACK {
			*CONTROL_POS_SAMPLE 192	-29.594	6.44019	92.9386
			*CONTROL_POS_SAMPLE 384	-33.0024	5.1031	91.5528
			*CONTROL_POS_SAMPLE 576	-35.1157	2.23744	90.4368
			*CONTROL_POS_SAMPLE 768	-37.1132	-0.561284	89.5548
			*CONTROL_POS_SAMPLE 960	-39.0341	-3.33525	88.8712
			*CONTROL_POS_SAMPLE 1152	-40.9174	-6.12668	88.3502
			*CONTROL_POS_SAMPLE 1344	-42.8024	-8.97776	87.9561
			*CONTROL_POS_SAMPLE 1536	-44.728	-11.9307	87.6533
			*CONTROL_POS_SAMPLE 1728	-46.7334	-15.0277	87.6694
			*CONTROL_POS_SAMPLE 1920	-48.8577	-18.311	88.107
			*CONTROL_POS_SAMPLE 2112	-51.1401	-21.8227	88.742
			*CONTROL_POS_SAMPLE 2304	-53.6195	-25.6051	89.3506
			*CONTROL_POS_SAMPLE 2496	-56.5831	-30.2092	89.7088
			*CONTROL_POS_SAMPLE 2688	-60.1309	-35.8301	89.7338
			*CONTROL_POS_SAMPLE 2880	-64.0218	-41.9757	89.5644
			*CONTROL_POS_SAMPLE 3072	-68.0145	-48.1543	89.31
			*CONTROL_POS_SAMPLE 3264	-71.8677	-53.874	89.0795
			*CONTROL_POS_SAMPLE 3456	-75.7532	-58.8818	88.8496
			*CONTROL_POS_SAMPLE 3648	-79.541	-62.8893	88.6162
			*CONTROL_POS_SAMPLE 3840	-82.9474	-65.4491	88.5127
			*CONTROL_POS_SAMPLE 4032	-86.2076	-67.4836	88.5405
			*CONTROL_POS_SAMPLE 4224	-89.4061	-70.5023	88.5105
			*CONTROL_POS_SAMPLE 4416	-92.582	-74.8352	88.5331
			*CONTROL_POS_SAMPLE 4608	-95.7269	-79.6641	88.7186
			*CONTROL_POS_SAMPLE 4800	-98.854	-84.7765	89.1774
			*CONTROL_POS_SAMPLE 4992	-101.977	-89.9598	90.7459
			*CONTROL_POS_SAMPLE 5184	-105.108	-95.0013	92.9386
		}
		*CONTROL_ROT_TRACK {
			*CONTROL_ROT_SAMPLE 192	0.653848	-0.0565188	-0.754512	3.30569
			*CONTROL_ROT_SAMPLE 384	0.623594	-0.127373	-0.771302	3.30413
			*CONTROL_ROT_SAMPLE 576	0.604722	-0.18022	-0.775779	3.36013
			*CONTROL_ROT_SAMPLE 768	0.594323	-0.228293	-0.771144	3.43985
			*CONTROL_ROT_SAMPLE 960	0.58216	-0.270954	-0.766599	3.50087
			*CONTROL_ROT_SAMPLE 1152	0.567512	-0.308362	-0.763441	3.5364
			*CONTROL_ROT_SAMPLE 1344	0.558617	-0.339208	-0.756892	3.55847
			*CONTROL_ROT_SAMPLE 1536	0.55674	-0.359636	-0.748801	3.5559
			*CONTROL_ROT_SAMPLE 1728	0.563383	-0.36548	-0.740961	3.51846
			*CONTROL_ROT_SAMPLE 1920	0.578461	-0.355417	-0.734208	3.44284
			*CONTROL_ROT_SAMPLE 2112	0.584851	-0.359802	-0.726974	3.39594
			*CONTROL_ROT_SAMPLE 2304	0.585853	-0.373167	-0.71939	3.36628
			*CONTROL_ROT_SAMPLE 2496	0.586535	-0.385144	-0.712489	3.33339
			*CONTROL_ROT_SAMPLE 2688	0.587887	-0.393201	-0.706952	3.29082
			*CONTROL_ROT_SAMPLE 2880	0.591598	-0.394022	-0.703391	3.23114
			*CONTROL_ROT_SAMPLE 3072	0.597842	-0.38753	-0.701716	3.1548
			*CONTROL_ROT_SAMPLE 3264	0.605728	-0.375845	-0.701309	3.06689
			*CONTROL_ROT_SAMPLE 3456	0.615035	-0.362165	-0.700406	2.9725
			*CONTROL_ROT_SAMPLE 3648	0.624131	-0.350068	-0.698508	2.87796
			*CONTROL_ROT_SAMPLE 3840	0.629958	-0.342923	-0.696819	2.74183
			*CONTROL_ROT_SAMPLE 4032	0.621559	-0.342768	-0.704397	2.65428
			*CONTROL_ROT_SAMPLE 4224	0.594781	-0.339924	-0.728483	2.67837
			*CONTROL_ROT_SAMPLE 4416	0.565431	-0.321189	-0.759687	2.70985
			*CONTROL_ROT_SAMPLE 4608	0.538014	-0.29941	-0.787969	2.74177
			*CONTROL_ROT_SAMPLE 4800	0.515906	-0.2885	-0.806603	2.77506
			*CONTROL_ROT_SAMPLE 4992	0.508847	-0.321686	-0.798494	2.84819
			*CONTROL_ROT_SAMPLE 5184	0.524948	-0.354573	-0.773762	2.87463
		}
	}
}
*HELPEROBJECT {
	*NODE_NAME "Bip01 R Calf"
	*NODE_PARENT "Bip01 R Thigh"
	*NODE_TM {
		*NODE_NAME "Bip01 R Calf"
		*TM_ROW0 -0.139703	0.43136	-0.891298
		*TM_ROW1 -0.0425748	-0.901909	-0.429822
		*TM_ROW2 -0.989278	-0.0221006	0.144364
		*TM_ROW3 -34.9951	-1.29791	54.7422
		*TM_POS -34.9951	-1.29791	54.7422
		*TM_ROTAXIS 0.644301	0.154833	-0.748934
		*TM_ROTANGLE 2.81965
		*TM_SCALE 1	1	1
		*TM_SCALEAXIS 0	0	0
		*TM_SCALEAXISANG 0	0	0
	}
	*TM_ANIMATION {
		*NODE_NAME "Bip01 R Calf"
		*CONTROL_POS_TRACK {
			*CONTROL_POS_SAMPLE 192	-34.9951	-1.29791	54.7422
			*CONTROL_POS_SAMPLE 384	-41.4304	-6.01661	54.7651
			*CONTROL_POS_SAMPLE 576	-45.091	-12.8537	55.4974
			*CONTROL_POS_SAMPLE 768	-47.5398	-19.9178	56.9262
			*CONTROL_POS_SAMPLE 960	-50.0495	-25.9561	58.6227
			*CONTROL_POS_SAMPLE 1152	-52.8667	-30.921	60.2349
			*CONTROL_POS_SAMPLE 1344	-55.2738	-35.308	61.5137
			*CONTROL_POS_SAMPLE 1536	-57.3852	-38.8796	61.9323
			*CONTROL_POS_SAMPLE 1728	-59.2174	-41.3903	61.2653
			*CONTROL_POS_SAMPLE 1920	-60.6928	-42.696	59.5883
			*CONTROL_POS_SAMPLE 2112	-62.7362	-45.3118	59.3854
			*CONTROL_POS_SAMPLE 2304	-65.3066	-48.8982	59.8742
			*CONTROL_POS_SAMPLE 2496	-68.3836	-53.1659	60.0144
			*CONTROL_POS_SAMPLE 2688	-71.9936	-58.0539	59.5114
			*CONTROL_POS_SAMPLE 2880	-75.7237	-62.7566	58.2717
			*CONTROL_POS_SAMPLE 3072	-79.2322	-66.749	56.5012
			*CONTROL_POS_SAMPLE 3264	-82.2713	-69.7043	54.5949
			*CONTROL_POS_SAMPLE 3456	-84.9834	-71.6469	52.7958
			*CONTROL_POS_SAMPLE 3648	-87.4033	-72.6233	51.3141
			*CONTROL_POS_SAMPLE 3840	-89.1934	-71.1077	50.0812
			*CONTROL_POS_SAMPLE 4032	-92.3412	-70.2954	49.7786
			*CONTROL_POS_SAMPLE 4224	-98.2339	-72.7663	50.2357
			*CONTROL_POS_SAMPLE 4416	-104.313	-75.9628	50.9946
			*CONTROL_POS_SAMPLE 4608	-110.089	-79.7723	52.0891
			*CONTROL_POS_SAMPLE 4800	-115.337	-84.7262	53.4517
			*CONTROL_POS_SAMPLE 4992	-119.701	-93.479	55.7961
			*CONTROL_POS_SAMPLE 5184	-121.759	-101.358	57.862
		}
		*CONTROL_ROT_TRACK {
			*CONTROL_ROT_SAMPLE 192	0.644301	0.154833	-0.748934	2.81965
			*CONTROL_ROT_SAMPLE 384	0.638093	0.132961	-0.758392	2.67803
			*CONTROL_ROT_SAMPLE 576	0.637823	0.13483	-0.758289	2.58956
			*CONTROL_ROT_SAMPLE 768	0.643666	0.13646	-0.753042	2.55207
			*CONTROL_ROT_SAMPLE 960	0.649442	0.118407	-0.751136	2.55329
			*CONTROL_ROT_SAMPLE 1152	0.653585	0.0770971	-0.752916	2.59099
			*CONTROL_ROT_SAMPLE 1344	0.657412	0.024969	-0.753118	2.66629
			*CONTROL_ROT_SAMPLE 1536	0.659532	-0.0333805	-0.750935	2.76373
			*CONTROL_ROT_SAMPLE 1728	0.658849	-0.0953165	-0.746212	2.87181
			*CONTROL_ROT_SAMPLE 1920	0.654423	-0.158863	-0.739252	2.9802
