*3DSMAX_ASCIIEXPORT	110
*COMMENT "This file is part of Gothic Free Aim Copyright (C) 2016-2018  mud-freak (@szapp)"
*COMMENT "<http://github.com/szapp/GothicFreeAim>"
*COMMENT "Animations: first iteration"
*SCENE {
	*SCENE_FILENAME "magIK_WND_hurt.max"
	*SCENE_FIRSTFRAME 1
	*SCENE_LASTFRAME 10
	*SCENE_FRAMESPEED 25
	*SCENE_TICKSPERFRAME 192
	*SCENE_BACKGROUND_STATIC 0	0	0
	*SCENE_AMBIENT_STATIC 0.2	0.2	0.2
}
*HELPEROBJECT {
	*NODE_NAME "Bip01"
	*NODE_TM {
		*NODE_NAME "Bip01"
		*TM_ROW0 -0.0759669	-0.997108	0.0019566
		*TM_ROW1 0.997095	-0.0759545	0.00578846
		*TM_ROW2 -0.00562311	0.00239065	0.999981
		*TM_ROW3 -22.5211	12.649	85.7028
		*TM_POS -22.5211	12.649	85.7028
		*TM_ROTAXIS -0.00170383	0.00380084	0.999991
		*TM_ROTANGLE 1.64684
		*TM_SCALE 1	1	1
		*TM_SCALEAXIS 0	0	0
		*TM_SCALEAXISANG 0	0	0
	}
}
*HELPEROBJECT {
	*NODE_NAME "Bip01 Footsteps"
	*NODE_PARENT "Bip01"
	*NODE_TM {
		*NODE_NAME "Bip01 Footsteps"
		*TM_ROW0 1	0	0
		*TM_ROW1 0	1	0
		*TM_ROW2 0	0	1
		*TM_ROW3 -22.5211	12.649	-1.94684
		*TM_POS -22.5211	12.649	-1.94684
		*TM_ROTAXIS 0	0	0
		*TM_ROTANGLE 0
		*TM_SCALE 1	1	1
		*TM_SCALEAXIS 0	0	0
		*TM_SCALEAXISANG 0	0	0
	}
}
*HELPEROBJECT {
	*NODE_NAME "Bip01 Pelvis"
	*NODE_PARENT "Bip01"
	*NODE_TM {
		*NODE_NAME "Bip01 Pelvis"
		*TM_ROW0 -0.00978419	0.0027076	0.999948
		*TM_ROW1 -0.0759655	-0.997109	0.00195661
		*TM_ROW2 0.997062	-0.0759424	0.00996158
		*TM_ROW3 -19.5132	16.3565	85.7108
		*TM_POS -19.5132	16.3565	85.7108
		*TM_ROTAXIS -0.703364	0.0260584	-0.710353
		*TM_ROTANGLE 3.08619
		*TM_SCALE 1	1	1
		*TM_SCALEAXIS 0	0	0
		*TM_SCALEAXISANG 0	0	0
	}
}
*HELPEROBJECT {
	*NODE_NAME "Bip01 Spine"
	*NODE_PARENT "Bip01 Pelvis"
	*NODE_TM {
		*NODE_NAME "Bip01 Spine"
		*TM_ROW0 -0.00527899	-0.0676194	0.997697
		*TM_ROW1 -0.0966248	-0.993008	-0.0678129
		*TM_ROW2 0.995307	-0.0967603	-0.00129164
		*TM_ROW3 -19.5198	16.4511	88.1115
		*TM_POS -19.5198	16.4511	88.1115
		*TM_ROTAXIS -0.7052	0.0582322	-0.706613
		*TM_ROTANGLE 3.12107
		*TM_SCALE 1	1	1
		*TM_SCALEAXIS 0	0	0
		*TM_SCALEAXISANG 0	0	0
	}
	*TM_ANIMATION {
		*NODE_NAME "Bip01 Spine"
		*CONTROL_POS_TRACK {
			*CONTROL_POS_SAMPLE 192	-19.5198	16.4511	88.1115
			*CONTROL_POS_SAMPLE 384	-19.0158	16.9777	88.1117
			*CONTROL_POS_SAMPLE 576	-18.1325	17.9229	88.1121
			*CONTROL_POS_SAMPLE 768	-17.1764	18.9815	88.1126
			*CONTROL_POS_SAMPLE 960	-16.8265	19.3792	88.1127
			*CONTROL_POS_SAMPLE 1152	-17.0463	19.1286	88.1126
			*CONTROL_POS_SAMPLE 1344	-17.7171	18.378	88.1123
			*CONTROL_POS_SAMPLE 1536	-18.523	17.5014	88.112
			*CONTROL_POS_SAMPLE 1728	-19.1504	16.8362	88.1117
			*CONTROL_POS_SAMPLE 1920	-19.5198	16.4511	88.1115
		}
		*CONTROL_ROT_TRACK {
			*CONTROL_ROT_SAMPLE 192	-0.7052	0.0582322	-0.706613	3.12107
			*CONTROL_ROT_SAMPLE 384	-0.695378	0.0649593	-0.715703	3.14727
			*CONTROL_ROT_SAMPLE 576	-0.677273	0.0770514	-0.731686	3.19451
			*CONTROL_ROT_SAMPLE 768	-0.656147	0.0906942	-0.749164	3.24795
			*CONTROL_ROT_SAMPLE 960	-0.647938	0.095868	-0.755636	3.26824
			*CONTROL_ROT_SAMPLE 1152	-0.653128	0.0926046	-0.751563	3.25544
			*CONTROL_ROT_SAMPLE 1344	-0.66831	0.0828982	-0.739249	3.2174
			*CONTROL_ROT_SAMPLE 1536	-0.685426	0.0716538	-0.724608	3.17341
			*CONTROL_ROT_SAMPLE 1728	-0.698034	0.0631519	-0.713274	3.14023
			*CONTROL_ROT_SAMPLE 1920	-0.7052	0.0582322	-0.706613	3.12107
		}
	}
}
*HELPEROBJECT {
	*NODE_NAME "Bip01 Spine1"
	*NODE_PARENT "Bip01 Spine"
	*NODE_TM {
		*NODE_NAME "Bip01 Spine1"
		*TM_ROW0 -0.032777	-0.0864211	0.995719
		*TM_ROW1 -0.459154	-0.8836	-0.0918044
		*TM_ROW2 0.887752	-0.460198	-0.0107189
		*TM_ROW3 -19.567	15.7956	97.917
		*TM_POS -19.567	15.7956	97.917
		*TM_ROTAXIS -0.688495	0.201782	-0.696605
		*TM_ROTANGLE 2.87076
		*TM_SCALE 1	1	1
		*TM_SCALEAXIS 0	0	0
		*TM_SCALEAXISANG 0	0	0
	}
	*TM_ANIMATION {
		*NODE_NAME "Bip01 Spine1"
		*CONTROL_POS_TRACK {
			*CONTROL_POS_SAMPLE 192	-19.567	15.7956	97.917
			*CONTROL_POS_SAMPLE 384	-19.3345	16.0589	97.891
			*CONTROL_POS_SAMPLE 576	-18.9325	16.5266	97.807
			*CONTROL_POS_SAMPLE 768	-18.5061	17.0425	97.6547
			*CONTROL_POS_SAMPLE 960	-18.3527	17.2342	97.5811
			*CONTROL_POS_SAMPLE 1152	-18.4489	17.1136	97.6285
			*CONTROL_POS_SAMPLE 1344	-18.746	16.7494	97.7492
			*CONTROL_POS_SAMPLE 1536	-19.1093	16.3188	97.8504
			*CONTROL_POS_SAMPLE 1728	-19.3964	15.9883	97.8994
			*CONTROL_POS_SAMPLE 1920	-19.567	15.7956	97.917
		}
		*CONTROL_ROT_TRACK {
			*CONTROL_ROT_SAMPLE 192	-0.688495	0.201782	-0.696605	2.87076
			*CONTROL_ROT_SAMPLE 384	-0.679811	0.209802	-0.702738	2.90053
			*CONTROL_ROT_SAMPLE 576	-0.663931	0.224095	-0.713427	2.95431
			*CONTROL_ROT_SAMPLE 768	-0.645591	0.240041	-0.724977	3.01533
			*CONTROL_ROT_SAMPLE 960	-0.638517	0.24604	-0.729219	3.03855
			*CONTROL_ROT_SAMPLE 1152	-0.642987	0.242259	-0.726552	3.0239
			*CONTROL_ROT_SAMPLE 1344	-0.656126	0.230952	-0.718442	2.98042
			*CONTROL_ROT_SAMPLE 1536	-0.671062	0.217734	-0.708708	2.93027
			*CONTROL_ROT_SAMPLE 1728	-0.682154	0.207652	-0.701103	2.89252
			*CONTROL_ROT_SAMPLE 1920	-0.688495	0.201782	-0.696605	2.87076
		}
	}
}
*HELPEROBJECT {
	*NODE_NAME "Bip01 Spine2"
	*NODE_PARENT "Bip01 Spine1"
	*NODE_TM {
		*NODE_NAME "Bip01 Spine2"
		*TM_ROW0 -0.407504	-0.316063	0.856764
		*TM_ROW1 -0.615567	-0.597941	-0.513365
		*TM_ROW2 0.67455	-0.736594	0.0491056
		*TM_ROW3 -19.9715	14.7045	110.664
		*TM_POS -19.9715	14.7045	110.664
		*TM_ROTAXIS -0.537105	0.43842	-0.720629
		*TM_ROTANGLE 2.93226
		*TM_SCALE 1	1	1
		*TM_SCALEAXIS 0	0	0
		*TM_SCALEAXISANG 0	0	0
	}
	*TM_ANIMATION {
		*NODE_NAME "Bip01 Spine2"
		*CONTROL_POS_TRACK {
			*CONTROL_POS_SAMPLE 192	-19.9715	14.7045	110.664
			*CONTROL_POS_SAMPLE 384	-20.0897	14.6231	110.588
			*CONTROL_POS_SAMPLE 576	-20.3083	14.4665	110.365
			*CONTROL_POS_SAMPLE 768	-20.563	14.2749	109.982
			*CONTROL_POS_SAMPLE 960	-20.6616	14.1983	109.8
			*CONTROL_POS_SAMPLE 1152	-20.5993	14.2469	109.917
			*CONTROL_POS_SAMPLE 1344	-20.4165	14.3863	110.218
			*CONTROL_POS_SAMPLE 1536	-20.2098	14.538	110.478
			*CONTROL_POS_SAMPLE 1728	-20.0577	14.6454	110.612
			*CONTROL_POS_SAMPLE 1920	-19.9715	14.7045	110.664
		}
		*CONTROL_ROT_TRACK {
			*CONTROL_ROT_SAMPLE 192	-0.537105	0.43842	-0.720629	2.93226
			*CONTROL_ROT_SAMPLE 384	-0.529115	0.44658	-0.721529	2.96488
			*CONTROL_ROT_SAMPLE 576	-0.514595	0.461084	-0.722906	3.02375
			*CONTROL_ROT_SAMPLE 768	-0.49795	0.477215	-0.724094	3.09047
			*CONTROL_ROT_SAMPLE 960	-0.491562	0.483271	-0.724442	3.11584
			*CONTROL_ROT_SAMPLE 1152	-0.495596	0.479455	-0.724229	3.09983
			*CONTROL_ROT_SAMPLE 1344	-0.507496	0.468027	-0.723463	3.05231
			*CONTROL_ROT_SAMPLE 1536	-0.521102	0.454635	-0.722329	2.99744
			*CONTROL_ROT_SAMPLE 1728	-0.531268	0.444394	-0.721296	2.95611
			*CONTROL_ROT_SAMPLE 1920	-0.537105	0.43842	-0.720629	2.93226
		}
	}
}
*HELPEROBJECT {
	*NODE_NAME "Bip01 Neck"
	*NODE_PARENT "Bip01 Spine2"
	*NODE_TM {
		*NODE_NAME "Bip01 Neck"
		*TM_ROW0 -0.539379	-0.446343	0.714037
		*TM_ROW1 -0.504038	-0.508139	-0.698384
		*TM_ROW2 0.674549	-0.736595	0.0491054
		*TM_ROW3 -32.1874	5.23045	136.357
		*TM_POS -32.1874	5.23045	136.357
		*TM_ROTAXIS -0.479588	0.495612	-0.72413
		*TM_ROTANGLE 3.10174
		*TM_SCALE 1	1	1
		*TM_SCALEAXIS 0	0	0
		*TM_SCALEAXISANG 0	0	0
	}
}
*HELPEROBJECT {
	*NODE_NAME "Bip01 Head"
	*NODE_PARENT "Bip01 Neck"
	*NODE_TM {
		*NODE_NAME "Bip01 Head"
		*TM_ROW0 -0.180634	-0.138556	0.973742
		*TM_ROW1 -0.144643	-0.975521	-0.165641
		*TM_ROW2 0.972856	-0.170765	0.156171
		*TM_ROW3 -35.8763	2.17781	141.241
		*TM_POS -35.8763	2.17781	141.241
		*TM_ROTAXIS -0.640063	0.110614	-0.760318
		*TM_ROTANGLE 3.13759
		*TM_SCALE 1	1	1
		*TM_SCALEAXIS 0	0	0
		*TM_SCALEAXISANG 0	0	0
	}
}
*HELPEROBJECT {
	*NODE_NAME "zs_Helmet"
	*NODE_PARENT "Bip01 Head"
	*NODE_TM {
		*NODE_NAME "zs_Helmet"
		*TM_ROW0 0.972857	-0.170765	0.156171
		*TM_ROW1 0.158368	0.983385	0.0887327
		*TM_ROW2 -0.168729	-0.0615915	0.983736
		*TM_ROW3 -97.1989	-107.248	403.595
		*TM_POS -97.1989	-107.248	403.595
		*TM_ROTAXIS -0.309119	0.668109	0.676813
		*TM_ROTANGLE 0.245611
		*TM_SCALE 1	1	1
		*TM_SCALEAXIS 0	0	0
		*TM_SCALEAXISANG 0	0	0
	}
}
*HELPEROBJECT {
	*NODE_NAME "Bip01 L Clavicle"
	*NODE_PARENT "Bip01 Neck"
	*NODE_TM {
		*NODE_NAME "Bip01 L Clavicle"
		*TM_ROW0 0.408806	-0.909467	-0.0758138
		*TM_ROW1 0.804743	0.320056	0.499954
		*TM_ROW2 -0.430427	-0.265395	0.862727
		*TM_ROW3 -23.1093	2.5358	133.415
		*TM_POS -23.1093	2.5358	133.415
		*TM_ROTAXIS -0.4006	0.185612	0.897255
		*TM_ROTANGLE 1.27051
		*TM_SCALE 1	1	1
		*TM_SCALEAXIS 0	0	0
		*TM_SCALEAXISANG 0	0	0
	}
}
*HELPEROBJECT {
	*NODE_NAME "Bip01 L UpperArm"
	*NODE_PARENT "Bip01 L Clavicle"
	*NODE_TM {
		*NODE_NAME "Bip01 L UpperArm"
		*TM_ROW0 0.324516	-0.301714	-0.89647
		*TM_ROW1 0.78205	-0.447533	0.433718
		*TM_ROW2 -0.532059	-0.841833	0.0907243
		*TM_ROW3 -17.6616	-9.58376	132.405
		*TM_POS -17.6616	-9.58376	132.405
		*TM_ROTAXIS -0.744629	-0.212732	0.63267
		*TM_ROTANGLE 2.11314
		*TM_SCALE 1	1	1
		*TM_SCALEAXIS 0	0	0
		*TM_SCALEAXISANG 0	0	0
	}
}
*HELPEROBJECT {
	*NODE_NAME "Bip01 L Forearm"
	*NODE_PARENT "Bip01 L UpperArm"
	*NODE_TM {
		*NODE_NAME "Bip01 L Forearm"
		*TM_ROW0 -0.832769	0.500926	-0.235731
		*TM_ROW1 0.153	-0.200975	-0.967574
		*TM_ROW2 -0.532059	-0.841833	0.0907243
		*TM_ROW3 -8.60559	-18.0035	107.388
		*TM_POS -8.60559	-18.0035	107.388
		*TM_ROTAXIS 0.265279	0.625168	-0.734025
		*TM_ROTANGLE 2.90232
		*TM_SCALE 1	1	1
		*TM_SCALEAXIS 0	0	0
		*TM_SCALEAXISANG 0	0	0
	}
}
*HELPEROBJECT {
	*NODE_NAME "Bip01 L Hand"
	*NODE_PARENT "Bip01 L Forearm"
	*NODE_TM {
		*NODE_NAME "Bip01 L Hand"
		*TM_ROW0 -0.920331	0.390851	-0.0150732
		*TM_ROW1 0.379849	0.90229	0.203931
		*TM_ROW2 0.0933069	0.181958	-0.978869
		*TM_ROW3 -31.7702	-4.06956	100.831
		*TM_POS -31.7702	-4.06956	100.831
		*TM_ROTAXIS -0.197718	-0.975247	-0.0989972
		*TM_ROTANGLE 3.086
		*TM_SCALE 1	1	1
		*TM_SCALEAXIS 0	0	0
		*TM_SCALEAXISANG 0	0	0
	}
}
*HELPEROBJECT {
	*NODE_NAME "Bip01 L Finger0"
	*NODE_PARENT "Bip01 L Hand"
	*NODE_TM {
		*NODE_NAME "Bip01 L Finger0"
		*TM_ROW0 -0.920331	0.39085	-0.0150699
		*TM_ROW1 0.379777	0.902151	0.204679
		*TM_ROW2 0.0935939	0.182649	-0.978713
		*TM_ROW3 -43.6147	0.960634	100.637
		*TM_POS -43.6147	0.960634	100.637
		*TM_ROTAXIS -0.197707	-0.975211	-0.0993704
		*TM_ROTANGLE 3.08585
		*TM_SCALE 1	1	1
		*TM_SCALEAXIS 0	0	0
		*TM_SCALEAXISANG 0	0	0
	}
}
*HELPEROBJECT {
	*NODE_NAME "zs_LeftHand"
	*NODE_PARENT "Bip01 L Hand"
	*NODE_TM {
		*NODE_NAME "zs_LeftHand"
		*TM_ROW0 0.21063	0.173175	-0.962105
		*TM_ROW1 -0.934385	0.324943	-0.146073
		*TM_ROW2 0.287333	0.929743	0.230254
		*TM_ROW3 -110.58	100.462	122.498
		*TM_POS -110.58	100.462	122.498
		*TM_ROTAXIS 0.541634	-0.629046	-0.557615
		*TM_ROTANGLE 1.68815
		*TM_SCALE 1	1	1
		*TM_SCALEAXIS 0	0	0
		*TM_SCALEAXISANG 0	0	0
	}
}
*HELPEROBJECT {
	*NODE_NAME "zs_LeftArm"
	*NODE_PARENT "Bip01 L Forearm"
	*NODE_TM {
		*NODE_NAME "zs_LeftArm"
		*TM_ROW0 -0.779657	0.50228	-0.373966
		*TM_ROW1 0.231473	-0.323735	-0.917396
		*TM_ROW2 -0.581855	-0.801817	0.136138
		*TM_ROW3 -280.178	106.955	219.952
		*TM_POS -280.178	106.955	219.952
		*TM_ROTAXIS 0.320666	0.576775	-0.751335
		*TM_ROTANGLE 2.96039
		*TM_SCALE 1	1	1
		*TM_SCALEAXIS 0	0	0
		*TM_SCALEAXISANG 0	0	0
	}
}
*HELPEROBJECT {
	*NODE_NAME "Bip01 R Clavicle"
	*NODE_PARENT "Bip01 Neck"
	*NODE_TM {
		*NODE_NAME "Bip01 R Clavicle"
		*TM_ROW0 -0.484751	0.85828	-0.168441
		*TM_ROW1 0.699348	0.495996	0.514685
		*TM_ROW2 0.52529	0.131695	-0.840671
		*TM_ROW3 -33.8536	14.2682	132.633
		*TM_POS -33.8536	14.2682	132.633
		*TM_ROTAXIS -0.473874	-0.858355	-0.196647
		*TM_ROTANGLE 2.72559
		*TM_SCALE 1	1	1
		*TM_SCALEAXIS 0	0	0
		*TM_SCALEAXISANG 0	0	0
	}
}
*HELPEROBJECT {
	*NODE_NAME "Bip01 R UpperArm"
	*NODE_PARENT "Bip01 R Clavicle"
	*NODE_TM {
		*NODE_NAME "Bip01 R UpperArm"
		*TM_ROW0 -0.164016	0.588135	-0.791957
		*TM_ROW1 0.0655726	0.807554	0.586138
		*TM_ROW2 0.984276	0.044205	-0.171017
		*TM_ROW3 -40.3134	25.7057	130.388
		*TM_POS -40.3134	25.7057	130.388
		*TM_ROTAXIS -0.280912	-0.920715	-0.270872
		*TM_ROTANGLE 1.83769
		*TM_SCALE 1	1	1
		*TM_SCALEAXIS 0	0	0
		*TM_SCALEAXISANG 0	0	0
	}
}
*HELPEROBJECT {
	*NODE_NAME "Bip01 R Forearm"
	*NODE_PARENT "Bip01 R UpperArm"
	*NODE_TM {
		*NODE_NAME "Bip01 R Forearm"
		*TM_ROW0 -0.000827558	-0.967015	-0.25472
		*TM_ROW1 -0.176636	0.250856	-0.951773
		*TM_ROW2 0.984276	0.044205	-0.171017
		*TM_ROW3 -44.8904	42.1183	108.288
		*TM_POS -44.8904	42.1183	108.288
		*TM_ROTAXIS 0.561011	-0.697898	0.445202
		*TM_ROTANGLE 2.04935
		*TM_SCALE 1	1	1
		*TM_SCALEAXIS 0	0	0
		*TM_SCALEAXISANG 0	0	0
	}
}
*HELPEROBJECT {
	*NODE_NAME "Bip01 R Hand"
	*NODE_PARENT "Bip01 R Forearm"
	*NODE_TM {
		*NODE_NAME "Bip01 R Hand"
		*TM_ROW0 -0.0410934	-0.973563	-0.224693
		*TM_ROW1 0.992034	-0.0665573	0.106953
		*TM_ROW2 -0.119081	-0.218508	0.968542
		*TM_ROW3 -44.9135	15.2195	101.202
		*TM_POS -44.9135	15.2195	101.202
		*TM_ROTAXIS -0.163126	-0.0529346	0.985184
		*TM_ROTANGLE 1.64041
		*TM_SCALE 1	1	1
		*TM_SCALEAXIS 0	0	0
		*TM_SCALEAXISANG 0	0	0
	}
}
*HELPEROBJECT {
	*NODE_NAME "Bip01 R Finger0"
	*NODE_PARENT "Bip01 R Hand"
	*NODE_TM {
		*NODE_NAME "Bip01 R Finger0"
		*TM_ROW0 -0.0410915	-0.973563	-0.224693
		*TM_ROW1 0.991943	-0.0667225	0.107694
		*TM_ROW2 -0.119839	-0.218457	0.96846
		*TM_ROW3 -45.4423	2.68991	98.3107
		*TM_POS -45.4423	2.68991	98.3107
		*TM_ROTAXIS -0.163473	-0.0525547	0.985147
		*TM_ROTANGLE 1.64053
		*TM_SCALE 1	1	1
		*TM_SCALEAXIS 0	0	0
		*TM_SCALEAXISANG 0	0	0
	}
}
*HELPEROBJECT {
	*NODE_NAME "zs_RightHand"
	*NODE_PARENT "Bip01 R Hand"
	*NODE_TM {
		*NODE_NAME "zs_RightHand"
		*TM_ROW0 -0.972401	0.208861	-0.103988
		*TM_ROW1 -0.188745	-0.966192	-0.175636
		*TM_ROW2 -0.137156	-0.151162	0.978948
		*TM_ROW3 -53.905	-213.773	44.7244
		*TM_POS -53.905	-213.773	44.7244
		*TM_ROTAXIS 0.0612268	0.0829744	-0.994669
		*TM_ROTANGLE 2.94037
		*TM_SCALE 1	1	1
		*TM_SCALEAXIS 0	0	0
		*TM_SCALEAXISANG 0	0	0
	}
}
*HELPEROBJECT {
	*NODE_NAME "zs_Crossbow"
	*NODE_PARENT "Bip01 Spine2"
	*NODE_TM {
		*NODE_NAME "zs_Crossbow"
		*TM_ROW0 -0.786814	-0.161289	0.595743
		*TM_ROW1 -0.404215	0.864095	-0.299917
		*TM_ROW2 -0.466405	-0.476787	-0.745077
		*TM_ROW3 -600.803	13.3127	1363.98
		*TM_POS -600.803	13.3127	1363.98
		*TM_ROTAXIS 0.160232	-0.962233	0.220075
		*TM_ROTANGLE 3.72626
		*TM_SCALE 1	1	1
		*TM_SCALEAXIS 0	0	0
		*TM_SCALEAXISANG 0	0	0
	}
}
*HELPEROBJECT {
	*NODE_NAME "zs_Longsword"
	*NODE_PARENT "Bip01 Spine2"
	*NODE_TM {
		*NODE_NAME "zs_Longsword"
		*TM_ROW0 -0.826627	-0.0410149	0.561253
		*TM_ROW1 -0.287291	0.88834	-0.358212
		*TM_ROW2 -0.483892	-0.457351	-0.746109
		*TM_ROW3 -583.287	127.39	1104.19
		*TM_POS -583.287	127.39	1104.19
		*TM_ROTAXIS 0.091937	-0.96922	0.228386
		*TM_ROTANGLE 3.71104
		*TM_SCALE 1	1	1
		*TM_SCALEAXIS 0	0	0
		*TM_SCALEAXISANG 0	0	0
	}
}
*HELPEROBJECT {
	*NODE_NAME "zs_Shield"
	*NODE_PARENT "Bip01 Spine2"
	*NODE_TM {
		*NODE_NAME "zs_Shield"
		*TM_ROW0 0.559786	0.486755	-0.670604
		*TM_ROW1 -0.423456	0.863672	0.273414
		*TM_ROW2 0.712267	0.130918	0.689591
		*TM_ROW3 249.609	22.1811	591.013
		*TM_POS 249.609	22.1811	591.013
		*TM_ROTAXIS -0.0857553	-0.832221	-0.547771
		*TM_ROTANGLE 0.9806
		*TM_SCALE 1	1	1
		*TM_SCALEAXIS 0	0	0
		*TM_SCALEAXISANG 0	0	0
	}
}
*HELPEROBJECT {
	*NODE_NAME "zs_Bow"
	*NODE_PARENT "Bip01 Spine2"
	*NODE_TM {
		*NODE_NAME "zs_Bow"
		*TM_ROW0 -0.755663	-0.186099	0.627965
		*TM_ROW1 0.488069	0.479366	0.729381
		*TM_ROW2 -0.436762	0.857657	-0.27141
		*TM_ROW3 270.374	288.713	465.266
		*TM_POS 270.374	288.713	465.266
		*TM_ROTAXIS -0.101265	-0.840533	-0.532212
		*TM_ROTANGLE 3.82749
		*TM_SCALE 1	1	1
		*TM_SCALEAXIS 0	0	0
		*TM_SCALEAXISANG 0	0	0
	}
}
*HELPEROBJECT {
	*NODE_NAME "zs_Sword"
	*NODE_PARENT "Bip01 Spine"
	*NODE_TM {
		*NODE_NAME "zs_Sword"
		*TM_ROW0 -0.0366607	-0.389376	0.920349
		*TM_ROW1 0.0895615	0.915982	0.391096
		*TM_ROW2 -0.995306	0.0967657	0.00129255
		*TM_ROW3 299.389	56.8878	131.376
		*TM_POS 299.389	56.8878	131.376
		*TM_ROTAXIS -0.147428	0.959539	0.239897
		*TM_ROTANGLE 1.63052
		*TM_SCALE 1	1	1
		*TM_SCALEAXIS 0	0	0
		*TM_SCALEAXISANG 0	0	0
	}
}
*HELPEROBJECT {
	*NODE_NAME "Bip01 L Thigh"
	*NODE_PARENT "Bip01 Pelvis"
	*NODE_TM {
		*NODE_NAME "Bip01 L Thigh"
		*TM_ROW0 0.139571	-0.681235	-0.718637
		*TM_ROW1 0.00100312	-0.725643	0.688071
		*TM_ROW2 -0.990212	-0.0967554	-0.100595
		*TM_ROW3 -10.5295	15.6722	85.8006
		*TM_POS -10.5295	15.6722	85.8006
		*TM_ROTAXIS -0.73022	0.252679	0.634769
		*TM_ROTANGLE 2.57425
		*TM_SCALE 1	1	1
		*TM_SCALEAXIS 0	0	0
		*TM_SCALEAXISANG 0	0	0
	}
}
*HELPEROBJECT {
	*NODE_NAME "Bip01 L Calf"
	*NODE_PARENT "Bip01 L Thigh"
	*NODE_TM {
		*NODE_NAME "Bip01 L Calf"
		*TM_ROW0 0.0684546	0.291429	-0.95414
		*TM_ROW1 0.121635	-0.951687	-0.281953
		*TM_ROW2 -0.990212	-0.0967555	-0.100595
		*TM_ROW3 -5.03811	-11.1309	57.5259
		*TM_POS -5.03811	-11.1309	57.5259
		*TM_ROTAXIS -0.729614	-0.14211	0.668931
		*TM_ROTANGLE 3.26885
		*TM_SCALE 1	1	1
		*TM_SCALEAXIS 0	0	0
		*TM_SCALEAXISANG 0	0	0
	}
}
*HELPEROBJECT {
	*NODE_NAME "Bip01 L Foot"
	*NODE_PARENT "Bip01 L Calf"
	*NODE_TM {
		*NODE_NAME "Bip01 L Foot"
		*TM_ROW0 0.018792	0.00506559	-0.999811
		*TM_ROW1 0.448569	-0.893739	0.00390293
		*TM_ROW2 -0.89355	-0.448558	-0.0190674
		*TM_ROW3 -1.67715	3.17762	10.6799
		*TM_POS -1.67715	3.17762	10.6799
		*TM_ROTAXIS -0.704303	-0.165405	0.690361
		*TM_ROTANGLE 2.81458
		*TM_SCALE 1	1	1
		*TM_SCALEAXIS 0	0	0
		*TM_SCALEAXISANG 0	0	0
	}
}
*HELPEROBJECT {
	*NODE_NAME "Bip01 L Toe0"
	*NODE_PARENT "Bip01 L Foot"
	*NODE_TM {
		*NODE_NAME "Bip01 L Toe0"
		*TM_ROW0 0.448569	-0.89374	0.00382802
		*TM_ROW1 -0.018757	-0.00513184	0.999811
		*TM_ROW2 -0.893551	-0.448556	-0.0190659
		*TM_ROW3 8.71746	-16.9961	-1.85607
		*TM_POS 8.71746	-16.9961	-1.85607
		*TM_ROTAXIS -0.75618	0.468514	0.456821
		*TM_ROTANGLE 1.86274
		*TM_SCALE 1	1	1
		*TM_SCALEAXIS 0	0	0
		*TM_SCALEAXISANG 0	0	0
	}
}
*HELPEROBJECT {
	*NODE_NAME "Bip01 R Thigh"
	*NODE_PARENT "Bip01 Pelvis"
	*NODE_TM {
		*NODE_NAME "Bip01 R Thigh"
		*TM_ROW0 -0.449627	-0.436039	-0.779555
		*TM_ROW1 -0.385051	-0.692873	0.609642
		*TM_ROW2 -0.80596	0.574279	0.143637
		*TM_ROW3 -28.497	17.0407	85.6211
		*TM_POS -28.497	17.0407	85.6211
		*TM_ROTAXIS 0.524386	-0.391565	-0.756106
		*TM_ROTANGLE 3.17532
		*TM_SCALE 1	1	1
		*TM_SCALEAXIS 0	0	0
		*TM_SCALEAXISANG 0	0	0
	}
}
*HELPEROBJECT {
	*NODE_NAME "Bip01 R Calf"
	*NODE_PARENT "Bip01 R Thigh"
	*NODE_TM {
		*NODE_NAME "Bip01 R Calf"
		*TM_ROW0 0.143428	0.424852	-0.893829
		*TM_ROW1 -0.574332	-0.699789	-0.424781
		*TM_ROW2 -0.80596	0.57428	0.143637
		*TM_ROW3 -46.1875	-0.115153	54.9496
		*TM_POS -46.1875	-0.115153	54.9496
		*TM_ROTAXIS 0.7057	-0.0620672	-0.705787
		*TM_ROTANGLE 2.35514
		*TM_SCALE 1	1	1
		*TM_SCALEAXIS 0	0	0
		*TM_SCALEAXISANG 0	0	0
	}
}
*HELPEROBJECT {
	*NODE_NAME "Bip01 R Foot"
	*NODE_PARENT "Bip01 R Calf"
	*NODE_TM {
		*NODE_NAME "Bip01 R Foot"
		*TM_ROW0 0.0310441	-0.0301648	-0.999063
		*TM_ROW1 -0.464945	-0.885254	0.0122813
		*TM_ROW2 -0.884795	0.464128	-0.0415069
		*TM_ROW3 -39.1455	20.7441	11.0647
		*TM_POS -39.1455	20.7441	11.0647
		*TM_ROTAXIS -0.70891	0.179276	0.682134
		*TM_ROTANGLE 3.46594
		*TM_SCALE 1	1	1
		*TM_SCALEAXIS 0	0	0
		*TM_SCALEAXISANG 0	0	0
	}
}
*HELPEROBJECT {
	*NODE_NAME "Bip01 R Toe0"
	*NODE_PARENT "Bip01 R Foot"
	*NODE_TM {
		*NODE_NAME "Bip01 R Toe0"
		*TM_ROW0 -0.464947	-0.885255	0.0122008
		*TM_ROW1 -0.0310813	0.0300936	0.999064
		*TM_ROW2 -0.884793	0.464132	-0.0415067
		*TM_ROW3 -49.2817	0.317645	-1.27206
		*TM_POS -49.2817	0.317645	-1.27206
		*TM_ROTAXIS 0.396478	-0.66483	-0.633093
		*TM_ROTANGLE 3.88202
		*TM_SCALE 1	1	1
		*TM_SCALEAXIS 0	0	0
		*TM_SCALEAXISANG 0	0	0
	}
}
