*3DSMAX_ASCIIEXPORT	110
*COMMENT "This file is part of Gothic Free Aim Copyright (C) 2016-2018  mud-freak (@szapp)"
*COMMENT "<http://github.com/szapp/GothicFreeAim>"
*COMMENT "Animations: first iteration"
*SCENE {
	*SCENE_FILENAME "magIK_LIN_frontLeft.max"
	*SCENE_FIRSTFRAME 1
	*SCENE_LASTFRAME 27
	*SCENE_FRAMESPEED 25
	*SCENE_TICKSPERFRAME 192
	*SCENE_BACKGROUND_STATIC 0	0	0
	*SCENE_AMBIENT_STATIC 0.2	0.2	0.2
}
*HELPEROBJECT {
	*NODE_NAME "Bip01"
	*NODE_TM {
		*NODE_NAME "Bip01"
		*TM_ROW0 0.567108	-0.708457	-0.420092
		*TM_ROW1 0.780739	0.624858	0.000187258
		*TM_ROW2 0.262365	-0.328088	0.907482
		*TM_ROW3 -20.6701	11.9132	92.3793
		*TM_POS -20.6701	11.9132	92.3793
		*TM_ROTAXIS -0.19649	-0.408487	0.891364
		*TM_ROTANGLE 0.988763
		*TM_SCALE 1	1	1
		*TM_SCALEAXIS 0	0	0
		*TM_SCALEAXISANG 0	0	0
	}
	*TM_ANIMATION {
		*NODE_NAME "Bip01"
		*CONTROL_POS_TRACK {
			*CONTROL_POS_SAMPLE 192	-20.6701	11.9132	92.3793
			*CONTROL_POS_SAMPLE 384	-20.9419	10.6047	90.6536
			*CONTROL_POS_SAMPLE 576	-19.9715	8.08713	89.1987
			*CONTROL_POS_SAMPLE 768	-18.0884	4.65822	87.9675
			*CONTROL_POS_SAMPLE 960	-15.6223	0.615793	86.9131
			*CONTROL_POS_SAMPLE 1152	-12.9029	-3.74237	85.9885
			*CONTROL_POS_SAMPLE 1344	-10.2598	-8.11847	85.1466
			*CONTROL_POS_SAMPLE 1536	-8.02266	-12.2147	84.3405
			*CONTROL_POS_SAMPLE 1728	-6.1801	-16.5531	83.9303
			*CONTROL_POS_SAMPLE 1920	-4.15473	-21.5295	84.056
			*CONTROL_POS_SAMPLE 2112	-1.42719	-26.6573	84.3405
			*CONTROL_POS_SAMPLE 2304	2.30777	-32.0178	84.5727
			*CONTROL_POS_SAMPLE 2496	6.62816	-37.6481	84.7971
			*CONTROL_POS_SAMPLE 2688	10.9626	-42.9943	85.0195
			*CONTROL_POS_SAMPLE 2880	14.7397	-47.5027	85.246
			*CONTROL_POS_SAMPLE 3072	17.2169	-49.9538	85.4823
			*CONTROL_POS_SAMPLE 3264	19.0419	-51.2437	85.7346
			*CONTROL_POS_SAMPLE 3456	21.7288	-53.9917	86.0085
			*CONTROL_POS_SAMPLE 3648	25.9826	-59.3427	86.3102
			*CONTROL_POS_SAMPLE 3840	30.9804	-65.9079	86.6454
			*CONTROL_POS_SAMPLE 4032	35.9449	-72.5054	87.0201
			*CONTROL_POS_SAMPLE 4224	40.0987	-77.9538	87.4403
			*CONTROL_POS_SAMPLE 4416	41.4555	-79.9369	87.9118
			*CONTROL_POS_SAMPLE 4608	42.6659	-80.8714	88.6755
			*CONTROL_POS_SAMPLE 4800	46.5715	-83.5969	89.8172
			*CONTROL_POS_SAMPLE 4992	51.3275	-86.7331	91.1099
			*CONTROL_POS_SAMPLE 5184	56.0834	-89.8694	92.3271
		}
		*CONTROL_ROT_TRACK {
			*CONTROL_ROT_SAMPLE 192	-0.19649	-0.408487	0.891364	0.988763
			*CONTROL_ROT_SAMPLE 384	-0.19649	-0.408487	0.891364	0.988763
			*CONTROL_ROT_SAMPLE 576	-0.19649	-0.408487	0.891364	0.988763
			*CONTROL_ROT_SAMPLE 768	-0.19649	-0.408487	0.891364	0.988763
			*CONTROL_ROT_SAMPLE 960	-0.19649	-0.408487	0.891364	0.988763
			*CONTROL_ROT_SAMPLE 1152	-0.19649	-0.408487	0.891364	0.988763
			*CONTROL_ROT_SAMPLE 1344	-0.19649	-0.408487	0.891364	0.988763
			*CONTROL_ROT_SAMPLE 1536	-0.19649	-0.408487	0.891364	0.988763
			*CONTROL_ROT_SAMPLE 1728	-0.19649	-0.408487	0.891364	0.988763
			*CONTROL_ROT_SAMPLE 1920	-0.19649	-0.408487	0.891364	0.988763
			*CONTROL_ROT_SAMPLE 2112	-0.19649	-0.408487	0.891364	0.988763
			*CONTROL_ROT_SAMPLE 2304	-0.19649	-0.408487	0.891364	0.988763
			*CONTROL_ROT_SAMPLE 2496	-0.19649	-0.408487	0.891364	0.988763
			*CONTROL_ROT_SAMPLE 2688	-0.19649	-0.408487	0.891364	0.988763
			*CONTROL_ROT_SAMPLE 2880	-0.19649	-0.408487	0.891364	0.988763
			*CONTROL_ROT_SAMPLE 3072	-0.19649	-0.408487	0.891364	0.988763
			*CONTROL_ROT_SAMPLE 3264	-0.19649	-0.408487	0.891364	0.988763
			*CONTROL_ROT_SAMPLE 3456	-0.19649	-0.408487	0.891364	0.988763
			*CONTROL_ROT_SAMPLE 3648	-0.19649	-0.408487	0.891364	0.988763
			*CONTROL_ROT_SAMPLE 3840	-0.19649	-0.408487	0.891364	0.988763
			*CONTROL_ROT_SAMPLE 4032	-0.19649	-0.408487	0.891364	0.988763
			*CONTROL_ROT_SAMPLE 4224	-0.19649	-0.408487	0.891364	0.988763
			*CONTROL_ROT_SAMPLE 4416	-0.19649	-0.408487	0.891364	0.988763
			*CONTROL_ROT_SAMPLE 4608	-0.19649	-0.408487	0.891364	0.988763
			*CONTROL_ROT_SAMPLE 4800	-0.19649	-0.408487	0.891364	0.988763
			*CONTROL_ROT_SAMPLE 4992	-0.19649	-0.408487	0.891364	0.988763
			*CONTROL_ROT_SAMPLE 5184	-0.19649	-0.408487	0.891364	0.988763
		}
	}
}
*HELPEROBJECT {
	*NODE_NAME "Bip01 Footsteps"
	*NODE_PARENT "Bip01"
	*NODE_TM {
		*NODE_NAME "Bip01 Footsteps"
		*TM_ROW0 1	0	0
		*TM_ROW1 0	1	0
		*TM_ROW2 0	0	1
		*TM_ROW3 -20.6701	11.9132	-1.02799
		*TM_POS -20.6701	11.9132	-1.02799
		*TM_ROTAXIS 0	0	0
		*TM_ROTANGLE 0
		*TM_SCALE 1	1	1
		*TM_SCALEAXIS 0	0	0
		*TM_SCALEAXISANG 0	0	0
	}
}
*HELPEROBJECT {
	*NODE_NAME "Bip01 Pelvis"
	*NODE_PARENT "Bip01"
	*NODE_TM {
		*NODE_NAME "Bip01 Pelvis"
		*TM_ROW0 0.259104	-0.330693	0.907473
		*TM_ROW1 0.567109	-0.708456	-0.420092
		*TM_ROW2 0.781826	0.623484	0.00397496
		*TM_ROW3 -22.549	12.0569	92.9745
		*TM_POS -22.549	12.0569	92.9745
		*TM_ROTAXIS -0.75493	-0.0908939	-0.649476
		*TM_ROTANGLE 3.90471
		*TM_SCALE 1	1	1
		*TM_SCALEAXIS 0	0	0
		*TM_SCALEAXISANG 0	0	0
	}
	*TM_ANIMATION {
		*NODE_NAME "Bip01 Pelvis"
		*CONTROL_POS_TRACK {
			*CONTROL_POS_SAMPLE 192	-22.549	12.0569	92.9745
			*CONTROL_POS_SAMPLE 384	-22.8208	10.7485	91.2488
			*CONTROL_POS_SAMPLE 576	-21.8503	8.23088	89.7939
			*CONTROL_POS_SAMPLE 768	-19.9672	4.80197	88.5627
			*CONTROL_POS_SAMPLE 960	-17.5012	0.75954	87.5083
			*CONTROL_POS_SAMPLE 1152	-14.7818	-3.59862	86.5836
			*CONTROL_POS_SAMPLE 1344	-12.1387	-7.97472	85.7418
			*CONTROL_POS_SAMPLE 1536	-9.90152	-12.071	84.9357
			*CONTROL_POS_SAMPLE 1728	-8.05896	-16.4093	84.5255
			*CONTROL_POS_SAMPLE 1920	-6.03359	-21.3858	84.6512
			*CONTROL_POS_SAMPLE 2112	-3.30605	-26.5135	84.9357
			*CONTROL_POS_SAMPLE 2304	0.428907	-31.8741	85.1679
			*CONTROL_POS_SAMPLE 2496	4.7493	-37.5043	85.3922
			*CONTROL_POS_SAMPLE 2688	9.08375	-42.8505	85.6147
			*CONTROL_POS_SAMPLE 2880	12.8609	-47.3589	85.8411
			*CONTROL_POS_SAMPLE 3072	15.338	-49.8101	86.0775
			*CONTROL_POS_SAMPLE 3264	17.163	-51.1	86.3297
			*CONTROL_POS_SAMPLE 3456	19.85	-53.8479	86.6037
			*CONTROL_POS_SAMPLE 3648	24.1038	-59.199	86.9053
			*CONTROL_POS_SAMPLE 3840	29.1015	-65.7641	87.2406
			*CONTROL_POS_SAMPLE 4032	34.066	-72.3617	87.6153
			*CONTROL_POS_SAMPLE 4224	38.2199	-77.8101	88.0355
			*CONTROL_POS_SAMPLE 4416	39.5766	-79.7931	88.507
			*CONTROL_POS_SAMPLE 4608	40.787	-80.7277	89.2707
			*CONTROL_POS_SAMPLE 4800	44.6926	-83.4531	90.4123
			*CONTROL_POS_SAMPLE 4992	49.4486	-86.5894	91.7051
			*CONTROL_POS_SAMPLE 5184	54.2046	-89.7256	92.9223
		}
		*CONTROL_ROT_TRACK {
			*CONTROL_ROT_SAMPLE 192	-0.75493	-0.0908939	-0.649476	3.90471
			*CONTROL_ROT_SAMPLE 384	-0.75493	-0.0908939	-0.649476	3.90471
			*CONTROL_ROT_SAMPLE 576	-0.75493	-0.0908939	-0.649476	3.90471
			*CONTROL_ROT_SAMPLE 768	-0.75493	-0.0908939	-0.649476	3.90471
			*CONTROL_ROT_SAMPLE 960	-0.75493	-0.0908939	-0.649476	3.90471
			*CONTROL_ROT_SAMPLE 1152	-0.75493	-0.0908939	-0.649476	3.90471
			*CONTROL_ROT_SAMPLE 1344	-0.75493	-0.0908939	-0.649476	3.90471
			*CONTROL_ROT_SAMPLE 1536	-0.75493	-0.0908939	-0.649476	3.90471
			*CONTROL_ROT_SAMPLE 1728	-0.75493	-0.0908939	-0.649476	3.90471
			*CONTROL_ROT_SAMPLE 1920	-0.75493	-0.0908939	-0.649476	3.90471
			*CONTROL_ROT_SAMPLE 2112	-0.75493	-0.0908939	-0.649476	3.90471
			*CONTROL_ROT_SAMPLE 2304	-0.75493	-0.0908939	-0.649476	3.90471
			*CONTROL_ROT_SAMPLE 2496	-0.75493	-0.0908939	-0.649476	3.90471
			*CONTROL_ROT_SAMPLE 2688	-0.75493	-0.0908939	-0.649476	3.90471
			*CONTROL_ROT_SAMPLE 2880	-0.75493	-0.0908939	-0.649476	3.90471
			*CONTROL_ROT_SAMPLE 3072	-0.75493	-0.0908939	-0.649476	3.90471
			*CONTROL_ROT_SAMPLE 3264	-0.75493	-0.0908939	-0.649476	3.90471
			*CONTROL_ROT_SAMPLE 3456	-0.75493	-0.0908939	-0.649476	3.90471
			*CONTROL_ROT_SAMPLE 3648	-0.75493	-0.0908939	-0.649476	3.90471
			*CONTROL_ROT_SAMPLE 3840	-0.75493	-0.0908939	-0.649476	3.90471
			*CONTROL_ROT_SAMPLE 4032	-0.75493	-0.0908939	-0.649476	3.90471
			*CONTROL_ROT_SAMPLE 4224	-0.75493	-0.0908939	-0.649476	3.90471
			*CONTROL_ROT_SAMPLE 4416	-0.75493	-0.0908939	-0.649476	3.90471
			*CONTROL_ROT_SAMPLE 4608	-0.75493	-0.0908939	-0.649476	3.90471
			*CONTROL_ROT_SAMPLE 4800	-0.75493	-0.0908939	-0.649476	3.90471
			*CONTROL_ROT_SAMPLE 4992	-0.75493	-0.0908939	-0.649476	3.90471
			*CONTROL_ROT_SAMPLE 5184	-0.75493	-0.0908939	-0.649476	3.90471
		}
	}
}
*HELPEROBJECT {
	*NODE_NAME "Bip01 Spine"
	*NODE_PARENT "Bip01 Pelvis"
	*NODE_TM {
		*NODE_NAME "Bip01 Spine"
		*TM_ROW0 0.306445	-0.37259	0.875938
		*TM_ROW1 0.545568	-0.685324	-0.482376
		*TM_ROW2 0.78003	0.625706	-0.00674112
		*TM_ROW3 -21.9696	11.3324	95.1907
		*TM_POS -21.9696	11.3324	95.1907
		*TM_ROTAXIS -0.768306	-0.0664998	-0.636619
		*TM_ROTANGLE 3.94701
		*TM_SCALE 1	1	1
		*TM_SCALEAXIS 0	0	0
		*TM_SCALEAXISANG 0	0	0
	}
}
*HELPEROBJECT {
	*NODE_NAME "Bip01 Spine1"
	*NODE_PARENT "Bip01 Spine"
	*NODE_TM {
		*NODE_NAME "Bip01 Spine1"
		*TM_ROW0 0.304569	-0.396995	0.865813
		*TM_ROW1 0.525264	-0.688281	-0.500367
		*TM_ROW2 0.794566	0.607177	-0.00110163
		*TM_ROW3 -18.9634	7.6779	103.804
		*TM_POS -18.9634	7.6779	103.804
		*TM_ROTAXIS -0.76752	-0.0493738	-0.63912
		*TM_ROTANGLE 3.94757
		*TM_SCALE 1	1	1
		*TM_SCALEAXIS 0	0	0
		*TM_SCALEAXISANG 0	0	0
	}
}
*HELPEROBJECT {
	*NODE_NAME "Bip01 Spine2"
	*NODE_PARENT "Bip01 Spine1"
	*NODE_TM {
		*NODE_NAME "Bip01 Spine2"
		*TM_ROW0 0.406613	-0.190194	0.893584
		*TM_ROW1 0.415494	-0.83259	-0.366276
		*TM_ROW2 0.813653	0.520211	-0.259517
		*TM_ROW3 -15.078	2.62028	114.886
		*TM_POS -15.078	2.62028	114.886
		*TM_ROTAXIS -0.8234	-0.0742427	-0.562584
		*TM_ROTANGLE 3.71002
		*TM_SCALE 1	1	1
		*TM_SCALEAXIS 0	0	0
		*TM_SCALEAXISANG 0	0	0
	}
}
*HELPEROBJECT {
	*NODE_NAME "Bip01 Neck"
	*NODE_PARENT "Bip01 Spine2"
	*NODE_TM {
		*NODE_NAME "Bip01 Neck"
		*TM_ROW0 0.492022	-0.37844	0.784026
		*TM_ROW1 0.309643	-0.765617	-0.563873
		*TM_ROW2 0.813655	0.520206	-0.259519
		*TM_ROW3 -2.88778	-3.07834	141.682
		*TM_POS -2.88778	-3.07834	141.682
		*TM_ROTAXIS -0.844066	0.0230692	-0.535743
		*TM_ROTANGLE 3.83893
		*TM_SCALE 1	1	1
		*TM_SCALEAXIS 0	0	0
		*TM_SCALEAXISANG 0	0	0
	}
}
*HELPEROBJECT {
	*NODE_NAME "Bip01 Head"
	*NODE_PARENT "Bip01 Neck"
	*NODE_TM {
		*NODE_NAME "Bip01 Head"
		*TM_ROW0 0.23374	-0.251501	0.939209
		*TM_ROW1 0.318171	-0.892999	-0.318309
		*TM_ROW2 0.918767	0.373231	-0.128709
		*TM_ROW3 0.47727	-5.66657	147.045
		*TM_POS 0.47727	-5.66657	147.045
		*TM_ROTAXIS -0.771637	-0.0228094	-0.635654
		*TM_ROTANGLE 3.60623
		*TM_SCALE 1	1	1
		*TM_SCALEAXIS 0	0	0
		*TM_SCALEAXISANG 0	0	0
	}
}
*HELPEROBJECT {
	*NODE_NAME "zs_Helmet"
	*NODE_PARENT "Bip01 Head"
	*NODE_TM {
		*NODE_NAME "zs_Helmet"
		*TM_ROW0 0.918767	0.373231	-0.128709
		*TM_ROW1 -0.33553	0.909978	0.24364
		*TM_ROW2 0.208056	-0.180662	0.961288
		*TM_ROW3 89.2824	-140.954	388.654
		*TM_POS 89.2824	-140.954	388.654
		*TM_ROTAXIS -0.475639	-0.37751	-0.794515
		*TM_ROTANGLE 0.462329
		*TM_SCALE 1	1	1
		*TM_SCALEAXIS 0	0	0
		*TM_SCALEAXISANG 0	0	0
	}
}
*HELPEROBJECT {
	*NODE_NAME "Bip01 L Clavicle"
	*NODE_PARENT "Bip01 Neck"
	*NODE_TM {
		*NODE_NAME "Bip01 L Clavicle"
		*TM_ROW0 0.812012	0.54858	-0.199241
		*TM_ROW1 -0.453119	0.80771	0.377211
		*TM_ROW2 0.367859	-0.21602	0.904442
		*TM_ROW3 0.384459	4.13923	135.722
		*TM_POS 0.384459	4.13923	135.722
		*TM_ROTAXIS -0.458107	-0.437928	-0.773535
		*TM_ROTANGLE 0.704274
		*TM_SCALE 1	1	1
		*TM_SCALEAXIS 0	0	0
		*TM_SCALEAXISANG 0	0	0
	}
}
*HELPEROBJECT {
	*NODE_NAME "Bip01 L UpperArm"
	*NODE_PARENT "Bip01 L Clavicle"
	*NODE_TM {
		*NODE_NAME "Bip01 L UpperArm"
		*TM_ROW0 0.120648	0.58565	-0.801535
		*TM_ROW1 -0.212266	0.803978	0.555484
		*TM_ROW2 0.969736	0.103121	0.221312
		*TM_ROW3 11.2053	11.4496	133.067
		*TM_POS 11.2053	11.4496	133.067
		*TM_ROTAXIS -0.226786	-0.888002	-0.400024
		*TM_ROTANGLE 1.49776
		*TM_SCALE 1	1	1
		*TM_SCALEAXIS 0	0	0
		*TM_SCALEAXISANG 0	0	0
	}
}
*HELPEROBJECT {
	*NODE_NAME "Bip01 L Forearm"
	*NODE_PARENT "Bip01 L UpperArm"
	*NODE_TM {
		*NODE_NAME "Bip01 L Forearm"
		*TM_ROW0 0.231096	-0.0951641	-0.968266
		*TM_ROW1 -0.0787874	0.990106	-0.116115
		*TM_ROW2 0.969736	0.103121	0.221312
		*TM_ROW3 14.5722	27.7929	110.699
		*TM_POS 14.5722	27.7929	110.699
		*TM_ROTAXIS 0.112404	-0.993627	0.00839645
		*TM_ROTANGLE 1.34769
		*TM_SCALE 1	1	1
		*TM_SCALEAXIS 0	0	0
		*TM_SCALEAXISANG 0	0	0
	}
}
*HELPEROBJECT {
	*NODE_NAME "Bip01 L Hand"
	*NODE_PARENT "Bip01 L Forearm"
	*NODE_TM {
		*NODE_NAME "Bip01 L Hand"
		*TM_ROW0 0.14972	-0.303923	-0.940858
		*TM_ROW1 -0.983081	-0.147317	-0.108851
		*TM_ROW2 -0.105522	0.941238	-0.320838
		*TM_ROW3 21.0004	25.1458	83.7655
		*TM_POS 21.0004	25.1458	83.7655
		*TM_ROTAXIS -0.698242	0.555445	0.451597
		*TM_ROTANGLE 3.99261
		*TM_SCALE 1	1	1
		*TM_SCALEAXIS 0	0	0
		*TM_SCALEAXISANG 0	0	0
	}
}
*HELPEROBJECT {
	*NODE_NAME "Bip01 L Finger0"
	*NODE_PARENT "Bip01 L Hand"
	*NODE_TM {
		*NODE_NAME "Bip01 L Finger0"
		*TM_ROW0 0.149719	-0.303923	-0.940859
		*TM_ROW1 -0.983001	-0.148037	-0.108605
		*TM_ROW2 -0.106274	0.941125	-0.320921
		*TM_ROW3 22.9273	21.2343	71.6567
		*TM_POS 22.9273	21.2343	71.6567
		*TM_ROTAXIS -0.69833	0.555205	0.451754
		*TM_ROTANGLE 3.99208
		*TM_SCALE 1	1	1
		*TM_SCALEAXIS 0	0	0
		*TM_SCALEAXISANG 0	0	0
	}
}
*HELPEROBJECT {
	*NODE_NAME "zs_LeftHand"
	*NODE_PARENT "Bip01 L Hand"
	*NODE_TM {
		*NODE_NAME "zs_LeftHand"
		*TM_ROW0 -0.154232	0.963047	-0.220802
		*TM_ROW1 0.320616	-0.162601	-0.933149
		*TM_ROW2 -0.934568	-0.214714	-0.28369
		*TM_ROW3 -28.7029	-28.3326	-27.036
		*TM_POS -28.7029	-28.3326	-27.036
		*TM_ROTAXIS -0.599044	-0.595151	0.53567
		*TM_ROTANGLE 3.78466
		*TM_SCALE 1	1	1
		*TM_SCALEAXIS 0	0	0
		*TM_SCALEAXISANG 0	0	0
	}
}
*HELPEROBJECT {
	*NODE_NAME "zs_LeftArm"
	*NODE_PARENT "Bip01 L Forearm"
	*NODE_TM {
		*NODE_NAME "zs_LeftArm"
		*TM_ROW0 0.125505	0.116526	-0.985226
		*TM_ROW1 -0.0521941	0.992478	0.110735
		*TM_ROW2 0.990719	0.0375252	0.130643
		*TM_ROW3 137.015	-165.896	-111.852
		*TM_POS 137.015	-165.896	-111.852
		*TM_ROTAXIS -0.036891	-0.995696	-0.0850195
		*TM_ROTANGLE 1.44616
		*TM_SCALE 1	1	1
		*TM_SCALEAXIS 0	0	0
		*TM_SCALEAXISANG 0	0	0
	}
}
*HELPEROBJECT {
	*NODE_NAME "Bip01 R Clavicle"
	*NODE_PARENT "Bip01 Neck"
	*NODE_TM {
		*NODE_NAME "Bip01 R Clavicle"
		*TM_ROW0 -0.910352	-0.40412	0.08914
		*TM_ROW1 -0.352472	0.870034	0.34468
		*TM_ROW2 -0.216847	0.282361	-0.934478
		*TM_ROW3 -12.5754	-4.14672	139.855
		*TM_POS -12.5754	-4.14672	139.855
		*TM_ROTAXIS 0.196894	-0.96675	-0.16318
		*TM_ROTANGLE 3.30052
		*TM_SCALE 1	1	1
		*TM_SCALEAXIS 0	0	0
		*TM_SCALEAXISANG 0	0	0
	}
}
*HELPEROBJECT {
	*NODE_NAME "Bip01 R UpperArm"
	*NODE_PARENT "Bip01 R Clavicle"
	*NODE_TM {
		*NODE_NAME "Bip01 R UpperArm"
		*TM_ROW0 -0.40932	-0.0202695	-0.912166
		*TM_ROW1 -0.329546	0.935547	0.12709
		*TM_ROW2 0.850797	0.352621	-0.389618
		*TM_ROW3 -24.7067	-9.53202	141.043
		*TM_POS -24.7067	-9.53202	141.043
		*TM_ROTAXIS 0.125015	-0.977231	-0.171436
		*TM_ROTANGLE 2.01717
		*TM_SCALE 1	1	1
		*TM_SCALEAXIS 0	0	0
		*TM_SCALEAXISANG 0	0	0
	}
}
*HELPEROBJECT {
	*NODE_NAME "Bip01 R Forearm"
	*NODE_PARENT "Bip01 R UpperArm"
	*NODE_TM {
		*NODE_NAME "Bip01 R Forearm"
		*TM_ROW0 0.301543	-0.934818	-0.18758
		*TM_ROW1 -0.430367	0.0421062	-0.901672
		*TM_ROW2 0.850797	0.352621	-0.389618
		*TM_ROW3 -36.1293	-10.0977	115.588
		*TM_POS -36.1293	-10.0977	115.588
		*TM_ROTAXIS -0.735792	0.609132	-0.295921
		*TM_ROTANGLE 4.16204
		*TM_SCALE 1	1	1
		*TM_SCALEAXIS 0	0	0
		*TM_SCALEAXISANG 0	0	0
	}
}
*HELPEROBJECT {
	*NODE_NAME "Bip01 R Hand"
	*NODE_PARENT "Bip01 R Forearm"
	*NODE_TM {
		*NODE_NAME "Bip01 R Hand"
		*TM_ROW0 0.298938	-0.933649	-0.197321
		*TM_ROW1 0.388155	-0.0699315	0.918937
		*TM_ROW2 -0.871763	-0.351297	0.341495
		*TM_ROW3 -27.7415	-36.1009	110.37
		*TM_POS -27.7415	-36.1009	110.37
		*TM_ROTAXIS -0.650289	0.345277	0.67669
		*TM_ROTANGLE 1.78723
		*TM_SCALE 1	1	1
		*TM_SCALEAXIS 0	0	0
		*TM_SCALEAXISANG 0	0	0
	}
}
*HELPEROBJECT {
	*NODE_NAME "Bip01 R Finger0"
	*NODE_PARENT "Bip01 R Hand"
	*NODE_TM {
		*NODE_NAME "Bip01 R Finger0"
		*TM_ROW0 0.298945	-0.933648	-0.197316
		*TM_ROW1 0.387491	-0.0701912	0.919197
		*TM_ROW2 -0.872056	-0.351248	0.340797
		*TM_ROW3 -23.8942	-48.1168	107.831
		*TM_POS -23.8942	-48.1168	107.831
		*TM_ROTAXIS -0.650467	0.345466	0.676422
		*TM_ROTANGLE 1.78772
		*TM_SCALE 1	1	1
		*TM_SCALEAXIS 0	0	0
		*TM_SCALEAXISANG 0	0	0
	}
}
*HELPEROBJECT {
	*NODE_NAME "zs_RightHand"
	*NODE_PARENT "Bip01 R Hand"
	*NODE_TM {
		*NODE_NAME "zs_RightHand"
		*TM_ROW0 0.741811	0.350039	-0.572004
		*TM_ROW1 -0.242274	0.93524	0.258126
		*TM_ROW2 0.625315	-0.0528985	0.778577
		*TM_ROW3 -93.4466	-192.591	228.57
		*TM_POS -93.4466	-192.591	228.57
		*TM_ROTAXIS -0.226769	-0.872969	-0.431858
		*TM_ROTANGLE 0.755667
		*TM_SCALE 1	1	1
		*TM_SCALEAXIS 0	0	0
		*TM_SCALEAXISANG 0	0	0
	}
}
*HELPEROBJECT {
	*NODE_NAME "zs_Crossbow"
	*NODE_PARENT "Bip01 Spine2"
	*NODE_TM {
		*NODE_NAME "zs_Crossbow"
		*TM_ROW0 0.145528	-0.600662	0.786146
		*TM_ROW1 -0.949022	-0.309317	-0.0606576
		*TM_ROW2 0.279604	-0.737243	-0.615057
		*TM_ROW3 131.653	-180.659	1476.16
		*TM_POS 131.653	-180.659	1476.16
		*TM_ROTAXIS -0.740108	0.554101	-0.381067
		*TM_ROTANGLE 2.66688
		*TM_SCALE 1	1	1
		*TM_SCALEAXIS 0	0	0
		*TM_SCALEAXISANG 0	0	0
	}
}
*HELPEROBJECT {
	*NODE_NAME "zs_Longsword"
	*NODE_PARENT "Bip01 Spine2"
	*NODE_TM {
		*NODE_NAME "zs_Longsword"
		*TM_ROW0 0.0218455	-0.62423	0.780935
		*TM_ROW1 -0.967288	-0.210663	-0.141332
		*TM_ROW2 0.252738	-0.752302	-0.608412
		*TM_ROW3 -22.9602	-219.588	1240.79
		*TM_POS -22.9602	-219.588	1240.79
		*TM_ROTAXIS -0.69628	0.60195	-0.39096
		*TM_ROTANGLE 2.6874
		*TM_SCALE 1	1	1
		*TM_SCALEAXIS 0	0	0
		*TM_SCALEAXISANG 0	0	0
	}
}
*HELPEROBJECT {
	*NODE_NAME "zs_Shield"
	*NODE_PARENT "Bip01 Spine2"
	*NODE_TM {
		*NODE_NAME "zs_Shield"
		*TM_ROW0 -0.521115	0.4264	-0.739339
		*TM_ROW1 -0.848377	-0.16415	0.5033
		*TM_ROW2 0.0932441	0.889516	0.447289
		*TM_ROW3 96.0378	396.892	483.216
		*TM_POS 96.0378	396.892	483.216
		*TM_ROTAXIS 0.245872	-0.530037	-0.811546
		*TM_ROTANGLE 2.23825
		*TM_SCALE 1	1	1
		*TM_SCALEAXIS 0	0	0
		*TM_SCALEAXISANG 0	0	0
	}
}
*HELPEROBJECT {
	*NODE_NAME "zs_Bow"
	*NODE_PARENT "Bip01 Spine2"
	*NODE_TM {
		*NODE_NAME "zs_Bow"
		*TM_ROW0 0.199107	-0.562266	0.802629
		*TM_ROW1 -0.272738	0.754875	0.596471
		*TM_ROW2 -0.94126	-0.337669	-0.0030503
		*TM_ROW3 -183.538	426.543	392.436
		*TM_POS -183.538	426.543	392.436
		*TM_ROTAXIS -0.467211	0.872207	0.144808
		*TM_ROTANGLE 1.59533
		*TM_SCALE 1	1	1
		*TM_SCALEAXIS 0	0	0
		*TM_SCALEAXISANG 0	0	0
	}
}
*HELPEROBJECT {
	*NODE_NAME "zs_Sword"
	*NODE_PARENT "Bip01 Spine"
	*NODE_TM {
		*NODE_NAME "zs_Sword"
		*TM_ROW0 0.494631	-0.622189	0.606812
		*TM_ROW1 -0.380028	0.47308	0.794842
		*TM_ROW2 -0.781613	-0.623759	-0.00244898
		*TM_ROW3 194.081	243.666	162.666
		*TM_POS 194.081	243.666	162.666
		*TM_ROTAXIS -0.709408	0.694317	0.121099
		*TM_ROTANGLE 1.58817
		*TM_SCALE 1	1	1
		*TM_SCALEAXIS 0	0	0
		*TM_SCALEAXISANG 0	0	0
	}
}
*HELPEROBJECT {
	*NODE_NAME "Bip01 L Thigh"
	*NODE_PARENT "Bip01 Pelvis"
	*NODE_TM {
		*NODE_NAME "Bip01 L Thigh"
		*TM_ROW0 0.337477	-0.406319	-0.849125
		*TM_ROW1 0.57627	-0.624084	0.527667
		*TM_ROW2 -0.744326	-0.667401	0.0235359
		*TM_ROW3 -15.5045	17.6747	93.0103
		*TM_POS -15.5045	17.6747	93.0103
		*TM_ROTAXIS -0.770666	-0.0675821	0.633645
		*TM_ROTANGLE 2.25433
		*TM_SCALE 1	1	1
		*TM_SCALEAXIS 0	0	0
		*TM_SCALEAXISANG 0	0	0
	}
	*TM_ANIMATION {
		*NODE_NAME "Bip01 L Thigh"
		*CONTROL_POS_TRACK {
			*CONTROL_POS_SAMPLE 192	-15.5045	17.6747	93.0103
			*CONTROL_POS_SAMPLE 384	-15.7763	16.3662	91.2846
			*CONTROL_POS_SAMPLE 576	-14.8059	13.8486	89.8297
			*CONTROL_POS_SAMPLE 768	-12.9228	10.4197	88.5985
			*CONTROL_POS_SAMPLE 960	-10.4567	6.37726	87.5441
			*CONTROL_POS_SAMPLE 1152	-7.73734	2.0191	86.6194
			*CONTROL_POS_SAMPLE 1344	-5.09424	-2.357	85.7776
			*CONTROL_POS_SAMPLE 1536	-2.85709	-6.45324	84.9715
			*CONTROL_POS_SAMPLE 1728	-1.01453	-10.7916	84.5613
			*CONTROL_POS_SAMPLE 1920	1.01083	-15.768	84.687
			*CONTROL_POS_SAMPLE 2112	3.73838	-20.8958	84.9715
			*CONTROL_POS_SAMPLE 2304	7.47333	-26.2564	85.2037
			*CONTROL_POS_SAMPLE 2496	11.7937	-31.8866	85.428
			*CONTROL_POS_SAMPLE 2688	16.1282	-37.2328	85.6505
			*CONTROL_POS_SAMPLE 2880	19.9053	-41.7412	85.8769
			*CONTROL_POS_SAMPLE 3072	22.3825	-44.1924	86.1133
			*CONTROL_POS_SAMPLE 3264	24.2074	-45.4822	86.3655
			*CONTROL_POS_SAMPLE 3456	26.8944	-48.2302	86.6395
			*CONTROL_POS_SAMPLE 3648	31.1482	-53.5813	86.9411
			*CONTROL_POS_SAMPLE 3840	36.146	-60.1464	87.2764
			*CONTROL_POS_SAMPLE 4032	41.1104	-66.744	87.6511
			*CONTROL_POS_SAMPLE 4224	45.2643	-72.1924	88.0713
			*CONTROL_POS_SAMPLE 4416	46.621	-74.1754	88.5428
			*CONTROL_POS_SAMPLE 4608	47.8315	-75.11	89.3065
			*CONTROL_POS_SAMPLE 4800	51.7371	-77.8354	90.4481
			*CONTROL_POS_SAMPLE 4992	56.493	-80.9717	91.7409
			*CONTROL_POS_SAMPLE 5184	61.249	-84.1079	92.9581
		}
		*CONTROL_ROT_TRACK {
			*CONTROL_ROT_SAMPLE 192	-0.770666	-0.0675821	0.633645	2.25433
			*CONTROL_ROT_SAMPLE 384	-0.793784	-0.00106178	0.608199	2.1558
			*CONTROL_ROT_SAMPLE 576	-0.819344	0.0673122	0.569337	2.08393
			*CONTROL_ROT_SAMPLE 768	-0.835486	0.114752	0.537396	2.04745
			*CONTROL_ROT_SAMPLE 960	-0.842532	0.137083	0.520912	2.03653
			*CONTROL_ROT_SAMPLE 1152	-0.846624	0.145396	0.511944	2.04263
			*CONTROL_ROT_SAMPLE 1344	-0.84914	0.14514	0.507834	2.05837
			*CONTROL_ROT_SAMPLE 1536	-0.849713	0.134344	0.509842	2.08705
			*CONTROL_ROT_SAMPLE 1728	-0.848806	0.108692	0.517412	2.13427
			*CONTROL_ROT_SAMPLE 1920	-0.847789	0.0800723	0.524254	2.18316
			*CONTROL_ROT_SAMPLE 2112	-0.852986	0.0867011	0.514682	2.1719
			*CONTROL_ROT_SAMPLE 2304	-0.855028	0.0756604	0.513033	2.17548
			*CONTROL_ROT_SAMPLE 2496	-0.854528	0.0536566	0.516627	2.19183
			*CONTROL_ROT_SAMPLE 2688	-0.851495	0.0232658	0.523846	2.21874
			*CONTROL_ROT_SAMPLE 2880	-0.846755	-0.0095567	0.531897	2.24978
			*CONTROL_ROT_SAMPLE 3072	-0.842198	-0.0335801	0.538121	2.26857
			*CONTROL_ROT_SAMPLE 3264	-0.8379	-0.0512053	0.543416	2.27818
			*CONTROL_ROT_SAMPLE 3456	-0.831052	-0.0786018	0.550612	2.30476
			*CONTROL_ROT_SAMPLE 3648	-0.81777	-0.125861	0.561615	2.36656
			*CONTROL_ROT_SAMPLE 3840	-0.791424	-0.195755	0.579075	2.47642
			*CONTROL_ROT_SAMPLE 4032	-0.754638	-0.270543	0.597769	2.60943
			*CONTROL_ROT_SAMPLE 4224	-0.737998	-0.297902	0.605487	2.65994
			*CONTROL_ROT_SAMPLE 4416	-0.77822	-0.218011	0.588936	2.5102
			*CONTROL_ROT_SAMPLE 4608	-0.819139	-0.105828	0.563748	2.31341
			*CONTROL_ROT_SAMPLE 4800	-0.829173	-0.0325626	0.558043	2.18872
			*CONTROL_ROT_SAMPLE 4992	-0.81345	-0.0161708	0.58141	2.1572
			*CONTROL_ROT_SAMPLE 5184	-0.780141	-0.0549684	0.623184	2.21349
		}
	}
}
*HELPEROBJECT {
	*NODE_NAME "Bip01 L Calf"
	*NODE_PARENT "Bip01 L Thigh"
	*NODE_TM {
		*NODE_NAME "Bip01 L Calf"
		*TM_ROW0 -0.031378	-0.000253089	-0.999508
		*TM_ROW1 0.667079	-0.744698	-0.0207533
		*TM_ROW2 -0.744326	-0.667401	0.023536
		*TM_ROW3 -2.22656	1.6881	59.6016
		*TM_POS -2.22656	1.6881	59.6016
		*TM_ROTAXIS 0.671047	0.26481	-0.692511
		*TM_ROTANGLE 3.64432
		*TM_SCALE 1	1	1
		*TM_SCALEAXIS 0	0	0
		*TM_SCALEAXISANG 0	0	0
	}
	*TM_ANIMATION {
		*NODE_NAME "Bip01 L Calf"
		*CONTROL_POS_TRACK {
			*CONTROL_POS_SAMPLE 192	-2.22656	1.6881	59.6016
			*CONTROL_POS_SAMPLE 384	0.977825	-3.53257	61.7659
			*CONTROL_POS_SAMPLE 576	5.25897	-8.90213	64.7733
			*CONTROL_POS_SAMPLE 768	9.09041	-13.8701	66.8398
			*CONTROL_POS_SAMPLE 960	12.346	-18.5199	67.3406
			*CONTROL_POS_SAMPLE 1152	15.399	-22.9669	66.9109
			*CONTROL_POS_SAMPLE 1344	18.133	-27.1301	65.9078
			*CONTROL_POS_SAMPLE 1536	20.1514	-30.607	64.1096
			*CONTROL_POS_SAMPLE 1728	21.458	-33.5706	61.6676
			*CONTROL_POS_SAMPLE 1920	22.929	-36.8528	59.7262
			*CONTROL_POS_SAMPLE 2112	26.3035	-42.1517	60.743
			*CONTROL_POS_SAMPLE 2304	30.222	-46.8547	60.582
			*CONTROL_POS_SAMPLE 2496	34.3477	-51.2715	59.6684
			*CONTROL_POS_SAMPLE 2688	38.1257	-54.9161	58.2383
			*CONTROL_POS_SAMPLE 2880	41.1227	-57.5088	56.7355
			*CONTROL_POS_SAMPLE 3072	42.9409	-58.5885	55.8128
			*CONTROL_POS_SAMPLE 3264	44.2132	-58.9478	55.2775
			*CONTROL_POS_SAMPLE 3456	45.9152	-60.0245	54.2803
			*CONTROL_POS_SAMPLE 3648	48.1491	-62.1005	52.4969
			*CONTROL_POS_SAMPLE 3840	49.2227	-63.3168	50.3039
			*CONTROL_POS_SAMPLE 4032	48.9201	-63.7229	49.2077
			*CONTROL_POS_SAMPLE 4224	50.8153	-66.9121	49.4795
			*CONTROL_POS_SAMPLE 4416	57.9242	-75.7893	50.8911
			*CONTROL_POS_SAMPLE 4608	65.4779	-85.7333	55.7839
			*CONTROL_POS_SAMPLE 4800	71.6652	-94.0538	60.6513
			*CONTROL_POS_SAMPLE 4992	75.1619	-99.2215	62.3057
			*CONTROL_POS_SAMPLE 5184	75.9657	-101.037	60.6339
		}
		*CONTROL_ROT_TRACK {
			*CONTROL_ROT_SAMPLE 192	0.671047	0.26481	-0.692511	3.64432
			*CONTROL_ROT_SAMPLE 384	0.667172	0.27065	-0.693996	3.62212
			*CONTROL_ROT_SAMPLE 576	0.681892	0.263773	-0.682237	3.62587
			*CONTROL_ROT_SAMPLE 768	-0.698214	-0.254192	0.669241	2.64488
			*CONTROL_ROT_SAMPLE 960	-0.709266	-0.245861	0.660677	2.63368
			*CONTROL_ROT_SAMPLE 1152	-0.720717	-0.235505	0.652	2.61988
			*CONTROL_ROT_SAMPLE 1344	-0.730881	-0.226182	0.643937	2.60951
			*CONTROL_ROT_SAMPLE 1536	-0.74139	-0.214458	0.635884	2.59777
			*CONTROL_ROT_SAMPLE 1728	-0.753111	-0.201241	0.62636	2.58435
			*CONTROL_ROT_SAMPLE 1920	-0.760674	-0.197435	0.61838	2.58497
			*CONTROL_ROT_SAMPLE 2112	-0.740365	-0.248089	0.624749	2.66287
			*CONTROL_ROT_SAMPLE 2304	-0.717672	-0.295849	0.630413	2.73346
			*CONTROL_ROT_SAMPLE 2496	-0.692786	-0.341635	0.635085	2.80405
			*CONTROL_ROT_SAMPLE 2688	-0.66903	-0.381243	0.638007	2.86595
			*CONTROL_ROT_SAMPLE 2880	-0.649522	-0.411799	0.639174	2.91218
			*CONTROL_ROT_SAMPLE 3072	0.637456	0.428386	-0.640418	3.35069
			*CONTROL_ROT_SAMPLE 3264	0.62884	0.43796	-0.642457	3.34285
			*CONTROL_ROT_SAMPLE 3456	0.616893	0.453833	-0.643023	3.32154
			*CONTROL_ROT_SAMPLE 3648	0.600506	0.478608	-0.640568	3.2806
			*CONTROL_ROT_SAMPLE 3840	0.584813	0.502988	-0.636393	3.23077
			*CONTROL_ROT_SAMPLE 4032	0.578501	0.513882	-0.633453	3.19951
			*CONTROL_ROT_SAMPLE 4224	0.574645	0.51716	-0.634293	3.18752
			*CONTROL_ROT_SAMPLE 4416	0.561356	0.524652	-0.640015	3.1773
			*CONTROL_ROT_SAMPLE 4608	0.565857	0.502564	-0.653632	3.2259
			*CONTROL_ROT_SAMPLE 4800	0.583234	0.455346	-0.67268	3.30717
			*CONTROL_ROT_SAMPLE 4992	0.617677	0.379614	-0.688744	3.43844
			*CONTROL_ROT_SAMPLE 5184	0.665555	0.278467	-0.692454	3.63783
		}
	}
}
*HELPEROBJECT {
	*NODE_NAME "Bip01 L Foot"
	*NODE_PARENT "Bip01 L Calf"
	*NODE_TM {
		*NODE_NAME "Bip01 L Foot"
		*TM_ROW0 0.0195879	0.00534469	-0.999794
		*TM_ROW1 0.448578	-0.893735	0.00401078
		*TM_ROW2 -0.893529	-0.448564	-0.0199039
		*TM_ROW3 -3.76714	1.67568	10.5281
		*TM_POS -3.76714	1.67568	10.5281
		*TM_ROTAXIS -0.704597	-0.16544	0.690053
		*TM_ROTANGLE 2.81464
		*TM_SCALE 1	1	1
		*TM_SCALEAXIS 0	0	0
		*TM_SCALEAXISANG 0	0	0
	}
	*TM_ANIMATION {
		*NODE_NAME "Bip01 L Foot"
		*CONTROL_POS_TRACK {
			*CONTROL_POS_SAMPLE 192	-3.76714	1.67568	10.5281
			*CONTROL_POS_SAMPLE 384	-1.32597	-2.55591	12.7321
			*CONTROL_POS_SAMPLE 576	4.84034	-7.85046	15.6887
			*CONTROL_POS_SAMPLE 768	10.904	-13.1535	17.7809
			*CONTROL_POS_SAMPLE 960	15.7264	-18.2535	18.3602
			*CONTROL_POS_SAMPLE 1152	20.4461	-23.362	18.075
			*CONTROL_POS_SAMPLE 1344	24.6517	-28.0588	17.2537
			*CONTROL_POS_SAMPLE 1536	28.2174	-32.2741	15.7077
			*CONTROL_POS_SAMPLE 1728	31.2691	-36.0777	13.6256
			*CONTROL_POS_SAMPLE 1920	33.7727	-39.259	11.9015
			*CONTROL_POS_SAMPLE 2112	33.5246	-39.259	12.2654
			*CONTROL_POS_SAMPLE 2304	33.6557	-39.1463	12.215
			*CONTROL_POS_SAMPLE 2496	33.8199	-39.0125	12.1287
			*CONTROL_POS_SAMPLE 2688	34.0041	-38.8683	12.0208
			*CONTROL_POS_SAMPLE 2880	34.1951	-38.7247	11.9053
			*CONTROL_POS_SAMPLE 3072	34.3798	-38.5925	11.7964
			*CONTROL_POS_SAMPLE 3264	34.545	-38.4824	11.7083
			*CONTROL_POS_SAMPLE 3456	34.6775	-38.4054	11.6551
			*CONTROL_POS_SAMPLE 3648	34.7642	-38.3723	11.6509
			*CONTROL_POS_SAMPLE 3840	33.8368	-37.2725	11.6315
			*CONTROL_POS_SAMPLE 4032	32.7396	-36.3561	11.7933
			*CONTROL_POS_SAMPLE 4224	34.1781	-39.1753	12.541
			*CONTROL_POS_SAMPLE 4416	39.7914	-48.0001	14.7035
			*CONTROL_POS_SAMPLE 4608	47.9403	-60.5604	17.4519
			*CONTROL_POS_SAMPLE 4800	56.4129	-73.5976	18.705
			*CONTROL_POS_SAMPLE 4992	64.8563	-86.5917	15.993
			*CONTROL_POS_SAMPLE 5184	73.6639	-100.122	11.5987
		}
		*CONTROL_ROT_TRACK {
			*CONTROL_ROT_SAMPLE 192	-0.704597	-0.16544	0.690053	2.81464
			*CONTROL_ROT_SAMPLE 384	-0.703733	-0.181193	0.686971	2.78419
			*CONTROL_ROT_SAMPLE 576	-0.703795	-0.180155	0.68718	2.78619
			*CONTROL_ROT_SAMPLE 768	-0.704002	-0.176629	0.687883	2.793
			*CONTROL_ROT_SAMPLE 960	-0.704142	-0.174141	0.688374	2.7978
			*CONTROL_ROT_SAMPLE 1152	-0.704409	-0.169167	0.689341	2.80742
			*CONTROL_ROT_SAMPLE 1344	-0.704597	-0.16544	0.690053	2.81464
			*CONTROL_ROT_SAMPLE 1536	-0.704637	-0.164612	0.69021	2.81624
			*CONTROL_ROT_SAMPLE 1728	-0.704617	-0.165026	0.690132	2.81544
			*CONTROL_ROT_SAMPLE 1920	-0.704597	-0.16544	0.690053	2.81464
			*CONTROL_ROT_SAMPLE 2112	-0.704597	-0.16544	0.690053	2.81464
			*CONTROL_ROT_SAMPLE 2304	-0.704597	-0.16544	0.690053	2.81464
			*CONTROL_ROT_SAMPLE 2496	-0.704597	-0.16544	0.690053	2.81464
			*CONTROL_ROT_SAMPLE 2688	-0.704597	-0.16544	0.690053	2.81464
			*CONTROL_ROT_SAMPLE 2880	-0.704597	-0.16544	0.690053	2.81464
			*CONTROL_ROT_SAMPLE 3072	-0.704597	-0.16544	0.690053	2.81464
			*CONTROL_ROT_SAMPLE 3264	-0.704597	-0.16544	0.690053	2.81464
			*CONTROL_ROT_SAMPLE 3456	-0.704597	-0.16544	0.690053	2.81464
			*CONTROL_ROT_SAMPLE 3648	-0.704597	-0.16544	0.690053	2.81464
			*CONTROL_ROT_SAMPLE 3840	-0.704597	-0.16544	0.690053	2.81464
			*CONTROL_ROT_SAMPLE 4032	-0.704597	-0.16544	0.690053	2.81464
			*CONTROL_ROT_SAMPLE 4224	-0.704597	-0.16544	0.690053	2.81464
			*CONTROL_ROT_SAMPLE 4416	-0.704597	-0.16544	0.690053	2.81464
			*CONTROL_ROT_SAMPLE 4608	-0.704597	-0.16544	0.690053	2.81464
			*CONTROL_ROT_SAMPLE 4800	-0.704597	-0.16544	0.690053	2.81464
			*CONTROL_ROT_SAMPLE 4992	-0.704597	-0.16544	0.690053	2.81464
			*CONTROL_ROT_SAMPLE 5184	-0.704597	-0.16544	0.690053	2.81464
		}
	}
}
*HELPEROBJECT {
	*NODE_NAME "Bip01 L Toe0"
	*NODE_PARENT "Bip01 L Foot"
	*NODE_TM {
		*NODE_NAME "Bip01 L Toe0"
		*TM_ROW0 0.448584	-0.893732	0.00393956
		*TM_ROW1 -0.0195529	-0.00540697	0.999794
		*TM_ROW2 -0.893527	-0.448569	-0.0199005
		*TM_ROW3 6.63771	-18.4944	-2.0052
		*TM_POS 6.63771	-18.4944	-2.0052
		*TM_ROTAXIS -0.756308	0.46864	0.45648
		*TM_ROTANGLE 1.86331
		*TM_SCALE 1	1	1
		*TM_SCALEAXIS 0	0	0
		*TM_SCALEAXISANG 0	0	0
	}
	*TM_ANIMATION {
		*NODE_NAME "Bip01 L Toe0"
		*CONTROL_POS_TRACK {
			*CONTROL_POS_SAMPLE 192	6.63771	-18.4944	-2.0052
			*CONTROL_POS_SAMPLE 384	9.99077	-22.2452	0.224476
			*CONTROL_POS_SAMPLE 576	16.0977	-27.5726	3.17933
			*CONTROL_POS_SAMPLE 768	21.959	-32.9861	5.26554
			*CONTROL_POS_SAMPLE 960	26.6378	-38.1629	5.8407
			*CONTROL_POS_SAMPLE 1152	31.0688	-43.4218	5.54747
			*CONTROL_POS_SAMPLE 1344	35.0565	-48.2289	4.72036
			*CONTROL_POS_SAMPLE 1536	38.5737	-52.4684	3.17311
			*CONTROL_POS_SAMPLE 1728	41.6497	-56.2599	1.09165
			*CONTROL_POS_SAMPLE 1920	44.1776	-59.4291	-0.631811
			*CONTROL_POS_SAMPLE 2112	43.9295	-59.4291	-0.267863
			*CONTROL_POS_SAMPLE 2304	44.0606	-59.3164	-0.318319
			*CONTROL_POS_SAMPLE 2496	44.2248	-59.1826	-0.404603
			*CONTROL_POS_SAMPLE 2688	44.409	-59.0384	-0.512557
			*CONTROL_POS_SAMPLE 2880	44.6	-58.8948	-0.628037
			*CONTROL_POS_SAMPLE 3072	44.7846	-58.7626	-0.736915
			*CONTROL_POS_SAMPLE 3264	44.9498	-58.6525	-0.825044
			*CONTROL_POS_SAMPLE 3456	45.0823	-58.5755	-0.878253
			*CONTROL_POS_SAMPLE 3648	45.169	-58.5424	-0.882434
			*CONTROL_POS_SAMPLE 3840	44.2417	-57.4425	-0.901779
			*CONTROL_POS_SAMPLE 4032	43.1445	-56.5262	-0.739999
			*CONTROL_POS_SAMPLE 4224	44.583	-59.3454	0.00772702
			*CONTROL_POS_SAMPLE 4416	50.1962	-68.1702	2.17019
			*CONTROL_POS_SAMPLE 4608	58.3452	-80.7305	4.91862
			*CONTROL_POS_SAMPLE 4800	66.8178	-93.7677	6.17165
			*CONTROL_POS_SAMPLE 4992	75.2612	-106.762	3.45971
			*CONTROL_POS_SAMPLE 5184	84.0688	-120.292	-0.934572
		}
		*CONTROL_ROT_TRACK {
			*CONTROL_ROT_SAMPLE 192	-0.756308	0.46864	0.45648	1.86331
			*CONTROL_ROT_SAMPLE 384	-0.772427	0.456071	0.441991	1.84531
			*CONTROL_ROT_SAMPLE 576	-0.771375	0.456912	0.442959	1.84648
			*CONTROL_ROT_SAMPLE 768	-0.767788	0.459756	0.446234	1.85046
			*CONTROL_ROT_SAMPLE 960	-0.765249	0.461751	0.448532	1.85329
			*CONTROL_ROT_SAMPLE 1152	-0.76015	0.465705	0.453092	1.85899
			*CONTROL_ROT_SAMPLE 1344	-0.756308	0.46864	0.45648	1.86331
			*CONTROL_ROT_SAMPLE 1536	-0.755453	0.469289	0.457229	1.86428
			*CONTROL_ROT_SAMPLE 1728	-0.755881	0.468965	0.456855	1.86379
			*CONTROL_ROT_SAMPLE 1920	-0.756308	0.46864	0.45648	1.86331
			*CONTROL_ROT_SAMPLE 2112	-0.756308	0.46864	0.45648	1.86331
			*CONTROL_ROT_SAMPLE 2304	-0.756308	0.46864	0.45648	1.86331
			*CONTROL_ROT_SAMPLE 2496	-0.756308	0.46864	0.45648	1.86331
			*CONTROL_ROT_SAMPLE 2688	-0.756308	0.46864	0.45648	1.86331
			*CONTROL_ROT_SAMPLE 2880	-0.756308	0.46864	0.45648	1.86331
			*CONTROL_ROT_SAMPLE 3072	-0.756308	0.46864	0.45648	1.86331
			*CONTROL_ROT_SAMPLE 3264	-0.756308	0.46864	0.45648	1.86331
			*CONTROL_ROT_SAMPLE 3456	-0.756308	0.46864	0.45648	1.86331
			*CONTROL_ROT_SAMPLE 3648	-0.756308	0.46864	0.45648	1.86331
			*CONTROL_ROT_SAMPLE 3840	-0.756308	0.46864	0.45648	1.86331
			*CONTROL_ROT_SAMPLE 4032	-0.756308	0.46864	0.45648	1.86331
			*CONTROL_ROT_SAMPLE 4224	-0.756308	0.46864	0.45648	1.86331
			*CONTROL_ROT_SAMPLE 4416	-0.756308	0.46864	0.45648	1.86331
			*CONTROL_ROT_SAMPLE 4608	-0.756308	0.46864	0.45648	1.86331
			*CONTROL_ROT_SAMPLE 4800	-0.756308	0.46864	0.45648	1.86331
			*CONTROL_ROT_SAMPLE 4992	-0.756308	0.46864	0.45648	1.86331
			*CONTROL_ROT_SAMPLE 5184	-0.756308	0.46864	0.45648	1.86331
		}
	}
}
*HELPEROBJECT {
	*NODE_NAME "Bip01 R Thigh"
	*NODE_PARENT "Bip01 Pelvis"
	*NODE_TM {
		*NODE_NAME "Bip01 R Thigh"
		*TM_ROW0 -0.137216	-0.196648	-0.970825
		*TM_ROW1 0.0500248	-0.980221	0.191481
		*TM_ROW2 -0.989277	-0.022291	0.14434
		*TM_ROW3 -29.5934	6.43922	92.9387
		*TM_POS -29.5934	6.43922	92.9387
		*TM_ROTAXIS 0.653867	-0.0564397	-0.754502
		*TM_ROTANGLE 3.3058
		*TM_SCALE 1	1	1
		*TM_SCALEAXIS 0	0	0
		*TM_SCALEAXISANG 0	0	0
	}
	*TM_ANIMATION {
		*NODE_NAME "Bip01 R Thigh"
		*CONTROL_POS_TRACK {
			*CONTROL_POS_SAMPLE 192	-29.5934	6.43922	92.9387
			*CONTROL_POS_SAMPLE 384	-29.8652	5.13074	91.213
			*CONTROL_POS_SAMPLE 576	-28.8947	2.61315	89.7581
			*CONTROL_POS_SAMPLE 768	-27.0117	-0.815757	88.5269
			*CONTROL_POS_SAMPLE 960	-24.5456	-4.85819	87.4725
			*CONTROL_POS_SAMPLE 1152	-21.8262	-9.21635	86.5478
			*CONTROL_POS_SAMPLE 1344	-19.1831	-13.5924	85.706
			*CONTROL_POS_SAMPLE 1536	-16.9459	-17.6887	84.8999
			*CONTROL_POS_SAMPLE 1728	-15.1034	-22.027	84.4897
			*CONTROL_POS_SAMPLE 1920	-13.078	-27.0035	84.6154
			*CONTROL_POS_SAMPLE 2112	-10.3505	-32.1312	84.8999
			*CONTROL_POS_SAMPLE 2304	-6.61552	-37.4918	85.1321
			*CONTROL_POS_SAMPLE 2496	-2.29513	-43.1221	85.3564
			*CONTROL_POS_SAMPLE 2688	2.03932	-48.4683	85.5789
			*CONTROL_POS_SAMPLE 2880	5.81645	-52.9767	85.8053
			*CONTROL_POS_SAMPLE 3072	8.29362	-55.4278	86.0417
			*CONTROL_POS_SAMPLE 3264	10.1186	-56.7177	86.2939
			*CONTROL_POS_SAMPLE 3456	12.8055	-59.4657	86.5679
			*CONTROL_POS_SAMPLE 3648	17.0593	-64.8167	86.8695
			*CONTROL_POS_SAMPLE 3840	22.0571	-71.3818	87.2048
			*CONTROL_POS_SAMPLE 4032	27.0216	-77.9794	87.5795
			*CONTROL_POS_SAMPLE 4224	31.1755	-83.4278	87.9997
			*CONTROL_POS_SAMPLE 4416	32.5322	-85.4108	88.4712
			*CONTROL_POS_SAMPLE 4608	33.7426	-86.3454	89.2349
			*CONTROL_POS_SAMPLE 4800	37.6482	-89.0709	90.3765
			*CONTROL_POS_SAMPLE 4992	42.4042	-92.2071	91.6693
			*CONTROL_POS_SAMPLE 5184	47.1601	-95.3434	92.8865
		}
		*CONTROL_ROT_TRACK {
			*CONTROL_ROT_SAMPLE 192	0.653867	-0.0564397	-0.754502	3.3058
			*CONTROL_ROT_SAMPLE 384	0.639918	-0.0975453	-0.762227	3.27117
			*CONTROL_ROT_SAMPLE 576	0.632993	-0.0984253	-0.767875	3.26215
			*CONTROL_ROT_SAMPLE 768	0.624974	-0.0838094	-0.776134	3.2371
			*CONTROL_ROT_SAMPLE 960	0.615556	-0.0577352	-0.785976	3.19524
			*CONTROL_ROT_SAMPLE 1152	0.604219	-0.023696	-0.796466	3.13449
			*CONTROL_ROT_SAMPLE 1344	0.588902	0.0211477	-0.807928	3.05521
			*CONTROL_ROT_SAMPLE 1536	0.577004	0.0723539	-0.81353	2.95894
			*CONTROL_ROT_SAMPLE 1728	0.571431	0.161186	-0.804665	2.74347
			*CONTROL_ROT_SAMPLE 1920	0.577613	0.177213	-0.796843	2.71523
			*CONTROL_ROT_SAMPLE 2112	0.585581	0.178126	-0.790801	2.72129
			*CONTROL_ROT_SAMPLE 2304	0.598762	0.0976228	-0.794955	2.94403
			*CONTROL_ROT_SAMPLE 2496	0.605432	0.0564087	-0.793896	3.06946
			*CONTROL_ROT_SAMPLE 2688	0.612614	0.0196628	-0.790138	3.18267
			*CONTROL_ROT_SAMPLE 2880	0.623272	-0.0204745	-0.781737	3.29615
			*CONTROL_ROT_SAMPLE 3072	0.64026	-0.0742211	-0.764564	3.42326
			*CONTROL_ROT_SAMPLE 3264	0.660613	-0.132443	-0.738951	3.54432
			*CONTROL_ROT_SAMPLE 3456	0.678402	-0.172512	-0.71415	3.62682
			*CONTROL_ROT_SAMPLE 3648	0.690996	-0.185891	-0.698548	3.66422
			*CONTROL_ROT_SAMPLE 3840	-0.700858	0.185691	0.688707	2.60352
			*CONTROL_ROT_SAMPLE 4032	-0.710083	0.181533	0.680314	2.59459
			*CONTROL_ROT_SAMPLE 4224	-0.720576	0.18071	0.669413	2.58042
			*CONTROL_ROT_SAMPLE 4416	-0.716852	0.165042	0.67741	2.60295
			*CONTROL_ROT_SAMPLE 4608	-0.712815	0.151133	0.684875	2.6226
			*CONTROL_ROT_SAMPLE 4800	0.698768	-0.118628	-0.705444	3.61894
			*CONTROL_ROT_SAMPLE 4992	0.68078	-0.0770199	-0.728427	3.56172
			*CONTROL_ROT_SAMPLE 5184	0.661672	-0.0313696	-0.749137	3.49171
		}
	}
}
*HELPEROBJECT {
	*NODE_NAME "Bip01 R Calf"
	*NODE_PARENT "Bip01 R Thigh"
	*NODE_TM {
		*NODE_NAME "Bip01 R Calf"
		*TM_ROW0 -0.139762	0.431359	-0.891289
		*TM_ROW1 -0.0423945	-0.901905	-0.429849
		*TM_ROW2 -0.989277	-0.022291	0.14434
		*TM_ROW3 -34.9921	-1.29787	54.7418
		*TM_POS -34.9921	-1.29787	54.7418
		*TM_ROTAXIS 0.644287	0.154904	-0.748932
		*TM_ROTANGLE 2.81978
		*TM_SCALE 1	1	1
		*TM_SCALEAXIS 0	0	0
		*TM_SCALEAXISANG 0	0	0
	}
	*TM_ANIMATION {
		*NODE_NAME "Bip01 R Calf"
		*CONTROL_POS_TRACK {
			*CONTROL_POS_SAMPLE 192	-34.9921	-1.29787	54.7418
			*CONTROL_POS_SAMPLE 384	-36.7922	-3.63562	53.4879
			*CONTROL_POS_SAMPLE 576	-36.539	-5.90517	52.1148
			*CONTROL_POS_SAMPLE 768	-35.5116	-7.84022	50.7589
			*CONTROL_POS_SAMPLE 960	-34.0391	-9.31083	49.5507
			*CONTROL_POS_SAMPLE 1152	-32.4423	-10.1205	48.6731
			*CONTROL_POS_SAMPLE 1344	-31.1421	-9.87187	48.4078
			*CONTROL_POS_SAMPLE 1536	-29.6557	-8.61691	48.7864
			*CONTROL_POS_SAMPLE 1728	-26.6811	-2.78859	52.1809
			*CONTROL_POS_SAMPLE 1920	-23.822	-6.34361	52.9018
			*CONTROL_POS_SAMPLE 2112	-20.462	-11.5848	52.9058
			*CONTROL_POS_SAMPLE 2304	-17.2579	-26.7979	48.7948
			*CONTROL_POS_SAMPLE 2496	-12.7316	-38.187	47.7434
			*CONTROL_POS_SAMPLE 2688	-7.75288	-48.7975	47.4735
			*CONTROL_POS_SAMPLE 2880	-2.67319	-58.7098	47.8175
			*CONTROL_POS_SAMPLE 3072	2.12115	-67.4549	49.0922
			*CONTROL_POS_SAMPLE 3264	6.88872	-74.7219	51.4596
			*CONTROL_POS_SAMPLE 3456	12.1274	-81.2485	53.8102
			*CONTROL_POS_SAMPLE 3648	18.0313	-87.9687	55.0724
			*CONTROL_POS_SAMPLE 3840	24.1934	-94.7859	55.65
			*CONTROL_POS_SAMPLE 4032	30.1997	-101.305	56.0544
			*CONTROL_POS_SAMPLE 4224	35.5898	-106.905	56.7372
			*CONTROL_POS_SAMPLE 4416	36.3323	-107.734	56.2956
			*CONTROL_POS_SAMPLE 4608	36.9289	-107.63	56.2981
			*CONTROL_POS_SAMPLE 4800	38.9763	-107.981	55.8995
			*CONTROL_POS_SAMPLE 4992	41.3648	-107.843	55.5799
			*CONTROL_POS_SAMPLE 5184	43.6083	-107.037	55.4879
		}
		*CONTROL_ROT_TRACK {
			*CONTROL_ROT_SAMPLE 192	0.644287	0.154904	-0.748932	2.81978
			*CONTROL_ROT_SAMPLE 384	0.645604	0.143735	-0.750024	2.70834
			*CONTROL_ROT_SAMPLE 576	0.639632	0.156195	-0.752645	2.66007
			*CONTROL_ROT_SAMPLE 768	0.629031	0.169236	-0.758735	2.62572
			*CONTROL_ROT_SAMPLE 960	0.615154	0.180439	-0.767481	2.6038
			*CONTROL_ROT_SAMPLE 1152	0.599536	0.187014	-0.778192	2.59454
			*CONTROL_ROT_SAMPLE 1344	0.580481	0.187647	-0.792358	2.61122
			*CONTROL_ROT_SAMPLE 1536	0.567478	0.185849	-0.80214	2.64878
			*CONTROL_ROT_SAMPLE 1728	0.571393	0.161513	-0.804626	2.74259
			*CONTROL_ROT_SAMPLE 1920	0.57757	0.177545	-0.7968	2.71436
			*CONTROL_ROT_SAMPLE 2112	0.585538	0.178462	-0.790757	2.72042
			*CONTROL_ROT_SAMPLE 2304	0.579676	0.245155	-0.777094	2.56837
			*CONTROL_ROT_SAMPLE 2496	0.575527	0.279129	-0.768671	2.50644
			*CONTROL_ROT_SAMPLE 2688	0.573367	0.303823	-0.760883	2.47142
