*3DSMAX_ASCIIEXPORT	110
*COMMENT "This file is part of Gothic Free Aim Copyright (C) 2016-2018  mud-freak (@szapp)"
*COMMENT "<http://github.com/szapp/GothicFreeAim>"
*COMMENT "Animations: second iteration"
*SCENE {
	*SCENE_FILENAME "cbowIK_T2_front.max"
	*SCENE_FIRSTFRAME 1
	*SCENE_LASTFRAME 30
	*SCENE_FRAMESPEED 25
	*SCENE_TICKSPERFRAME 192
	*SCENE_BACKGROUND_STATIC 0	0	0
	*SCENE_AMBIENT_STATIC 0.2	0.2	0.2
}
*HELPEROBJECT {
	*NODE_NAME "Bip01"
	*NODE_TM {
		*NODE_NAME "Bip01"
		*TM_ROW0 -0.223483	-0.973914	-0.0393292
		*TM_ROW1 0.974662	-0.222899	-0.0187185
		*TM_ROW2 0.00946376	-0.0425159	0.999051
		*TM_ROW3 -5.98919	-127.361	54.8827
		*TM_POS -5.98919	-127.361	54.8827
		*TM_ROTAXIS -0.012208	-0.0250306	0.999612
		*TM_ROTANGLE 1.79637
		*TM_SCALE 1	1	1
		*TM_SCALEAXIS 0	0	0
		*TM_SCALEAXISANG 0	0	0
	}
	*TM_ANIMATION {
		*NODE_NAME "Bip01"
		*CONTROL_POS_TRACK {
			*CONTROL_POS_SAMPLE 192	-5.9093	6.50497	48.4179
			*CONTROL_POS_SAMPLE 384	-5.94925	2.2525	52.198
			*CONTROL_POS_SAMPLE 576	-5.98919	-1.99998	54.9953
			*CONTROL_POS_SAMPLE 768	-5.98919	-6.29813	54.8332
			*CONTROL_POS_SAMPLE 960	-5.98919	-10.5963	53.7018
			*CONTROL_POS_SAMPLE 1152	-5.98919	-14.8945	52.9931
			*CONTROL_POS_SAMPLE 1344	-5.98919	-19.1926	52.1954
			*CONTROL_POS_SAMPLE 1536	-5.98919	-23.4908	51.4492
			*CONTROL_POS_SAMPLE 1728	-5.98919	-27.7889	50.8947
			*CONTROL_POS_SAMPLE 1920	-5.98919	-32.0871	50.6721
			*CONTROL_POS_SAMPLE 2112	-5.98919	-41.4082	50.8563
			*CONTROL_POS_SAMPLE 2304	-5.98919	-50.7293	51.3397
			*CONTROL_POS_SAMPLE 2496	-5.98919	-60.0503	51.989
			*CONTROL_POS_SAMPLE 2688	-5.98919	-64.667	52.671
			*CONTROL_POS_SAMPLE 2880	-5.98919	-69.2837	53.2522
			*CONTROL_POS_SAMPLE 3072	-5.98919	-73.9003	53.5994
			*CONTROL_POS_SAMPLE 3264	-5.98919	-78.517	53.6841
			*CONTROL_POS_SAMPLE 3456	-5.98919	-83.1336	53.6074
			*CONTROL_POS_SAMPLE 3648	-5.98919	-87.7503	53.43
			*CONTROL_POS_SAMPLE 3840	-5.98919	-92.367	53.2127
			*CONTROL_POS_SAMPLE 4032	-5.98919	-96.9836	53.0163
			*CONTROL_POS_SAMPLE 4224	-5.98919	-101.6	52.9016
			*CONTROL_POS_SAMPLE 4416	-5.98919	-108.04	52.824
			*CONTROL_POS_SAMPLE 4608	-5.98919	-114.481	52.8303
			*CONTROL_POS_SAMPLE 4800	-5.98919	-120.921	53.1187
			*CONTROL_POS_SAMPLE 4992	-5.98919	-127.361	54.8827
			*CONTROL_POS_SAMPLE 5184	-5.98919	-127.361	47.7375
			*CONTROL_POS_SAMPLE 5376	-5.98919	-127.361	47.7375
			*CONTROL_POS_SAMPLE 5568	-5.98919	-127.361	47.7375
			*CONTROL_POS_SAMPLE 5760	-5.98919	-127.361	47.7375
		}
		*CONTROL_ROT_TRACK {
			*CONTROL_ROT_SAMPLE 192	-0.012208	-0.0250306	0.999612	1.79637
			*CONTROL_ROT_SAMPLE 384	-0.0136155	-0.0266198	0.999553	1.81739
			*CONTROL_ROT_SAMPLE 576	-0.0147116	-0.0273107	0.999519	1.83056
			*CONTROL_ROT_SAMPLE 768	-0.0155422	-0.0273126	0.999506	1.83734
			*CONTROL_ROT_SAMPLE 960	-0.0161464	-0.0268198	0.99951	1.83916
			*CONTROL_ROT_SAMPLE 1152	-0.0165585	-0.0260202	0.999524	1.83748
			*CONTROL_ROT_SAMPLE 1344	-0.0168104	-0.0251004	0.999544	1.83374
			*CONTROL_ROT_SAMPLE 1536	-0.0169325	-0.0242486	0.999563	1.8294
			*CONTROL_ROT_SAMPLE 1728	-0.0169547	-0.0236566	0.999576	1.82591
			*CONTROL_ROT_SAMPLE 1920	-0.0169072	-0.0235176	0.99958	1.8247
			*CONTROL_ROT_SAMPLE 2112	-0.0167476	-0.0237306	0.999578	1.82481
			*CONTROL_ROT_SAMPLE 2304	-0.0164313	-0.0240504	0.999576	1.82435
			*CONTROL_ROT_SAMPLE 2496	-0.0159857	-0.0244551	0.999573	1.82339
			*CONTROL_ROT_SAMPLE 2688	-0.0154382	-0.0249224	0.99957	1.82201
			*CONTROL_ROT_SAMPLE 2880	-0.0148161	-0.0254303	0.999567	1.82029
			*CONTROL_ROT_SAMPLE 3072	-0.014147	-0.0259567	0.999563	1.8183
			*CONTROL_ROT_SAMPLE 3264	-0.0134583	-0.0264791	0.999559	1.81614
			*CONTROL_ROT_SAMPLE 3456	-0.0127777	-0.0269753	0.999554	1.81387
			*CONTROL_ROT_SAMPLE 3648	-0.0121333	-0.0274225	0.99955	1.81158
			*CONTROL_ROT_SAMPLE 3840	-0.0115531	-0.0277981	0.999547	1.80934
			*CONTROL_ROT_SAMPLE 4032	-0.0110653	-0.0280793	0.999544	1.80723
			*CONTROL_ROT_SAMPLE 4224	-0.0106984	-0.0282431	0.999544	1.80533
			*CONTROL_ROT_SAMPLE 4416	-0.0106959	-0.0279476	0.999552	1.80335
			*CONTROL_ROT_SAMPLE 4608	-0.0111147	-0.0270895	0.999571	1.80108
			*CONTROL_ROT_SAMPLE 4800	-0.011703	-0.0260048	0.999593	1.7987
			*CONTROL_ROT_SAMPLE 4992	-0.012208	-0.0250306	0.999612	1.79637
			*CONTROL_ROT_SAMPLE 5184	-0.012208	-0.0250306	0.999612	1.79637
			*CONTROL_ROT_SAMPLE 5376	-0.012208	-0.0250306	0.999612	1.79637
			*CONTROL_ROT_SAMPLE 5568	-0.012208	-0.0250306	0.999612	1.79637
			*CONTROL_ROT_SAMPLE 5760	-0.012208	-0.0250306	0.999612	1.79637
		}
	}
}
*HELPEROBJECT {
	*NODE_NAME "Bip01 Footsteps"
	*NODE_PARENT "Bip01"
	*NODE_TM {
		*NODE_NAME "Bip01 Footsteps"
		*TM_ROW0 1	0	0
		*TM_ROW1 0	1	0
		*TM_ROW2 0	0	1
		*TM_ROW3 -5.98919	-127.361	-2.93873
		*TM_POS -5.98919	-127.361	-2.93873
		*TM_ROTAXIS 0	0	0
		*TM_ROTANGLE 0
		*TM_SCALE 1	1	1
		*TM_SCALEAXIS 0	0	0
		*TM_SCALEAXISANG 0	0	0
	}
}
*HELPEROBJECT {
	*NODE_NAME "Bip01 Pelvis"
	*NODE_PARENT "Bip01"
	*NODE_TM {
		*NODE_NAME "Bip01 Pelvis"
		*TM_ROW0 -0.244782	0.0170215	0.969429
		*TM_ROW1 -0.223482	-0.973914	-0.0393292
		*TM_ROW2 0.943471	-0.226277	0.242201
		*TM_ROW3 -6.26121	-126.191	54.935
		*TM_POS -6.26121	-126.191	54.935
		*TM_ROTAXIS -0.611498	0.0849064	-0.786677
		*TM_ROTANGLE 2.98813
		*TM_SCALE 1	1	1
		*TM_SCALEAXIS 0	0	0
		*TM_SCALEAXISANG 0	0	0
	}
	*TM_ANIMATION {
		*NODE_NAME "Bip01 Pelvis"
		*CONTROL_POS_TRACK {
			*CONTROL_POS_SAMPLE 192	-6.18133	7.67536	48.4703
			*CONTROL_POS_SAMPLE 384	-6.19665	3.42813	52.2547
			*CONTROL_POS_SAMPLE 576	-6.22112	-0.821311	55.0544
			*CONTROL_POS_SAMPLE 768	-6.21317	-5.11797	54.8932
			*CONTROL_POS_SAMPLE 960	-6.21105	-9.41573	53.7615
			*CONTROL_POS_SAMPLE 1152	-6.21306	-13.7142	53.0517
			*CONTROL_POS_SAMPLE 1344	-6.21748	-18.0131	52.2526
			*CONTROL_POS_SAMPLE 1536	-6.22261	-22.3122	51.5049
			*CONTROL_POS_SAMPLE 1728	-6.22674	-26.6112	50.9493
			*CONTROL_POS_SAMPLE 1920	-6.22815	-30.9096	50.7264
			*CONTROL_POS_SAMPLE 2112	-6.22801	-40.2307	50.9108
			*CONTROL_POS_SAMPLE 2304	-6.22854	-49.5519	51.3945
			*CONTROL_POS_SAMPLE 2496	-6.22965	-58.8732	52.0442
			*CONTROL_POS_SAMPLE 2688	-6.23125	-63.4902	52.7264
			*CONTROL_POS_SAMPLE 2880	-6.23324	-68.1073	53.3079
			*CONTROL_POS_SAMPLE 3072	-6.23554	-72.7244	53.6554
			*CONTROL_POS_SAMPLE 3264	-6.23805	-77.3417	53.7404
			*CONTROL_POS_SAMPLE 3456	-6.24069	-81.9589	53.6639
			*CONTROL_POS_SAMPLE 3648	-6.24335	-86.5761	53.4867
			*CONTROL_POS_SAMPLE 3840	-6.24596	-91.1934	53.2695
			*CONTROL_POS_SAMPLE 4032	-6.24841	-95.8106	53.0732
			*CONTROL_POS_SAMPLE 4224	-6.25062	-100.428	52.9584
			*CONTROL_POS_SAMPLE 4416	-6.25294	-106.868	52.8802
			*CONTROL_POS_SAMPLE 4608	-6.25563	-113.309	52.8853
			*CONTROL_POS_SAMPLE 4800	-6.25846	-119.75	53.1724
			*CONTROL_POS_SAMPLE 4992	-6.26121	-126.191	54.935
			*CONTROL_POS_SAMPLE 5184	-6.26121	-126.191	47.7899
			*CONTROL_POS_SAMPLE 5376	-6.26121	-126.191	47.7899
			*CONTROL_POS_SAMPLE 5568	-6.26121	-126.191	47.7899
			*CONTROL_POS_SAMPLE 5760	-6.26121	-126.191	47.7899
		}
		*CONTROL_ROT_TRACK {
			*CONTROL_ROT_SAMPLE 192	-0.611498	0.0849064	-0.786677	2.98813
			*CONTROL_ROT_SAMPLE 384	-0.611202	0.0927709	-0.786019	2.97381
			*CONTROL_ROT_SAMPLE 576	-0.610768	0.0976731	-0.785762	2.96479
			*CONTROL_ROT_SAMPLE 768	-0.610264	0.100161	-0.78584	2.9601
			*CONTROL_ROT_SAMPLE 960	-0.609741	0.100782	-0.786167	2.95875
			*CONTROL_ROT_SAMPLE 1152	-0.60924	0.100088	-0.786644	2.95978
			*CONTROL_ROT_SAMPLE 1344	-0.6088	0.0986271	-0.787169	2.96222
			*CONTROL_ROT_SAMPLE 1536	-0.60846	0.096951	-0.78764	2.96508
			*CONTROL_ROT_SAMPLE 1728	-0.608261	0.0956092	-0.787958	2.9674
			*CONTROL_ROT_SAMPLE 1920	-0.608245	0.0951516	-0.788025	2.96821
			*CONTROL_ROT_SAMPLE 2112	-0.608408	0.0952092	-0.787893	2.96816
			*CONTROL_ROT_SAMPLE 2304	-0.608698	0.0950644	-0.787686	2.96853
			*CONTROL_ROT_SAMPLE 2496	-0.609093	0.0947443	-0.787419	2.96926
			*CONTROL_ROT_SAMPLE 2688	-0.609568	0.0942758	-0.787108	2.97028
			*CONTROL_ROT_SAMPLE 2880	-0.610099	0.0936859	-0.786767	2.97155
			*CONTROL_ROT_SAMPLE 3072	-0.610663	0.0930017	-0.78641	2.973
			*CONTROL_ROT_SAMPLE 3264	-0.611236	0.0922501	-0.786054	2.97458
			*CONTROL_ROT_SAMPLE 3456	-0.611794	0.0914582	-0.785712	2.97622
			*CONTROL_ROT_SAMPLE 3648	-0.612313	0.0906529	-0.785401	2.97788
			*CONTROL_ROT_SAMPLE 3840	-0.612771	0.0898613	-0.785135	2.9795
			*CONTROL_ROT_SAMPLE 4032	-0.613143	0.0891105	-0.78493	2.981
			*CONTROL_ROT_SAMPLE 4224	-0.613407	0.0884273	-0.784801	2.98235
			*CONTROL_ROT_SAMPLE 4416	-0.613312	0.0876821	-0.784959	2.98368
			*CONTROL_ROT_SAMPLE 4608	-0.612793	0.0867869	-0.785463	2.98514
			*CONTROL_ROT_SAMPLE 4800	-0.612104	0.0858317	-0.786106	2.98665
			*CONTROL_ROT_SAMPLE 4992	-0.611498	0.0849064	-0.786677	2.98813
			*CONTROL_ROT_SAMPLE 5184	-0.611498	0.0849064	-0.786677	2.98813
			*CONTROL_ROT_SAMPLE 5376	-0.611498	0.0849064	-0.786677	2.98813
			*CONTROL_ROT_SAMPLE 5568	-0.611498	0.0849064	-0.786677	2.98813
			*CONTROL_ROT_SAMPLE 5760	-0.611498	0.0849064	-0.786677	2.98813
		}
	}
}
*HELPEROBJECT {
	*NODE_NAME "Bip01 Spine"
	*NODE_PARENT "Bip01 Pelvis"
	*NODE_TM {
		*NODE_NAME "Bip01 Spine"
		*TM_ROW0 0.0615986	0.0199475	0.997902
		*TM_ROW1 -0.58775	-0.807343	0.052419
		*TM_ROW2 0.806694	-0.589745	-0.038007
		*TM_ROW3 -6.21572	-126.207	57.3359
		*TM_POS -6.21572	-126.207	57.3359
		*TM_ROTAXIS -0.709918	0.211381	-0.671814
		*TM_ROTANGLE 2.67227
		*TM_SCALE 1	1	1
		*TM_SCALEAXIS 0	0	0
		*TM_SCALEAXISANG 0	0	0
	}
}
*HELPEROBJECT {
	*NODE_NAME "Bip01 Spine1"
	*NODE_PARENT "Bip01 Spine"
	*NODE_TM {
		*NODE_NAME "Bip01 Spine1"
		*TM_ROW0 0.0362389	-0.0686068	0.996985
		*TM_ROW1 -0.769827	-0.638054	-0.0159252
		*TM_ROW2 0.637223	-0.766929	-0.0759377
		*TM_ROW3 -5.60254	-126.005	67.1426
		*TM_POS -5.60254	-126.005	67.1426
		*TM_ROTAXIS -0.689853	0.330468	-0.644123
		*TM_ROTANGLE 2.56601
		*TM_SCALE 1	1	1
		*TM_SCALEAXIS 0	0	0
		*TM_SCALEAXISANG 0	0	0
	}
}
*HELPEROBJECT {
	*NODE_NAME "Bip01 Spine2"
	*NODE_PARENT "Bip01 Spine1"
	*NODE_TM {
		*NODE_NAME "Bip01 Spine2"
		*TM_ROW0 -0.0121296	-0.182261	0.983175
		*TM_ROW1 -0.92638	-0.368069	-0.0796617
		*TM_ROW2 0.376396	-0.91176	-0.164379
		*TM_ROW3 -5.11694	-126.873	79.8958
		*TM_POS -5.11694	-126.873	79.8958
		*TM_ROTAXIS -0.654915	0.477575	-0.585669
		*TM_ROTANGLE 2.45323
		*TM_SCALE 1	1	1
		*TM_SCALEAXIS 0	0	0
		*TM_SCALEAXISANG 0	0	0
	}
}
*HELPEROBJECT {
	*NODE_NAME "Bip01 Neck"
	*NODE_PARENT "Bip01 Spine2"
	*NODE_TM {
		*NODE_NAME "Bip01 Neck"
		*TM_ROW0 -0.39014	-0.0816203	0.917131
		*TM_ROW1 -0.451599	-0.851068	-0.267847
		*TM_ROW2 0.802402	-0.518673	0.295176
		*TM_ROW3 -5.47817	-132.334	109.377
		*TM_POS -5.47817	-132.334	109.377
		*TM_ROTAXIS -0.543529	0.248612	-0.801728
		*TM_ROTANGLE 2.90876
		*TM_SCALE 1	1	1
		*TM_SCALEAXIS 0	0	0
		*TM_SCALEAXISANG 0	0	0
	}
}
*HELPEROBJECT {
	*NODE_NAME "Bip01 Head"
	*NODE_PARENT "Bip01 Neck"
	*NODE_TM {
		*NODE_NAME "Bip01 Head"
		*TM_ROW0 -0.445847	0.0435763	0.894048
		*TM_ROW1 0.0163127	-0.998253	0.0567902
		*TM_ROW2 0.894961	0.0399041	0.444357
		*TM_ROW3 -8.14642	-132.892	115.649
		*TM_POS -8.14642	-132.892	115.649
		*TM_ROTAXIS -0.526336	-0.028448	-0.8498
		*TM_ROTANGLE 3.12555
		*TM_SCALE 1	1	1
		*TM_SCALEAXIS 0	0	0
		*TM_SCALEAXISANG 0	0	0
	}
}
*HELPEROBJECT {
	*NODE_NAME "zs_Helmet"
	*NODE_PARENT "Bip01 Head"
	*NODE_TM {
		*NODE_NAME "zs_Helmet"
		*TM_ROW0 0.894961	0.039905	0.444357
		*TM_ROW1 0.0187171	0.991757	-0.126761
		*TM_ROW2 -0.445752	0.121763	0.886836
		*TM_ROW3 -132.566	-192.65	371.604
		*TM_POS -132.566	-192.65	371.604
		*TM_ROTAXIS 0.26885	0.962909	-0.0229209
		*TM_ROTANGLE 0.480472
		*TM_SCALE 1	1	1
		*TM_SCALEAXIS 0	0	0
		*TM_SCALEAXISANG 0	0	0
	}
}
*HELPEROBJECT {
	*NODE_NAME "Bip01 L Clavicle"
	*NODE_PARENT "Bip01 Neck"
	*NODE_TM {
		*NODE_NAME "Bip01 L Clavicle"
		*TM_ROW0 0.392173	-0.885572	-0.248921
		*TM_ROW1 0.919598	0.384257	0.0817692
		*TM_ROW2 0.0232373	-0.260975	0.965066
		*TM_ROW3 -0.12811	-137.711	102.986
		*TM_POS -0.12811	-137.711	102.986
		*TM_ROTAXIS -0.184522	-0.146521	0.971845
		*TM_ROTANGLE 1.19098
		*TM_SCALE 1	1	1
		*TM_SCALEAXIS 0	0	0
		*TM_SCALEAXISANG 0	0	0
	}
}
*HELPEROBJECT {
	*NODE_NAME "Bip01 L UpperArm"
	*NODE_PARENT "Bip01 L Clavicle"
	*NODE_TM {
		*NODE_NAME "Bip01 L UpperArm"
		*TM_ROW0 -0.512908	-0.737503	-0.439336
		*TM_ROW1 0.445851	0.208483	-0.870489
		*TM_ROW2 0.733582	-0.642359	0.221883
		*TM_ROW3 5.09799	-149.513	99.6691
		*TM_POS 5.09799	-149.513	99.6691
		*TM_ROTAXIS -0.135655	0.697461	-0.703666
		*TM_ROTANGLE 4.14044
		*TM_SCALE 1	1	1
		*TM_SCALEAXIS 0	0	0
		*TM_SCALEAXISANG 0	0	0
	}
}
*HELPEROBJECT {
	*NODE_NAME "Bip01 L Forearm"
	*NODE_PARENT "Bip01 L UpperArm"
	*NODE_TM {
		*NODE_NAME "Bip01 L Forearm"
		*TM_ROW0 -0.436474	-0.195072	0.878315
		*TM_ROW1 -0.52091	-0.741163	-0.423475
		*TM_ROW2 0.733582	-0.642359	0.221883
		*TM_ROW3 -9.21532	-170.093	87.4089
		*TM_POS -9.21532	-170.093	87.4089
		*TM_ROTAXIS -0.523191	0.345949	-0.778839
		*TM_ROTANGLE 2.93085
		*TM_SCALE 1	1	1
		*TM_SCALEAXIS 0	0	0
		*TM_SCALEAXISANG 0	0	0
	}
}
*HELPEROBJECT {
	*NODE_NAME "Bip01 L Hand"
	*NODE_PARENT "Bip01 L Forearm"
	*NODE_TM {
		*NODE_NAME "Bip01 L Hand"
		*TM_ROW0 -0.985851	0.0836732	-0.145248
		*TM_ROW1 -0.126203	0.199785	0.971678
		*TM_ROW2 0.110322	0.97626	-0.186399
		*TM_ROW3 -21.3564	-175.52	111.84
		*TM_POS -21.3564	-175.52	111.84
		*TM_ROTAXIS 0.0138549	-0.772735	-0.634578
		*TM_ROTANGLE 2.97546
		*TM_SCALE 1	1	1
		*TM_SCALEAXIS 0	0	0
		*TM_SCALEAXISANG 0	0	0
	}
}
*HELPEROBJECT {
	*NODE_NAME "Bip01 L Finger0"
	*NODE_PARENT "Bip01 L Hand"
	*NODE_TM {
		*NODE_NAME "Bip01 L Finger0"
		*TM_ROW0 -0.98585	0.0836757	-0.145251
		*TM_ROW1 -0.12629	0.199039	0.97182
		*TM_ROW2 0.110228	0.976413	-0.185655
		*TM_ROW3 -34.0442	-174.443	109.971
		*TM_POS -34.0442	-174.443	109.971
		*TM_ROTAXIS 0.0138868	-0.772492	-0.634873
		*TM_ROTANGLE 2.97547
		*TM_SCALE 1	1	1
		*TM_SCALEAXIS 0	0	0
		*TM_SCALEAXISANG 0	0	0
	}
}
*HELPEROBJECT {
	*NODE_NAME "zs_LeftHand"
	*NODE_PARENT "Bip01 L Hand"
	*NODE_TM {
		*NODE_NAME "zs_LeftHand"
		*TM_ROW0 0.024375	0.998895	-0.0401841
		*TM_ROW1 0.0675175	-0.0417492	-0.996844
		*TM_ROW2 -0.99742	0.0215849	-0.0684605
		*TM_ROW3 -146.505	-313.163	308.047
		*TM_POS -146.505	-313.163	308.047
		*TM_ROTAXIS -0.606362	-0.569929	0.554533
		*TM_ROTANGLE 4.13848
		*TM_SCALE 1	1	1
		*TM_SCALEAXIS 0	0	0
		*TM_SCALEAXISANG 0	0	0
	}
}
*HELPEROBJECT {
	*NODE_NAME "zs_LeftArm"
	*NODE_PARENT "Bip01 L Forearm"
	*NODE_TM {
		*NODE_NAME "zs_LeftArm"
		*TM_ROW0 -0.536218	-0.270946	0.799411
		*TM_ROW1 -0.405677	-0.7478	-0.525568
		*TM_ROW2 0.7402	-0.606122	0.291067
		*TM_ROW3 4.11488	-122.916	403.057
		*TM_POS 4.11488	-122.916	403.057
		*TM_ROTAXIS -0.48014	0.352927	-0.803062
		*TM_ROTANGLE 3.05761
		*TM_SCALE 1	1	1
		*TM_SCALEAXIS 0	0	0
		*TM_SCALEAXISANG 0	0	0
	}
}
*HELPEROBJECT {
	*NODE_NAME "Bip01 R Clavicle"
	*NODE_PARENT "Bip01 Neck"
	*NODE_TM {
		*NODE_NAME "Bip01 R Clavicle"
		*TM_ROW0 -0.874707	0.475434	-0.0940752
		*TM_ROW1 0.456922	0.873692	0.166988
		*TM_ROW2 0.161585	0.103081	-0.98146
		*TM_ROW3 -6.12337	-123.189	105.604
		*TM_POS -6.12337	-123.189	105.604
		*TM_ROTAXIS -0.241913	-0.967764	-0.0700733
		*TM_ROTANGLE 3.00912
		*TM_SCALE 1	1	1
		*TM_SCALEAXIS 0	0	0
		*TM_SCALEAXISANG 0	0	0
	}
}
*HELPEROBJECT {
	*NODE_NAME "Bip01 R UpperArm"
	*NODE_PARENT "Bip01 R Clavicle"
	*NODE_TM {
		*NODE_NAME "Bip01 R UpperArm"
		*TM_ROW0 -0.916774	-0.33527	-0.217069
		*TM_ROW1 -0.289976	0.932453	-0.215514
		*TM_ROW2 0.274662	-0.134633	-0.952069
		*TM_ROW3 -17.7797	-116.853	104.351
		*TM_POS -17.7797	-116.853	104.351
		*TM_ROTAXIS 0.161635	-0.98269	0.0905183
		*TM_ROTANGLE 2.88871
		*TM_SCALE 1	1	1
		*TM_SCALEAXIS 0	0	0
		*TM_SCALEAXISANG 0	0	0
	}
}
*HELPEROBJECT {
	*NODE_NAME "Bip01 R Forearm"
	*NODE_PARENT "Bip01 R UpperArm"
	*NODE_TM {
		*NODE_NAME "Bip01 R Forearm"
		*TM_ROW0 0.483406	-0.836587	0.25776
		*TM_ROW1 -0.831192	-0.531033	-0.164696
		*TM_ROW2 0.274662	-0.134633	-0.952069
		*TM_ROW3 -43.3634	-126.209	98.2933
		*TM_POS -43.3634	-126.209	98.2933
		*TM_ROTAXIS -0.86121	0.484175	-0.154568
		*TM_ROTANGLE 3.15905
		*TM_SCALE 1	1	1
		*TM_SCALEAXIS 0	0	0
		*TM_SCALEAXISANG 0	0	0
	}
}
*HELPEROBJECT {
	*NODE_NAME "Bip01 R Hand"
	*NODE_PARENT "Bip01 R Forearm"
	*NODE_TM {
		*NODE_NAME "Bip01 R Hand"
		*TM_ROW0 0.7551	-0.626242	0.194021
		*TM_ROW1 -0.132232	0.144381	0.980647
		*TM_ROW2 -0.642136	-0.766143	0.0262131
		*TM_ROW3 -29.9169	-149.48	105.463
		*TM_POS -29.9169	-149.48	105.463
		*TM_ROTAXIS -0.873998	0.418367	0.247176
		*TM_ROTANGLE 1.60796
		*TM_SCALE 1	1	1
		*TM_SCALEAXIS 0	0	0
		*TM_SCALEAXISANG 0	0	0
	}
}
*HELPEROBJECT {
	*NODE_NAME "Bip01 R Finger0"
	*NODE_PARENT "Bip01 R Hand"
	*NODE_TM {
		*NODE_NAME "Bip01 R Finger0"
		*TM_ROW0 0.7551	-0.626243	0.194021
		*TM_ROW1 -0.132722	0.143795	0.980667
		*TM_ROW2 -0.642035	-0.766252	0.0254635
		*TM_ROW3 -20.1988	-157.54	107.96
		*TM_POS -20.1988	-157.54	107.96
		*TM_ROTAXIS -0.874085	0.418327	0.246937
		*TM_ROTANGLE 1.60863
		*TM_SCALE 1	1	1
		*TM_SCALEAXIS 0	0	0
		*TM_SCALEAXISANG 0	0	0
	}
}
*HELPEROBJECT {
	*NODE_NAME "zs_RightHand"
	*NODE_PARENT "Bip01 R Hand"
	*NODE_TM {
		*NODE_NAME "zs_RightHand"
		*TM_ROW0 0.036562	0.998993	0.0260055
		*TM_ROW1 -0.993092	0.0392248	-0.110586
		*TM_ROW2 -0.111495	-0.0217826	0.993526
		*TM_ROW3 42.6266	-217.008	180.208
		*TM_POS 42.6266	-217.008	180.208
		*TM_ROTAXIS 0.0444283	0.0687914	-0.996641
		*TM_ROTANGLE 1.53613
		*TM_SCALE 1	1	1
		*TM_SCALEAXIS 0	0	0
		*TM_SCALEAXISANG 0	0	0
	}
}
*HELPEROBJECT {
	*NODE_NAME "zs_Crossbow"
	*NODE_PARENT "Bip01 Spine2"
	*NODE_TM {
		*NODE_NAME "zs_Crossbow"
		*TM_ROW0 -0.256691	0.141333	0.956104
		*TM_ROW1 -0.301124	0.928315	-0.21807
		*TM_ROW2 -0.918387	-0.343883	-0.195731
		*TM_ROW3 263.111	86.2722	1514.83
		*TM_POS 263.111	86.2722	1514.83
		*TM_ROTAXIS -0.0651843	0.971185	-0.22924
		*TM_ROTANGLE 1.83595
		*TM_SCALE 1	1	1
		*TM_SCALEAXIS 0	0	0
		*TM_SCALEAXISANG 0	0	0
	}
}
*HELPEROBJECT {
	*NODE_NAME "zs_Longsword"
	*NODE_PARENT "Bip01 Spine2"
	*NODE_TM {
		*NODE_NAME "zs_Longsword"
		*TM_ROW0 -0.425396	0.214058	0.879328
		*TM_ROW1 -0.162262	0.937841	-0.3068
		*TM_ROW2 -0.890343	-0.273193	-0.36422
		*TM_ROW3 39.9816	145.187	1193.92
		*TM_POS 39.9816	145.187	1193.92
		*TM_ROTAXIS 0.0185721	0.97796	-0.207963
		*TM_ROTANGLE 2.01074
		*TM_SCALE 1	1	1
		*TM_SCALEAXIS 0	0	0
		*TM_SCALEAXISANG 0	0	0
	}
}
*HELPEROBJECT {
	*NODE_NAME "zs_Shield"
	*NODE_PARENT "Bip01 Spine2"
	*NODE_TM {
		*NODE_NAME "zs_Shield"
		*TM_ROW0 0.276303	0.294224	-0.914926
		*TM_ROW1 0.02342	0.949642	0.312461
		*TM_ROW2 0.960785	-0.107762	0.255498
		*TM_ROW3 452.813	-210.225	374.543
		*TM_POS 452.813	-210.225	374.543
		*TM_ROTAXIS -0.216477	-0.966269	-0.139504
		*TM_ROTANGLE 1.32769
		*TM_SCALE 1	1	1
		*TM_SCALEAXIS 0	0	0
		*TM_SCALEAXISANG 0	0	0
	}
}
*HELPEROBJECT {
	*NODE_NAME "zs_Bow"
	*NODE_PARENT "Bip01 Spine2"
	*NODE_TM {
		*NODE_NAME "zs_Bow"
		*TM_ROW0 -0.374991	0.0532368	0.925499
		*TM_ROW1 0.89189	0.292979	0.344521
		*TM_ROW2 -0.252811	0.954636	-0.157346
		*TM_ROW3 483.973	37.7714	217.033
		*TM_POS 483.973	37.7714	217.033
		*TM_ROTAXIS -0.38868	-0.750654	-0.534273
		*TM_ROTANGLE 4.04406
		*TM_SCALE 1	1	1
		*TM_SCALEAXIS 0	0	0
		*TM_SCALEAXISANG 0	0	0
	}
}
*HELPEROBJECT {
	*NODE_NAME "zs_Sword"
	*NODE_PARENT "Bip01 Spine"
	*NODE_TM {
		*NODE_NAME "zs_Sword"
		*TM_ROW0 -0.134461	-0.245788	0.959952
		*TM_ROW1 0.575473	0.769274	0.277573
		*TM_ROW2 -0.806691	0.58975	0.0380073
		*TM_ROW3 292.46	-250.622	80.2146
		*TM_POS 292.46	-250.622	80.2146
		*TM_ROTAXIS 0.15822	0.895384	0.416238
		*TM_ROTANGLE 1.73512
		*TM_SCALE 1	1	1
		*TM_SCALEAXIS 0	0	0
		*TM_SCALEAXISANG 0	0	0
	}
}
*HELPEROBJECT {
	*NODE_NAME "Bip01 L Thigh"
	*NODE_PARENT "Bip01 Pelvis"
	*NODE_TM {
		*NODE_NAME "Bip01 L Thigh"
		*TM_ROW0 0.261057	-0.780206	-0.568444
		*TM_ROW1 -0.0252094	-0.594173	0.803942
		*TM_ROW2 -0.964994	-0.195544	-0.174781
		*TM_ROW3 2.23967	-128.229	57.1173
		*TM_POS 2.23967	-128.229	57.1173
		*TM_ROTAXIS -0.760722	0.30182	0.574637
		*TM_ROTANGLE 2.42485
		*TM_SCALE 1	1	1
		*TM_SCALEAXIS 0	0	0
		*TM_SCALEAXISANG 0	0	0
	}
	*TM_ANIMATION {
		*NODE_NAME "Bip01 L Thigh"
		*CONTROL_POS_TRACK {
			*CONTROL_POS_SAMPLE 192	2.31955	5.63654	50.6526
			*CONTROL_POS_SAMPLE 384	2.26029	1.20363	54.4263
			*CONTROL_POS_SAMPLE 576	2.20503	-3.16148	57.2241
			*CONTROL_POS_SAMPLE 768	2.19503	-7.51724	57.068
			*CONTROL_POS_SAMPLE 960	2.1901	-11.8305	55.9463
			*CONTROL_POS_SAMPLE 1152	2.1891	-16.1139	55.2493
			*CONTROL_POS_SAMPLE 1344	2.19059	-20.3797	54.4635
			*CONTROL_POS_SAMPLE 1536	2.19315	-24.6403	53.7273
			*CONTROL_POS_SAMPLE 1728	2.19552	-28.9083	53.1793
			*CONTROL_POS_SAMPLE 1920	2.19662	-33.1961	52.9578
			*CONTROL_POS_SAMPLE 2112	2.19744	-42.5183	53.1385
			*CONTROL_POS_SAMPLE 2304	2.19956	-51.8356	53.6162
			*CONTROL_POS_SAMPLE 2496	2.20275	-61.1488	54.2579
			*CONTROL_POS_SAMPLE 2688	2.20679	-65.7539	54.9307
			*CONTROL_POS_SAMPLE 2880	2.21144	-70.3562	55.5019
			*CONTROL_POS_SAMPLE 3072	2.21648	-74.9563	55.8385
			*CONTROL_POS_SAMPLE 3264	2.2217	-79.5548	55.9126
			*CONTROL_POS_SAMPLE 3456	2.22688	-84.1524	55.8255
			*CONTROL_POS_SAMPLE 3648	2.23182	-88.7497	55.6386
			*CONTROL_POS_SAMPLE 3840	2.23632	-93.3475	55.413
			*CONTROL_POS_SAMPLE 4032	2.24018	-97.9463	55.2101
			*CONTROL_POS_SAMPLE 4224	2.24323	-102.547	55.091
			*CONTROL_POS_SAMPLE 4416	2.24433	-108.97	55.0165
			*CONTROL_POS_SAMPLE 4608	2.24327	-115.39	55.035
			*CONTROL_POS_SAMPLE 4800	2.24129	-121.81	55.3393
			*CONTROL_POS_SAMPLE 4992	2.23967	-128.229	57.1173
			*CONTROL_POS_SAMPLE 5184	2.23967	-128.229	49.9722
			*CONTROL_POS_SAMPLE 5376	2.23967	-128.229	49.9722
			*CONTROL_POS_SAMPLE 5568	2.23967	-128.229	49.9722
			*CONTROL_POS_SAMPLE 5760	2.23967	-128.229	49.9722
		}
		*CONTROL_ROT_TRACK {
			*CONTROL_ROT_SAMPLE 192	-0.725628	0.487546	0.485555	2.29255
			*CONTROL_ROT_SAMPLE 384	-0.747282	0.403121	0.528265	2.36072
			*CONTROL_ROT_SAMPLE 576	-0.764786	0.323106	0.557409	2.42423
			*CONTROL_ROT_SAMPLE 768	-0.77913	0.259157	0.570783	2.47713
			*CONTROL_ROT_SAMPLE 960	-0.791398	0.198642	0.578127	2.53542
			*CONTROL_ROT_SAMPLE 1152	-0.79973	0.13939	0.583954	2.60176
			*CONTROL_ROT_SAMPLE 1344	-0.79914	0.105856	0.591751	2.66693
			*CONTROL_ROT_SAMPLE 1536	-0.796957	0.0826244	0.598358	2.73018
			*CONTROL_ROT_SAMPLE 1728	-0.807051	0.0369473	0.589325	2.79694
			*CONTROL_ROT_SAMPLE 1920	-0.823017	-0.00452245	0.567999	2.85636
			*CONTROL_ROT_SAMPLE 2112	-0.820282	0.0518832	0.569601	2.82486
			*CONTROL_ROT_SAMPLE 2304	-0.809656	0.136499	0.570811	2.76237
			*CONTROL_ROT_SAMPLE 2496	-0.800028	0.206716	0.563226	2.70886
			*CONTROL_ROT_SAMPLE 2688	-0.790965	0.302303	0.531966	2.58963
			*CONTROL_ROT_SAMPLE 2880	-0.781309	0.387715	0.489115	2.47386
			*CONTROL_ROT_SAMPLE 3072	-0.763835	0.45095	0.461737	2.37546
			*CONTROL_ROT_SAMPLE 3264	-0.740659	0.491085	0.458541	2.29651
			*CONTROL_ROT_SAMPLE 3456	-0.717712	0.518704	0.464581	2.22888
			*CONTROL_ROT_SAMPLE 3648	-0.697468	0.534852	0.47694	2.17523
			*CONTROL_ROT_SAMPLE 3840	-0.681164	0.54185	0.492355	2.13558
			*CONTROL_ROT_SAMPLE 4032	-0.668993	0.542749	0.507811	2.10819
			*CONTROL_ROT_SAMPLE 4224	-0.66051	0.540887	0.520737	2.09054
			*CONTROL_ROT_SAMPLE 4416	-0.686637	0.502267	0.525602	2.15666
			*CONTROL_ROT_SAMPLE 4608	-0.711775	0.446848	0.541943	2.22271
			*CONTROL_ROT_SAMPLE 4800	-0.736205	0.379224	0.560528	2.30639
			*CONTROL_ROT_SAMPLE 4992	-0.760722	0.30182	0.574637	2.42485
			*CONTROL_ROT_SAMPLE 5184	-0.781443	0.35916	0.510245	2.4743
			*CONTROL_ROT_SAMPLE 5376	-0.781443	0.35916	0.510245	2.4743
			*CONTROL_ROT_SAMPLE 5568	-0.781443	0.35916	0.510245	2.4743
			*CONTROL_ROT_SAMPLE 5760	-0.781443	0.35916	0.510245	2.4743
		}
	}
}
*HELPEROBJECT {
	*NODE_NAME "Bip01 L Calf"
	*NODE_PARENT "Bip01 L Thigh"
	*NODE_TM {
		*NODE_NAME "Bip01 L Calf"
		*TM_ROW0 -0.0908161	0.874321	-0.476777
		*TM_ROW1 0.246046	-0.444214	-0.861473
		*TM_ROW2 -0.964994	-0.195545	-0.174781
		*TM_ROW3 12.5109	-158.926	34.752
		*TM_POS 12.5109	-158.926	34.752
		*TM_ROTAXIS -0.641817	-0.470541	0.605527
		*TM_ROTANGLE 3.68702
		*TM_SCALE 1	1	1
		*TM_SCALEAXIS 0	0	0
		*TM_SCALEAXISANG 0	0	0
	}
	*TM_ANIMATION {
		*NODE_NAME "Bip01 L Calf"
		*CONTROL_POS_TRACK {
			*CONTROL_POS_SAMPLE 192	10.7282	-31.8197	42.0305
			*CONTROL_POS_SAMPLE 384	11.8912	-33.6978	39.0264
			*CONTROL_POS_SAMPLE 576	12.9108	-34.6276	36.1698
			*CONTROL_POS_SAMPLE 768	13.9076	-35.5638	32.0836
			*CONTROL_POS_SAMPLE 960	14.7489	-36.0581	27.6035
			*CONTROL_POS_SAMPLE 1152	15.1883	-36.0714	23.9326
			*CONTROL_POS_SAMPLE 1344	14.6708	-37.3093	21.2122
			*CONTROL_POS_SAMPLE 1536	14.0252	-39.0204	19.0685
			*CONTROL_POS_SAMPLE 1728	14.9104	-39.02	17.3449
			*CONTROL_POS_SAMPLE 1920	16.6657	-39.1975	16.8656
			*CONTROL_POS_SAMPLE 2112	16.4402	-52.7641	17.9223
			*CONTROL_POS_SAMPLE 2304	15.4021	-68.5374	20.529
			*CONTROL_POS_SAMPLE 2496	14.5283	-82.8554	23.8454
			*CONTROL_POS_SAMPLE 2688	14.2797	-94.1474	30.5161
			*CONTROL_POS_SAMPLE 2880	14.194	-103.55	38.1057
			*CONTROL_POS_SAMPLE 3072	13.3618	-110.871	44.2644
			*CONTROL_POS_SAMPLE 3264	12.0178	-116.859	48.1352
			*CONTROL_POS_SAMPLE 3456	10.8258	-122.22	50.8293
			*CONTROL_POS_SAMPLE 3648	9.88914	-127.208	52.4278
			*CONTROL_POS_SAMPLE 3840	9.20392	-132.005	53.1634
			*CONTROL_POS_SAMPLE 4032	8.72236	-136.709	53.3459
			*CONTROL_POS_SAMPLE 4224	8.39272	-141.367	53.308
			*CONTROL_POS_SAMPLE 4416	9.29631	-147.273	49.4319
			*CONTROL_POS_SAMPLE 4608	10.3991	-152.446	44.6259
			*CONTROL_POS_SAMPLE 4800	11.4741	-156.516	39.2707
			*CONTROL_POS_SAMPLE 4992	12.5109	-158.926	34.752
			*CONTROL_POS_SAMPLE 5184	14.2328	-160.37	30.7066
			*CONTROL_POS_SAMPLE 5376	14.2328	-160.37	30.7066
			*CONTROL_POS_SAMPLE 5568	14.2328	-160.37	30.7066
			*CONTROL_POS_SAMPLE 5760	14.2328	-160.37	30.7066
		}
		*CONTROL_ROT_TRACK {
			*CONTROL_ROT_SAMPLE 192	-0.717579	-0.380726	0.583205	3.53566
			*CONTROL_ROT_SAMPLE 384	-0.688678	-0.420402	0.590749	3.60621
			*CONTROL_ROT_SAMPLE 576	-0.659576	-0.459423	0.594886	3.65567
			*CONTROL_ROT_SAMPLE 768	-0.628008	-0.508872	0.588774	3.7071
			*CONTROL_ROT_SAMPLE 960	-0.596351	-0.558361	0.576713	3.75555
			*CONTROL_ROT_SAMPLE 1152	-0.570045	-0.597353	0.564108	3.79221
			*CONTROL_ROT_SAMPLE 1344	-0.559357	-0.617309	0.553217	3.83461
			*CONTROL_ROT_SAMPLE 1536	-0.556789	-0.628625	0.542969	3.87223
			*CONTROL_ROT_SAMPLE 1728	-0.551963	-0.647522	0.525406	3.86412
			*CONTROL_ROT_SAMPLE 1920	-0.555793	-0.663203	0.501254	3.82913
			*CONTROL_ROT_SAMPLE 2112	-0.573529	-0.6481	0.501031	3.85047
			*CONTROL_ROT_SAMPLE 2304	-0.601016	-0.618322	0.506417	3.86585
			*CONTROL_ROT_SAMPLE 2496	-0.627362	-0.5909	0.507202	3.85858
			*CONTROL_ROT_SAMPLE 2688	-0.654493	-0.556952	0.511315	3.78927
			*CONTROL_ROT_SAMPLE 2880	-0.677786	-0.523523	0.516266	3.69323
			*CONTROL_ROT_SAMPLE 3072	-0.69515	-0.482159	0.533188	3.61175
			*CONTROL_ROT_SAMPLE 3264	-0.705526	-0.43435	0.559976	3.5592
			*CONTROL_ROT_SAMPLE 3456	-0.710658	-0.386531	0.587843	3.5151
			*CONTROL_ROT_SAMPLE 3648	-0.711482	-0.341983	0.613873	3.4772
			*CONTROL_ROT_SAMPLE 3840	-0.709461	-0.302715	0.636418	3.44327
			*CONTROL_ROT_SAMPLE 4032	-0.706184	-0.269622	0.654681	3.41198
			*CONTROL_ROT_SAMPLE 4224	-0.703169	-0.242872	0.668256	3.38307
			*CONTROL_ROT_SAMPLE 4416	-0.69647	-0.303192	0.650387	3.46591
			*CONTROL_ROT_SAMPLE 4608	-0.677068	-0.365655	0.638651	3.55312
			*CONTROL_ROT_SAMPLE 4800	-0.654373	-0.425522	0.625082	3.63454
			*CONTROL_ROT_SAMPLE 4992	-0.641817	-0.470541	0.605527	3.68702
			*CONTROL_ROT_SAMPLE 5184	-0.678628	-0.498813	0.539119	3.67365
			*CONTROL_ROT_SAMPLE 5376	-0.678628	-0.498813	0.539119	3.67365
			*CONTROL_ROT_SAMPLE 5568	-0.678628	-0.498813	0.539119	3.67365
			*CONTROL_ROT_SAMPLE 5760	-0.678628	-0.498813	0.539119	3.67365
		}
	}
}
*HELPEROBJECT {
	*NODE_NAME "Bip01 L Foot"
	*NODE_PARENT "Bip01 L Calf"
	*NODE_TM {
		*NODE_NAME "Bip01 L Foot"
		*TM_ROW0 0.000569808	-0.000255416	-1
		*TM_ROW1 0.173638	-0.98481	0.000350474
		*TM_ROW2 -0.984809	-0.173638	-0.000516803
		*TM_ROW3 8.05204	-115.999	11.3434
		*TM_POS 8.05204	-115.999	11.3434
		*TM_ROTAXIS -0.705956	-0.0616348	0.705569
		*TM_ROTANGLE 3.01805
		*TM_SCALE 1	1	1
		*TM_SCALEAXIS 0	0	0
		*TM_SCALEAXISANG 0	0	0
	}
	*TM_ANIMATION {
		*NODE_NAME "Bip01 L Foot"
		*CONTROL_POS_TRACK {
			*CONTROL_POS_SAMPLE 192	14.0186	4.9732	9.68796
			*CONTROL_POS_SAMPLE 384	12.1016	6.22137	10.4432
			*CONTROL_POS_SAMPLE 576	10.1173	7.56719	11.2223
			*CONTROL_POS_SAMPLE 768	8.16662	8.86419	11.9894
			*CONTROL_POS_SAMPLE 960	6.3506	9.96584	12.7091
			*CONTROL_POS_SAMPLE 1152	4.77025	10.7256	13.3454
			*CONTROL_POS_SAMPLE 1344	4.07878	10.039	13.6937
			*CONTROL_POS_SAMPLE 1536	4.01662	8.75319	13.7679
			*CONTROL_POS_SAMPLE 1728	4.25952	8.7499	13.4488
			*CONTROL_POS_SAMPLE 1920	5.60981	8.50473	13.2813
			*CONTROL_POS_SAMPLE 2112	7.57971	-4.64727	13.8184
			*CONTROL_POS_SAMPLE 2304	9.64676	-20.1515	14.5074
			*CONTROL_POS_SAMPLE 2496	11.4093	-34.571	15.5105
			*CONTROL_POS_SAMPLE 2688	12.9288	-46.8311	17.4805
			*CONTROL_POS_SAMPLE 2880	14.1438	-58.0064	19.7647
			*CONTROL_POS_SAMPLE 3072	14.4685	-67.8843	20.5678
			*CONTROL_POS_SAMPLE 3264	13.9176	-76.9094	19.6565
			*CONTROL_POS_SAMPLE 3456	12.9957	-85.645	18.1465
			*CONTROL_POS_SAMPLE 3648	11.8512	-94.0562	16.2663
			*CONTROL_POS_SAMPLE 3840	10.6327	-102.108	14.2441
			*CONTROL_POS_SAMPLE 4032	9.48861	-109.766	12.3083
			*CONTROL_POS_SAMPLE 4224	8.56757	-116.995	10.6872
			*CONTROL_POS_SAMPLE 4416	9.1483	-116.902	10.8547
			*CONTROL_POS_SAMPLE 4608	8.53621	-116.608	11.1191
			*CONTROL_POS_SAMPLE 4800	7.76643	-116.278	11.3828
			*CONTROL_POS_SAMPLE 4992	8.05204	-115.999	11.3434
			*CONTROL_POS_SAMPLE 5184	14.019	-115.999	9.688
			*CONTROL_POS_SAMPLE 5376	14.019	-115.999	9.688
			*CONTROL_POS_SAMPLE 5568	14.019	-115.999	9.688
			*CONTROL_POS_SAMPLE 5760	14.019	-115.999	9.688
		}
		*CONTROL_ROT_TRACK {
			*CONTROL_ROT_SAMPLE 192	-0.698136	-0.270994	0.662698	3.19318
			*CONTROL_ROT_SAMPLE 384	-0.702451	-0.227943	0.674244	3.15647
			*CONTROL_ROT_SAMPLE 576	-0.705452	-0.182537	0.684849	3.11813
			*CONTROL_ROT_SAMPLE 768	-0.706898	-0.137676	0.693787	3.08064
			*CONTROL_ROT_SAMPLE 960	-0.706923	-0.0963535	0.700696	3.04646
			*CONTROL_ROT_SAMPLE 1152	-0.70599	-0.0616141	0.705537	3.01801
			*CONTROL_ROT_SAMPLE 1344	0.705668	0.0540044	-0.706481	3.27137
			*CONTROL_ROT_SAMPLE 1536	-0.705986	-0.061617	0.70554	3.01802
			*CONTROL_ROT_SAMPLE 1728	-0.705985	-0.0616179	0.705541	3.01802
			*CONTROL_ROT_SAMPLE 1920	-0.705983	-0.0616189	0.705543	3.01802
			*CONTROL_ROT_SAMPLE 2112	-0.705981	-0.0616198	0.705545	3.01802
			*CONTROL_ROT_SAMPLE 2304	-0.70598	-0.0616207	0.705546	3.01802
			*CONTROL_ROT_SAMPLE 2496	-0.705978	-0.0616216	0.705548	3.01803
			*CONTROL_ROT_SAMPLE 2688	-0.705976	-0.0616227	0.705549	3.01803
			*CONTROL_ROT_SAMPLE 2880	-0.705975	-0.0616239	0.705551	3.01803
			*CONTROL_ROT_SAMPLE 3072	-0.705973	-0.0616249	0.705553	3.01803
			*CONTROL_ROT_SAMPLE 3264	-0.705971	-0.0616259	0.705554	3.01803
			*CONTROL_ROT_SAMPLE 3456	-0.70597	-0.0616268	0.705556	3.01804
			*CONTROL_ROT_SAMPLE 3648	-0.705968	-0.0616278	0.705557	3.01804
			*CONTROL_ROT_SAMPLE 3840	-0.705966	-0.0616288	0.705559	3.01804
			*CONTROL_ROT_SAMPLE 4032	-0.705965	-0.0616297	0.705561	3.01804
			*CONTROL_ROT_SAMPLE 4224	-0.705963	-0.0616307	0.705562	3.01804
			*CONTROL_ROT_SAMPLE 4416	-0.705961	-0.0616313	0.705564	3.01804
			*CONTROL_ROT_SAMPLE 4608	-0.705959	-0.0616325	0.705566	3.01805
			*CONTROL_ROT_SAMPLE 4800	-0.705957	-0.0616338	0.705568	3.01805
			*CONTROL_ROT_SAMPLE 4992	-0.705956	-0.0616348	0.705569	3.01805
			*CONTROL_ROT_SAMPLE 5184	-0.705956	-0.0616348	0.705569	3.01805
			*CONTROL_ROT_SAMPLE 5376	-0.705956	-0.0616348	0.705569	3.01805
			*CONTROL_ROT_SAMPLE 5568	-0.705956	-0.0616348	0.705569	3.01805
			*CONTROL_ROT_SAMPLE 5760	-0.705956	-0.0616348	0.705569	3.01805
		}
	}
}
*HELPEROBJECT {
	*NODE_NAME "Bip01 L Toe0"
	*NODE_PARENT "Bip01 L Foot"
	*NODE_TM {
		*NODE_NAME "Bip01 L Toe0"
		*TM_ROW0 0.173635	-0.98481	0.000271322
		*TM_ROW1 -0.000554039	0.000177817	1
		*TM_ROW2 -0.98481	-0.173635	-0.000514766
		*TM_ROW3 11.9911	-138.302	-1.27543
		*TM_POS 11.9911	-138.302	-1.27543
		*TM_ROTAXIS -0.64445	0.540913	0.54046
		*TM_ROTANGLE 1.99693
		*TM_SCALE 1	1	1
		*TM_SCALEAXIS 0	0	0
		*TM_SCALEAXISANG 0	0	0
	}
	*TM_ANIMATION {
		*NODE_NAME "Bip01 L Toe0"
		*CONTROL_POS_TRACK {
			*CONTROL_POS_SAMPLE 192	21.4975	-9.11092	-10.7542
			*CONTROL_POS_SAMPLE 384	18.9605	-9.89703	-8.67038
			*CONTROL_POS_SAMPLE 576	16.2548	-10.513	-6.3166
			*CONTROL_POS_SAMPLE 768	13.5313	-10.9582	-3.83681
			*CONTROL_POS_SAMPLE 960	10.9575	-11.2802	-1.41743
			*CONTROL_POS_SAMPLE 1152	8.71044	-11.5781	0.728042
			*CONTROL_POS_SAMPLE 1344	7.86964	-12.4789	1.41582
			*CONTROL_POS_SAMPLE 1536	7.95669	-13.5504	1.15033
			*CONTROL_POS_SAMPLE 1728	8.19955	-13.5537	0.83123
			*CONTROL_POS_SAMPLE 1920	9.54978	-13.7988	0.663615
			*CONTROL_POS_SAMPLE 2112	11.5196	-26.9508	1.2007
			*CONTROL_POS_SAMPLE 2304	13.5866	-42.455	1.88955
			*CONTROL_POS_SAMPLE 2496	15.3491	-56.8745	2.89264
			*CONTROL_POS_SAMPLE 2688	16.8685	-69.1345	4.86255
			*CONTROL_POS_SAMPLE 2880	18.0835	-80.3098	7.14669
			*CONTROL_POS_SAMPLE 3072	18.4081	-90.1877	7.94971
			*CONTROL_POS_SAMPLE 3264	17.8572	-99.2127	7.03831
			*CONTROL_POS_SAMPLE 3456	16.9352	-107.948	5.52828
			*CONTROL_POS_SAMPLE 3648	15.7907	-116.359	3.64797
			*CONTROL_POS_SAMPLE 3840	14.5721	-124.411	1.62571
			*CONTROL_POS_SAMPLE 4032	13.4279	-132.069	-0.310138
			*CONTROL_POS_SAMPLE 4224	12.5068	-139.298	-1.93128
			*CONTROL_POS_SAMPLE 4416	13.0875	-139.205	-1.76384
			*CONTROL_POS_SAMPLE 4608	12.4753	-138.911	-1.49951
			*CONTROL_POS_SAMPLE 4800	11.7055	-138.582	-1.23596
			*CONTROL_POS_SAMPLE 4992	11.9911	-138.302	-1.27543
			*CONTROL_POS_SAMPLE 5184	17.958	-138.302	-2.9308
			*CONTROL_POS_SAMPLE 5376	17.958	-138.302	-2.9308
			*CONTROL_POS_SAMPLE 5568	17.958	-138.302	-2.9308
			*CONTROL_POS_SAMPLE 5760	17.958	-138.302	-2.9308
		}
		*CONTROL_ROT_TRACK {
			*CONTROL_ROT_SAMPLE 192	-0.767195	0.338147	0.54504	2.20759
			*CONTROL_ROT_SAMPLE 384	-0.74599	0.380463	0.546578	2.15963
			*CONTROL_ROT_SAMPLE 576	-0.72143	0.424824	0.546867	2.11163
			*CONTROL_ROT_SAMPLE 768	-0.694877	0.468308	0.545742	2.06682
			*CONTROL_ROT_SAMPLE 960	-0.668343	0.507971	0.5434	2.0279
			*CONTROL_ROT_SAMPLE 1152	-0.644455	0.540955	0.540413	1.99695
			*CONTROL_ROT_SAMPLE 1344	-0.639025	0.548128	0.539632	1.99039
			*CONTROL_ROT_SAMPLE 1536	-0.644455	0.54095	0.540418	1.99695
			*CONTROL_ROT_SAMPLE 1728	-0.644455	0.540948	0.54042	1.99695
			*CONTROL_ROT_SAMPLE 1920	-0.644454	0.540946	0.540422	1.99695
			*CONTROL_ROT_SAMPLE 2112	-0.644454	0.540944	0.540424	1.99695
			*CONTROL_ROT_SAMPLE 2304	-0.644454	0.540942	0.540427	1.99695
			*CONTROL_ROT_SAMPLE 2496	-0.644453	0.54094	0.540429	1.99694
			*CONTROL_ROT_SAMPLE 2688	-0.644453	0.540938	0.540431	1.99694
			*CONTROL_ROT_SAMPLE 2880	-0.644453	0.540936	0.540434	1.99694
			*CONTROL_ROT_SAMPLE 3072	-0.644453	0.540934	0.540436	1.99694
			*CONTROL_ROT_SAMPLE 3264	-0.644452	0.540932	0.540438	1.99694
			*CONTROL_ROT_SAMPLE 3456	-0.644452	0.54093	0.540441	1.99694
			*CONTROL_ROT_SAMPLE 3648	-0.644452	0.540928	0.540443	1.99694
			*CONTROL_ROT_SAMPLE 3840	-0.644451	0.540926	0.540446	1.99694
			*CONTROL_ROT_SAMPLE 4032	-0.644451	0.540924	0.540448	1.99693
			*CONTROL_ROT_SAMPLE 4224	-0.644451	0.540922	0.54045	1.99693
			*CONTROL_ROT_SAMPLE 4416	-0.64445	0.54092	0.540453	1.99693
			*CONTROL_ROT_SAMPLE 4608	-0.64445	0.540918	0.540455	1.99693
			*CONTROL_ROT_SAMPLE 4800	-0.64445	0.540915	0.540458	1.99693
			*CONTROL_ROT_SAMPLE 4992	-0.64445	0.540913	0.54046	1.99693
			*CONTROL_ROT_SAMPLE 5184	-0.64445	0.540913	0.54046	1.99693
			*CONTROL_ROT_SAMPLE 5376	-0.64445	0.540913	0.54046	1.99693
			*CONTROL_ROT_SAMPLE 5568	-0.64445	0.540913	0.54046	1.99693
			*CONTROL_ROT_SAMPLE 5760	-0.64445	0.540913	0.54046	1.99693
		}
	}
}
*HELPEROBJECT {
	*NODE_NAME "Bip01 R Thigh"
	*NODE_PARENT "Bip01 Pelvis"
	*NODE_TM {
		*NODE_NAME "Bip01 R Thigh"
		*TM_ROW0 -0.319786	-0.0776617	-0.944302
		*TM_ROW1 -0.0209616	-0.995811	0.0889966
		*TM_ROW2 -0.947258	0.048254	0.316819
		*TM_ROW3 -14.7621	-124.152	52.7528
		*TM_POS -14.7621	-124.152	52.7528
		*TM_ROTAXIS 0.583014	-0.0423032	-0.81136
		*TM_ROTANGLE 3.17654
		*TM_SCALE 1	1	1
		*TM_SCALEAXIS 0	0	0
		*TM_SCALEAXISANG 0	0	0
	}
	*TM_ANIMATION {
		*NODE_NAME "Bip01 R Thigh"
		*CONTROL_POS_TRACK {
			*CONTROL_POS_SAMPLE 192	-14.6822	9.71417	46.288
			*CONTROL_POS_SAMPLE 384	-14.6536	5.65263	50.083
			*CONTROL_POS_SAMPLE 576	-14.6473	1.51885	52.8847
			*CONTROL_POS_SAMPLE 768	-14.6214	-2.71872	52.7184
			*CONTROL_POS_SAMPLE 960	-14.6122	-7.00091	51.5767
			*CONTROL_POS_SAMPLE 1152	-14.6152	-11.3146	50.8541
			*CONTROL_POS_SAMPLE 1344	-14.6256	-15.6466	50.0418
			*CONTROL_POS_SAMPLE 1536	-14.6384	-19.9842	49.2826
			*CONTROL_POS_SAMPLE 1728	-14.649	-24.314	48.7194
			*CONTROL_POS_SAMPLE 1920	-14.6529	-28.6231	48.495
			*CONTROL_POS_SAMPLE 2112	-14.6535	-37.943	48.6832
			*CONTROL_POS_SAMPLE 2304	-14.6566	-47.2681	49.1729
			*CONTROL_POS_SAMPLE 2496	-14.6621	-56.5976	49.8305
			*CONTROL_POS_SAMPLE 2688	-14.6693	-61.2265	50.5221
			*CONTROL_POS_SAMPLE 2880	-14.6779	-65.8583	51.114
			*CONTROL_POS_SAMPLE 3072	-14.6876	-70.4926	51.4723
			*CONTROL_POS_SAMPLE 3264	-14.6978	-75.1285	51.5682
			*CONTROL_POS_SAMPLE 3456	-14.7083	-79.7653	51.5023
			*CONTROL_POS_SAMPLE 3648	-14.7185	-84.4025	51.3348
			*CONTROL_POS_SAMPLE 3840	-14.7282	-89.0392	51.126
			*CONTROL_POS_SAMPLE 4032	-14.737	-93.6748	50.9362
			*CONTROL_POS_SAMPLE 4224	-14.7445	-98.3086	50.8259
			*CONTROL_POS_SAMPLE 4416	-14.7502	-104.767	50.744
			*CONTROL_POS_SAMPLE 4608	-14.7545	-111.228	50.7357
			*CONTROL_POS_SAMPLE 4800	-14.7582	-117.69	51.0054
			*CONTROL_POS_SAMPLE 4992	-14.7621	-124.152	52.7528
			*CONTROL_POS_SAMPLE 5184	-14.7621	-124.152	45.6076
			*CONTROL_POS_SAMPLE 5376	-14.7621	-124.152	45.6076
			*CONTROL_POS_SAMPLE 5568	-14.7621	-124.152	45.6076
			*CONTROL_POS_SAMPLE 5760	-14.7621	-124.152	45.6076
		}
		*CONTROL_ROT_TRACK {
			*CONTROL_ROT_SAMPLE 192	0.579383	0.0565907	-0.813088	3.06274
			*CONTROL_ROT_SAMPLE 384	0.549776	0.0550589	-0.833495	3.01087
			*CONTROL_ROT_SAMPLE 576	0.533835	-0.0591173	-0.843519	3.22417
			*CONTROL_ROT_SAMPLE 768	0.507146	-0.165213	-0.845877	3.43142
			*CONTROL_ROT_SAMPLE 960	0.471502	-0.319566	-0.821927	3.72111
			*CONTROL_ROT_SAMPLE 1152	0.413503	-0.526031	-0.743173	4.03173
			*CONTROL_ROT_SAMPLE 1344	-0.336223	0.72158	0.605208	2.00725
			*CONTROL_ROT_SAMPLE 1536	-0.342283	0.77931	0.524899	1.97014
			*CONTROL_ROT_SAMPLE 1728	-0.384994	0.768027	0.511775	2.01195
			*CONTROL_ROT_SAMPLE 1920	-0.429696	0.736293	0.522718	2.08202
			*CONTROL_ROT_SAMPLE 2112	-0.425607	0.727839	0.537689	2.08441
			*CONTROL_ROT_SAMPLE 2304	0.435005	-0.696708	-0.570411	4.18077
			*CONTROL_ROT_SAMPLE 2496	0.460324	-0.640035	-0.615189	4.12741
			*CONTROL_ROT_SAMPLE 2688	0.481639	-0.598781	-0.639911	4.08492
			*CONTROL_ROT_SAMPLE 2880	0.503196	-0.553825	-0.663378	4.03082
			*CONTROL_ROT_SAMPLE 3072	0.522943	-0.506136	-0.685825	3.96205
			*CONTROL_ROT_SAMPLE 3264	0.539778	-0.462099	-0.703637	3.88296
			*CONTROL_ROT_SAMPLE 3456	0.551804	-0.416942	-0.722269	3.79838
			*CONTROL_ROT_SAMPLE 3648	0.553214	-0.366093	-0.748285	3.70389
			*CONTROL_ROT_SAMPLE 3840	0.552886	-0.313403	-0.772072	3.60811
			*CONTROL_ROT_SAMPLE 4032	0.566351	-0.263388	-0.780944	3.53519
			*CONTROL_ROT_SAMPLE 4224	0.568684	-0.214495	-0.794097	3.44425
			*CONTROL_ROT_SAMPLE 4416	0.572185	-0.16983	-0.802348	3.37853
			*CONTROL_ROT_SAMPLE 4608	0.575885	-0.127273	-0.807563	3.31704
			*CONTROL_ROT_SAMPLE 4800	0.579451	-0.0841285	-0.810653	3.25166
			*CONTROL_ROT_SAMPLE 4992	0.583014	-0.0423032	-0.81136	3.17654
			*CONTROL_ROT_SAMPLE 5184	0.565734	0.020866	-0.824324	3.14993
			*CONTROL_ROT_SAMPLE 5376	0.565734	0.020866	-0.824324	3.14993
			*CONTROL_ROT_SAMPLE 5568	0.565734	0.020866	-0.824324	3.14993
			*CONTROL_ROT_SAMPLE 5760	0.565734	0.020866	-0.824324	3.14993
		}
	}
}
*HELPEROBJECT {
	*NODE_NAME "Bip01 R Calf"
	*NODE_PARENT "Bip01 R Thigh"
	*NODE_TM {
		*NODE_NAME "Bip01 R Calf"
		*TM_ROW0 0.109749	0.977666	0.179234
		*TM_ROW1 -0.301094	0.204551	-0.931397
		*TM_ROW2 -0.947258	0.048254	0.316819
		*TM_ROW3 -27.344	-127.207	15.5994
