*3DSMAX_ASCIIEXPORT	110
*COMMENT "This file is part of Gothic Free Aim Copyright (C) 2016-2018  mud-freak (@szapp)"
*COMMENT "<http://github.com/szapp/GothicFreeAim>"
*COMMENT "Animations: first iteration"
*SCENE {
	*SCENE_FILENAME "cbowIK_hurt.max"
	*SCENE_FIRSTFRAME 1
	*SCENE_LASTFRAME 10
	*SCENE_FRAMESPEED 25
	*SCENE_TICKSPERFRAME 192
	*SCENE_BACKGROUND_STATIC 0	0	0
	*SCENE_AMBIENT_STATIC 0.2	0.2	0.2
}
*HELPEROBJECT {
	*NODE_NAME "Bip01"
	*NODE_TM {
		*NODE_NAME "Bip01"
		*TM_ROW0 -0.223483	-0.973914	-0.0393292
		*TM_ROW1 0.974662	-0.222899	-0.0187185
		*TM_ROW2 0.00946376	-0.0425159	0.999051
		*TM_ROW3 -5.9889	6.59593	94.5779
		*TM_POS -5.9889	6.59593	94.5779
		*TM_ROTAXIS -0.012208	-0.0250306	0.999612
		*TM_ROTANGLE 1.79637
		*TM_SCALE 1	1	1
		*TM_SCALEAXIS 0	0	0
		*TM_SCALEAXISANG 0	0	0
	}
}
*HELPEROBJECT {
	*NODE_NAME "Bip01 Footsteps"
	*NODE_PARENT "Bip01"
	*NODE_TM {
		*NODE_NAME "Bip01 Footsteps"
		*TM_ROW0 1	0	0
		*TM_ROW1 0	1	0
		*TM_ROW2 0	0	1
		*TM_ROW3 -5.9889	6.59593	-2.22103
		*TM_POS -5.9889	6.59593	-2.22103
		*TM_ROTAXIS 0	0	0
		*TM_ROTANGLE 0
		*TM_SCALE 1	1	1
		*TM_SCALEAXIS 0	0	0
		*TM_SCALEAXISANG 0	0	0
	}
}
*HELPEROBJECT {
	*NODE_NAME "Bip01 Pelvis"
	*NODE_PARENT "Bip01"
	*NODE_TM {
		*NODE_NAME "Bip01 Pelvis"
		*TM_ROW0 -0.0773238	-0.0225082	0.996752
		*TM_ROW1 -0.223482	-0.973914	-0.0393292
		*TM_ROW2 0.971636	-0.225797	0.0702766
		*TM_ROW3 -6.81018	6.48574	94.581
		*TM_POS -6.81018	6.48574	94.581
		*TM_ROTAXIS -0.67732	0.0912295	-0.73001
		*TM_ROTANGLE 3.0035
		*TM_SCALE 1	1	1
		*TM_SCALEAXIS 0	0	0
		*TM_SCALEAXISANG 0	0	0
	}
}
*HELPEROBJECT {
	*NODE_NAME "Bip01 Spine"
	*NODE_PARENT "Bip01 Pelvis"
	*NODE_TM {
		*NODE_NAME "Bip01 Spine"
		*TM_ROW0 0.061966	0.0899409	0.994018
		*TM_ROW1 -0.349242	-0.931016	0.106012
		*TM_ROW2 0.934981	-0.353722	-0.0262802
		*TM_ROW3 -6.76656	6.47017	96.9814
		*TM_POS -6.76656	6.47017	96.9814
		*TM_ROTAXIS -0.719986	0.0924561	-0.687802
		*TM_ROTANGLE 2.81664
		*TM_SCALE 1	1	1
		*TM_SCALEAXIS 0	0	0
		*TM_SCALEAXISANG 0	0	0
	}
	*TM_ANIMATION {
		*NODE_NAME "Bip01 Spine"
		*CONTROL_POS_TRACK {
			*CONTROL_POS_SAMPLE 192	-6.76656	6.47017	96.9814
			*CONTROL_POS_SAMPLE 384	-6.9934	7.00068	96.9815
			*CONTROL_POS_SAMPLE 576	-7.33007	7.79589	96.9818
			*CONTROL_POS_SAMPLE 768	-7.84361	9.02762	96.9822
			*CONTROL_POS_SAMPLE 960	-8.92708	11.7081	96.983
			*CONTROL_POS_SAMPLE 1152	-7.95722	9.30331	96.9823
			*CONTROL_POS_SAMPLE 1344	-7.43992	8.05744	96.9819
			*CONTROL_POS_SAMPLE 1536	-7.10427	7.2615	96.9816
			*CONTROL_POS_SAMPLE 1728	-6.88351	6.74316	96.9815
			*CONTROL_POS_SAMPLE 1920	-6.76656	6.47017	96.9814
		}
		*CONTROL_ROT_TRACK {
			*CONTROL_ROT_SAMPLE 192	-0.719986	0.0924561	-0.687802	2.81664
			*CONTROL_ROT_SAMPLE 384	-0.725009	0.1015	-0.681219	2.83304
			*CONTROL_ROT_SAMPLE 576	-0.732307	0.114976	-0.671198	2.85771
			*CONTROL_ROT_SAMPLE 768	-0.743097	0.135717	-0.655277	2.89615
			*CONTROL_ROT_SAMPLE 960	-0.764629	0.180715	-0.618615	2.98155
			*CONTROL_ROT_SAMPLE 1152	-0.745431	0.140345	-0.651641	2.90481
			*CONTROL_ROT_SAMPLE 1344	-0.734649	0.119392	-0.667859	2.86584
			*CONTROL_ROT_SAMPLE 1536	-0.727433	0.10593	-0.677953	2.84112
			*CONTROL_ROT_SAMPLE 1728	-0.722587	0.0971158	-0.684424	2.82508
			*CONTROL_ROT_SAMPLE 1920	-0.719986	0.0924561	-0.687802	2.81664
		}
	}
}
*HELPEROBJECT {
	*NODE_NAME "Bip01 Spine1"
	*NODE_PARENT "Bip01 Spine"
	*NODE_TM {
		*NODE_NAME "Bip01 Spine1"
		*TM_ROW0 0.0612822	-0.00208622	0.998118
		*TM_ROW1 -0.570589	-0.82056	0.0333177
		*TM_ROW2 0.818946	-0.571557	-0.051476
		*TM_ROW3 -6.15179	7.36239	106.749
		*TM_POS -6.15179	7.36239	106.749
		*TM_ROTAXIS -0.712273	0.210985	-0.669442
		*TM_ROTANGLE 2.70306
		*TM_SCALE 1	1	1
		*TM_SCALEAXIS 0	0	0
		*TM_SCALEAXISANG 0	0	0
	}
	*TM_ANIMATION {
		*NODE_NAME "Bip01 Spine1"
		*CONTROL_POS_TRACK {
			*CONTROL_POS_SAMPLE 192	-6.15179	7.36239	106.749
			*CONTROL_POS_SAMPLE 384	-6.26351	7.6298	106.762
			*CONTROL_POS_SAMPLE 576	-6.42887	8.02994	106.766
			*CONTROL_POS_SAMPLE 768	-6.67998	8.64813	106.734
			*CONTROL_POS_SAMPLE 960	-7.20496	9.9865	106.505
			*CONTROL_POS_SAMPLE 1152	-6.73535	8.78622	106.72
			*CONTROL_POS_SAMPLE 1344	-6.4827	8.16138	106.763
			*CONTROL_POS_SAMPLE 1536	-6.31803	7.76113	106.765
			*CONTROL_POS_SAMPLE 1728	-6.20942	7.50004	106.757
			*CONTROL_POS_SAMPLE 1920	-6.15179	7.36239	106.749
		}
		*CONTROL_ROT_TRACK {
			*CONTROL_ROT_SAMPLE 192	-0.712273	0.210985	-0.669442	2.70306
			*CONTROL_ROT_SAMPLE 384	-0.717603	0.219195	-0.661059	2.71795
			*CONTROL_ROT_SAMPLE 576	-0.725334	0.231377	-0.648347	2.74038
			*CONTROL_ROT_SAMPLE 768	-0.736735	0.250002	-0.628268	2.77546
			*CONTROL_ROT_SAMPLE 960	-0.759352	0.289863	-0.58255	2.85386
			*CONTROL_ROT_SAMPLE 1152	-0.739196	0.254136	-0.623702	2.78338
			*CONTROL_ROT_SAMPLE 1344	-0.727812	0.235355	-0.644125	2.74779
			*CONTROL_ROT_SAMPLE 1536	-0.720172	0.223206	-0.65691	2.72529
			*CONTROL_ROT_SAMPLE 1728	-0.715033	0.215219	-0.665138	2.71072
			*CONTROL_ROT_SAMPLE 1920	-0.712273	0.210985	-0.669442	2.70306
		}
	}
}
*HELPEROBJECT {
	*NODE_NAME "Bip01 Spine2"
	*NODE_PARENT "Bip01 Spine1"
	*NODE_TM {
		*NODE_NAME "Bip01 Spine2"
		*TM_ROW0 0.0450592	-0.125117	0.991118
		*TM_ROW1 -0.794322	-0.606152	-0.0404077
		*TM_ROW2 0.605824	-0.785446	-0.126696
		*TM_ROW3 -5.34904	7.35018	119.516
		*TM_POS -5.34904	7.35018	119.516
		*TM_ROTAXIS -0.694339	0.359075	-0.623665
		*TM_ROTANGLE 2.5753
		*TM_SCALE 1	1	1
		*TM_SCALEAXIS 0	0	0
		*TM_SCALEAXISANG 0	0	0
	}
	*TM_ANIMATION {
		*NODE_NAME "Bip01 Spine2"
		*CONTROL_POS_TRACK {
			*CONTROL_POS_SAMPLE 192	-5.34904	7.35018	119.516
			*CONTROL_POS_SAMPLE 384	-5.31357	7.27414	119.514
			*CONTROL_POS_SAMPLE 576	-5.26057	7.16017	119.474
			*CONTROL_POS_SAMPLE 768	-5.17891	6.98369	119.328
			*CONTROL_POS_SAMPLE 960	-5.00303	6.59981	118.642
			*CONTROL_POS_SAMPLE 1152	-5.16071	6.9442	119.281
			*CONTROL_POS_SAMPLE 1344	-5.24319	7.12269	119.452
			*CONTROL_POS_SAMPLE 1536	-5.29616	7.23676	119.506
			*CONTROL_POS_SAMPLE 1728	-5.33077	7.31105	119.517
			*CONTROL_POS_SAMPLE 1920	-5.34904	7.35018	119.516
		}
		*CONTROL_ROT_TRACK {
			*CONTROL_ROT_SAMPLE 192	-0.694339	0.359075	-0.623665	2.5753
			*CONTROL_ROT_SAMPLE 384	-0.700002	0.365922	-0.613269	2.58813
			*CONTROL_ROT_SAMPLE 576	-0.708203	0.376005	-0.597552	2.60753
			*CONTROL_ROT_SAMPLE 768	-0.720265	0.391237	-0.572846	2.63804
			*CONTROL_ROT_SAMPLE 960	-0.744051	0.423046	-0.517127	2.70694
			*CONTROL_ROT_SAMPLE 1152	-0.722863	0.394588	-0.567248	2.64496
			*CONTROL_ROT_SAMPLE 1344	-0.710828	0.379277	-0.592345	2.61396
			*CONTROL_ROT_SAMPLE 1536	-0.702729	0.369252	-0.608132	2.59447
			*CONTROL_ROT_SAMPLE 1728	-0.697273	0.362611	-0.618324	2.58189
			*CONTROL_ROT_SAMPLE 1920	-0.694339	0.359075	-0.623665	2.5753
		}
	}
}
*HELPEROBJECT {
	*NODE_NAME "Bip01 Neck"
	*NODE_PARENT "Bip01 Spine2"
	*NODE_TM {
		*NODE_NAME "Bip01 Neck"
		*TM_ROW0 -0.346608	-0.132961	0.928539
		*TM_ROW1 -0.208924	-0.954093	-0.214608
		*TM_ROW2 0.914447	-0.268379	0.302918
		*TM_ROW3 -3.99685	3.60385	149.235
		*TM_POS -3.99685	3.60385	149.235
		*TM_ROTAXIS -0.571247	0.149705	-0.80701
		*TM_ROTANGLE 3.09451
		*TM_SCALE 1	1	1
		*TM_SCALEAXIS 0	0	0
		*TM_SCALEAXISANG 0	0	0
	}
}
*HELPEROBJECT {
	*NODE_NAME "Bip01 Head"
	*NODE_PARENT "Bip01 Neck"
	*NODE_TM {
		*NODE_NAME "Bip01 Head"
		*TM_ROW0 -0.445936	0.0435532	0.894005
		*TM_ROW1 0.0163817	-0.998251	0.0568031
		*TM_ROW2 0.894915	0.0399759	0.444442
		*TM_ROW3 -6.36738	2.6945	155.586
		*TM_POS -6.36738	2.6945	155.586
		*TM_ROTAXIS -0.526294	-0.0284721	-0.849826
		*TM_ROTANGLE 3.12561
		*TM_SCALE 1	1	1
		*TM_SCALEAXIS 0	0	0
		*TM_SCALEAXISANG 0	0	0
	}
}
*HELPEROBJECT {
	*NODE_NAME "zs_Helmet"
	*NODE_PARENT "Bip01 Head"
	*NODE_TM {
		*NODE_NAME "zs_Helmet"
		*TM_ROW0 0.894915	0.0399768	0.444442
		*TM_ROW1 0.0186553	0.991757	-0.12677
		*TM_ROW2 -0.445847	0.12174	0.886792
		*TM_ROW3 -130.807	-57.0706	411.53
		*TM_POS -130.807	-57.0706	411.53
		*TM_ROTAXIS 0.268785	0.962924	-0.023061
		*TM_ROTANGLE 0.480569
		*TM_SCALE 1	1	1
		*TM_SCALEAXIS 0	0	0
		*TM_SCALEAXISANG 0	0	0
	}
}
*HELPEROBJECT {
	*NODE_NAME "Bip01 L Clavicle"
	*NODE_PARENT "Bip01 Neck"
	*NODE_TM {
		*NODE_NAME "Bip01 L Clavicle"
		*TM_ROW0 0.613323	-0.760633	-0.212775
		*TM_ROW1 0.783464	0.620026	0.0418493
		*TM_ROW2 0.100094	-0.192369	0.976205
		*TM_ROW3 2.54834	-0.486817	143.005
		*TM_POS 2.54834	-0.486817	143.005
		*TM_ROTAXIS -0.147049	-0.196429	0.969429
		*TM_ROTANGLE 0.921311
		*TM_SCALE 1	1	1
		*TM_SCALEAXIS 0	0	0
		*TM_SCALEAXISANG 0	0	0
	}
}
*HELPEROBJECT {
	*NODE_NAME "Bip01 L UpperArm"
	*NODE_PARENT "Bip01 L Clavicle"
	*NODE_TM {
		*NODE_NAME "Bip01 L UpperArm"
		*TM_ROW0 -0.656938	-0.599495	-0.457207
		*TM_ROW1 0.303918	0.344402	-0.888269
		*TM_ROW2 0.689975	-0.722491	-0.0440537
		*TM_ROW3 10.7215	-10.623	140.17
		*TM_POS 10.7215	-10.623	140.17
		*TM_ROTAXIS 0.112806	-0.780619	0.614742
		*TM_ROTANGLE 2.31624
		*TM_SCALE 1	1	1
		*TM_SCALEAXIS 0	0	0
		*TM_SCALEAXISANG 0	0	0
	}
}
*HELPEROBJECT {
	*NODE_NAME "Bip01 L Forearm"
	*NODE_PARENT "Bip01 L UpperArm"
	*NODE_TM {
		*NODE_NAME "Bip01 L Forearm"
		*TM_ROW0 -0.292011	-0.333526	0.896376
		*TM_ROW1 -0.662317	-0.605613	-0.4411
		*TM_ROW2 0.689975	-0.722491	-0.0440538
		*TM_ROW3 -7.61119	-27.3526	127.411
		*TM_POS -7.61119	-27.3526	127.411
		*TM_ROTAXIS -0.586887	0.430482	-0.685747
		*TM_ROTANGLE 2.8995
		*TM_SCALE 1	1	1
		*TM_SCALEAXIS 0	0	0
		*TM_SCALEAXISANG 0	0	0
	}
}
*HELPEROBJECT {
	*NODE_NAME "Bip01 L Hand"
	*NODE_PARENT "Bip01 L Forearm"
	*NODE_TM {
		*NODE_NAME "Bip01 L Hand"
		*TM_ROW0 -0.985825	0.0839847	-0.145243
		*TM_ROW1 -0.126177	0.199459	0.971749
		*TM_ROW2 0.110582	0.9763	-0.186035
		*TM_ROW3 -15.7339	-36.6301	152.345
		*TM_POS -15.7339	-36.6301	152.345
		*TM_ROTAXIS 0.0137472	-0.772625	-0.634714
		*TM_ROTANGLE 2.97527
		*TM_SCALE 1	1	1
		*TM_SCALEAXIS 0	0	0
		*TM_SCALEAXISANG 0	0	0
	}
}
*HELPEROBJECT {
	*NODE_NAME "Bip01 L Finger0"
	*NODE_PARENT "Bip01 L Hand"
	*NODE_TM {
		*NODE_NAME "Bip01 L Finger0"
		*TM_ROW0 -0.985826	0.08398	-0.145238
		*TM_ROW1 -0.126257	0.198713	0.971891
		*TM_ROW2 0.11048	0.976453	-0.185293
		*TM_ROW3 -28.4213	-35.5492	150.476
		*TM_POS -28.4213	-35.5492	150.476
		*TM_ROTAXIS 0.013779	-0.772382	-0.635009
		*TM_ROTANGLE 2.97529
		*TM_SCALE 1	1	1
		*TM_SCALEAXIS 0	0	0
		*TM_SCALEAXISANG 0	0	0
	}
}
*HELPEROBJECT {
	*NODE_NAME "zs_LeftHand"
	*NODE_PARENT "Bip01 L Hand"
	*NODE_TM {
		*NODE_NAME "zs_LeftHand"
		*TM_ROW0 0.0245551	0.998902	-0.0398932
		*TM_ROW1 0.0674478	-0.0414697	-0.996861
		*TM_ROW2 -0.997421	0.0217873	-0.068392
		*TM_ROW3 -140.888	-174.375	348.318
		*TM_POS -140.888	-174.375	348.318
		*TM_ROTAXIS -0.606369	-0.569986	0.554466
		*TM_ROTANGLE 4.1388
		*TM_SCALE 1	1	1
		*TM_SCALEAXIS 0	0	0
		*TM_SCALEAXISANG 0	0	0
	}
}
*HELPEROBJECT {
	*NODE_NAME "zs_LeftArm"
	*NODE_PARENT "Bip01 L Forearm"
	*NODE_TM {
		*NODE_NAME "zs_LeftArm"
		*TM_ROW0 -0.411535	-0.385326	0.825932
		*TM_ROW1 -0.568322	-0.59996	-0.563079
		*TM_ROW2 0.712495	-0.701122	0.0279153
		*TM_ROW3 66.2685	-44.2474	437.722
		*TM_POS 66.2685	-44.2474	437.722
		*TM_ROTAXIS -0.539744	0.443534	-0.71551
		*TM_ROTANGLE 3.01336
		*TM_SCALE 1	1	1
		*TM_SCALEAXIS 0	0	0
		*TM_SCALEAXISANG 0	0	0
	}
}
*HELPEROBJECT {
	*NODE_NAME "Bip01 R Clavicle"
	*NODE_PARENT "Bip01 Neck"
	*NODE_TM {
		*NODE_NAME "Bip01 R Clavicle"
		*TM_ROW0 -0.970896	0.218381	-0.0983424
		*TM_ROW1 0.207173	0.971797	0.112651
		*TM_ROW2 0.12017	0.088998	-0.988756
		*TM_ROW3 -7.10124	12.0237	145.023
		*TM_POS -7.10124	12.0237	145.023
		*TM_ROTAXIS -0.107475	-0.992903	-0.0509271
		*TM_ROTANGLE 3.03133
		*TM_SCALE 1	1	1
		*TM_SCALEAXIS 0	0	0
		*TM_SCALEAXISANG 0	0	0
	}
}
*HELPEROBJECT {
	*NODE_NAME "Bip01 R UpperArm"
	*NODE_PARENT "Bip01 R Clavicle"
	*NODE_TM {
		*NODE_NAME "Bip01 R UpperArm"
		*TM_ROW0 -0.916731	-0.335336	-0.217149
		*TM_ROW1 -0.290018	0.932429	-0.215559
		*TM_ROW2 0.27476	-0.134632	-0.95204
		*TM_ROW3 -20.0394	14.9339	143.713
		*TM_POS -20.0394	14.9339	143.713
		*TM_ROTAXIS 0.161666	-0.982684	0.0905311
		*TM_ROTANGLE 2.88861
		*TM_SCALE 1	1	1
		*TM_SCALEAXIS 0	0	0
		*TM_SCALEAXISANG 0	0	0
	}
}
*HELPEROBJECT {
	*NODE_NAME "Bip01 R Forearm"
	*NODE_PARENT "Bip01 R UpperArm"
	*NODE_TM {
		*NODE_NAME "Bip01 R Forearm"
		*TM_ROW0 0.483439	-0.83655	0.257821
		*TM_ROW1 -0.83114	-0.531092	-0.164764
		*TM_ROW2 0.27476	-0.134632	-0.95204
		*TM_ROW3 -45.6219	5.57589	137.653
		*TM_POS -45.6219	5.57589	137.653
		*TM_ROTAXIS -0.86122	0.484144	-0.154613
		*TM_ROTANGLE 3.15909
		*TM_SCALE 1	1	1
		*TM_SCALEAXIS 0	0	0
		*TM_SCALEAXISANG 0	0	0
	}
}
*HELPEROBJECT {
	*NODE_NAME "Bip01 R Hand"
	*NODE_PARENT "Bip01 R Forearm"
	*NODE_TM {
		*NODE_NAME "Bip01 R Hand"
		*TM_ROW0 0.755125	-0.626188	0.194102
		*TM_ROW1 -0.132336	0.144385	0.980632
		*TM_ROW2 -0.642086	-0.766187	0.0261614
		*TM_ROW3 -32.1744	-17.6938	144.825
		*TM_POS -32.1744	-17.6938	144.825
		*TM_ROTAXIS -0.874013	0.418383	0.247096
		*TM_ROTANGLE 1.60797
		*TM_SCALE 1	1	1
		*TM_SCALEAXIS 0	0	0
		*TM_SCALEAXISANG 0	0	0
	}
}
*HELPEROBJECT {
	*NODE_NAME "Bip01 R Finger0"
	*NODE_PARENT "Bip01 R Hand"
	*NODE_TM {
		*NODE_NAME "Bip01 R Finger0"
		*TM_ROW0 0.755125	-0.626188	0.194103
		*TM_ROW1 -0.132828	0.1438	0.980652
		*TM_ROW2 -0.641984	-0.766297	0.0254116
		*TM_ROW3 -22.4561	-25.7528	147.323
		*TM_POS -22.4561	-25.7528	147.323
		*TM_ROTAXIS -0.8741	0.418343	0.246856
		*TM_ROTANGLE 1.60864
		*TM_SCALE 1	1	1
		*TM_SCALEAXIS 0	0	0
		*TM_SCALEAXISANG 0	0	0
	}
}
*HELPEROBJECT {
	*NODE_NAME "zs_RightHand"
	*NODE_PARENT "Bip01 R Hand"
	*NODE_TM {
		*NODE_NAME "zs_RightHand"
		*TM_ROW0 0.0364942	0.998996	0.0259968
		*TM_ROW1 -0.993084	0.0391585	-0.110683
		*TM_ROW2 -0.11159	-0.0217777	0.993516
		*TM_ROW3 40.3474	-85.2029	219.594
		*TM_POS 40.3474	-85.2029	219.594
		*TM_ROTAXIS 0.0444792	0.0688345	-0.996636
		*TM_ROTANGLE 1.53621
		*TM_SCALE 1	1	1
		*TM_SCALEAXIS 0	0	0
		*TM_SCALEAXISANG 0	0	0
	}
}
*HELPEROBJECT {
	*NODE_NAME "zs_Crossbow"
	*NODE_PARENT "Bip01 Spine2"
	*NODE_TM {
		*NODE_NAME "zs_Crossbow"
		*TM_ROW0 -0.277545	0.11933	0.953273
		*TM_ROW1 -0.54081	0.800701	-0.257688
		*TM_ROW2 -0.794036	-0.587059	-0.157696
		*TM_ROW3 207.338	362.186	1535.57
		*TM_POS 207.338	362.186	1535.57
		*TM_ROTAXIS -0.173658	0.921251	-0.348052
		*TM_ROTANGLE 1.89365
		*TM_SCALE 1	1	1
		*TM_SCALEAXIS 0	0	0
		*TM_SCALEAXISANG 0	0	0
	}
}
*HELPEROBJECT {
	*NODE_NAME "zs_Longsword"
	*NODE_PARENT "Bip01 Spine2"
	*NODE_TM {
		*NODE_NAME "zs_Longsword"
		*TM_ROW0 -0.460179	0.140003	0.876718
		*TM_ROW1 -0.410305	0.842172	-0.349851
		*TM_ROW2 -0.787328	-0.520716	-0.330106
		*TM_ROW3 -25.9695	341.731	1217.18
		*TM_POS -25.9695	341.731	1217.18
		*TM_ROTAXIS -0.0970278	0.94495	-0.312499
		*TM_ROTANGLE 2.06469
		*TM_SCALE 1	1	1
		*TM_SCALEAXIS 0	0	0
		*TM_SCALEAXISANG 0	0	0
	}
}
*HELPEROBJECT {
	*NODE_NAME "zs_Shield"
	*NODE_PARENT "Bip01 Spine2"
	*NODE_TM {
		*NODE_NAME "zs_Shield"
		*TM_ROW0 0.179942	0.307184	-0.934483
		*TM_ROW1 -0.229648	0.936857	0.263744
		*TM_ROW2 0.956495	0.167143	0.239124
		*TM_ROW3 460.498	65.6393	407.705
		*TM_POS 460.498	65.6393	407.705
		*TM_ROTAXIS -0.0490839	-0.960826	-0.27277
		*TM_ROTANGLE 1.39188
		*TM_SCALE 1	1	1
		*TM_SCALEAXIS 0	0	0
		*TM_SCALEAXISANG 0	0	0
	}
}
*HELPEROBJECT {
	*NODE_NAME "zs_Bow"
	*NODE_PARENT "Bip01 Spine2"
	*NODE_TM {
		*NODE_NAME "zs_Bow"
		*TM_ROW0 -0.368119	0.00127501	0.929778
		*TM_ROW1 0.783355	0.539094	0.309408
		*TM_ROW2 -0.500843	0.842245	-0.19945
		*TM_ROW3 422.74	303.99	237.276
		*TM_POS 422.74	303.99	237.276
		*TM_ROTAXIS -0.310638	-0.834037	-0.455945
		*TM_ROTANGLE 4.17227
		*TM_SCALE 1	1	1
		*TM_SCALEAXIS 0	0	0
		*TM_SCALEAXISANG 0	0	0
	}
}
*HELPEROBJECT {
	*NODE_NAME "zs_Sword"
	*NODE_PARENT "Bip01 Spine"
	*NODE_TM {
		*NODE_NAME "zs_Sword"
		*TM_ROW0 -0.0559347	-0.2202	0.97385
		*TM_ROW1 0.350264	0.909059	0.225668
		*TM_ROW2 -0.934979	0.353727	0.0262802
		*TM_ROW3 314.508	-32.1124	119.425
		*TM_POS 314.508	-32.1124	119.425
		*TM_ROTAXIS 0.0641459	0.956154	0.285752
		*TM_ROTANGLE 1.63113
		*TM_SCALE 1	1	1
		*TM_SCALEAXIS 0	0	0
		*TM_SCALEAXISANG 0	0	0
	}
}
*HELPEROBJECT {
	*NODE_NAME "Bip01 L Thigh"
	*NODE_PARENT "Bip01 Pelvis"
	*NODE_TM {
		*NODE_NAME "Bip01 L Thigh"
		*TM_ROW0 0.0770506	-0.284979	-0.955432
		*TM_ROW1 -0.294288	-0.922086	0.2513
		*TM_ROW2 -0.952606	0.261809	-0.154913
		*TM_ROW3 1.94447	4.45125	95.2142
		*TM_POS 1.94447	4.45125	95.2142
		*TM_ROTAXIS -0.733839	0.197344	0.650028
		*TM_ROTANGLE 3.14875
		*TM_SCALE 1	1	1
		*TM_SCALEAXIS 0	0	0
		*TM_SCALEAXISANG 0	0	0
	}
}
*HELPEROBJECT {
	*NODE_NAME "Bip01 L Calf"
	*NODE_PARENT "Bip01 L Thigh"
	*NODE_TM {
		*NODE_NAME "Bip01 L Calf"
		*TM_ROW0 0.206069	0.180753	-0.961699
		*TM_ROW1 -0.223781	-0.948042	-0.226137
		*TM_ROW2 -0.952606	0.261809	-0.154913
		*TM_ROW3 4.97602	-6.7612	57.6229
		*TM_POS 4.97602	-6.7612	57.6229
		*TM_ROTAXIS -0.76976	0.0143442	0.638172
		*TM_ROTANGLE 3.4641
		*TM_SCALE 1	1	1
		*TM_SCALEAXIS 0	0	0
		*TM_SCALEAXISANG 0	0	0
	}
}
*HELPEROBJECT {
	*NODE_NAME "Bip01 L Foot"
	*NODE_PARENT "Bip01 L Calf"
	*NODE_TM {
		*NODE_NAME "Bip01 L Foot"
		*TM_ROW0 0.00143164	-0.000504607	-0.999999
		*TM_ROW1 0.173793	-0.984782	0.000745731
		*TM_ROW2 -0.984781	-0.173794	-0.00132215
		*TM_ROW3 15.0935	2.11333	10.4057
		*TM_POS 15.0935	2.11333	10.4057
		*TM_ROTAXIS -0.706254	-0.0615765	0.705275
		*TM_ROTANGLE 3.01771
		*TM_SCALE 1	1	1
		*TM_SCALEAXIS 0	0	0
		*TM_SCALEAXISANG 0	0	0
	}
}
*HELPEROBJECT {
	*NODE_NAME "Bip01 L Toe0"
	*NODE_PARENT "Bip01 L Foot"
	*NODE_TM {
		*NODE_NAME "Bip01 L Toe0"
		*TM_ROW0 0.17379	-0.984783	0.000667579
		*TM_ROW1 -0.00141612	0.00042799	0.999999
		*TM_ROW2 -0.984782	-0.173791	-0.00132018
		*TM_ROW3 19.0469	-20.1923	-2.20413
		*TM_POS 19.0469	-20.1923	-2.20413
		*TM_ROTAXIS -0.644599	0.54117	0.540026
		*TM_ROTANGLE 1.99715
		*TM_SCALE 1	1	1
		*TM_SCALEAXIS 0	0	0
		*TM_SCALEAXISANG 0	0	0
	}
}
*HELPEROBJECT {
	*NODE_NAME "Bip01 R Thigh"
	*NODE_PARENT "Bip01 Pelvis"
	*NODE_TM {
		*NODE_NAME "Bip01 R Thigh"
		*TM_ROW0 -0.170568	0.139057	-0.975484
		*TM_ROW1 -0.232905	-0.967628	-0.0972129
		*TM_ROW2 -0.957424	0.210614	0.197434
		*TM_ROW3 -15.5648	8.52023	93.9478
		*TM_POS -15.5648	8.52023	93.9478
		*TM_ROTAXIS 0.637117	-0.0373788	-0.76986
		*TM_ROTANGLE 2.8976
		*TM_SCALE 1	1	1
		*TM_SCALEAXIS 0	0	0
		*TM_SCALEAXISANG 0	0	0
	}
}
*HELPEROBJECT {
	*NODE_NAME "Bip01 R Calf"
	*NODE_PARENT "Bip01 R Thigh"
	*NODE_TM {
		*NODE_NAME "Bip01 R Calf"
		*TM_ROW0 -0.102803	0.390333	-0.914916
		*TM_ROW1 -0.269759	-0.89626	-0.352063
		*TM_ROW2 -0.957424	0.210614	0.197434
		*TM_ROW3 -22.2758	13.9914	55.5675
		*TM_POS -22.2758	13.9914	55.5675
		*TM_ROTAXIS 0.64794	0.0489497	-0.760117
		*TM_ROTANGLE 2.69244
		*TM_SCALE 1	1	1
		*TM_SCALEAXIS 0	0	0
		*TM_SCALEAXISANG 0	0	0
	}
}
*HELPEROBJECT {
	*NODE_NAME "Bip01 R Foot"
	*NODE_PARENT "Bip01 R Calf"
	*NODE_TM {
		*NODE_NAME "Bip01 R Foot"
		*TM_ROW0 -0.000319409	-2.89619e-005	-1
		*TM_ROW1 -0.528358	-0.849022	0.000193348
		*TM_ROW2 -0.849022	0.528358	0.000255878
		*TM_ROW3 -27.3232	33.1559	10.6473
		*TM_POS -27.3232	33.1559	10.6473
		*TM_ROTAXIS 0.692986	-0.198093	-0.693202
		*TM_ROTANGLE 2.75063
		*TM_SCALE 1	1	1
		*TM_SCALEAXIS 0	0	0
		*TM_SCALEAXISANG 0	0	0
	}
}
*HELPEROBJECT {
	*NODE_NAME "Bip01 R Toe0"
	*NODE_PARENT "Bip01 R Foot"
	*NODE_TM {
		*NODE_NAME "Bip01 R Toe0"
		*TM_ROW0 -0.528357	-0.849022	0.000118815
		*TM_ROW1 0.000281987	-3.55381e-005	1
		*TM_ROW2 -0.849022	0.528357	0.000258188
		*TM_ROW3 -39.2913	13.9304	-1.97508
		*TM_POS -39.2913	13.9304	-1.97508
		*TM_ROTAXIS 0.365537	-0.658109	-0.658236
		*TM_ROTANGLE 3.84279
		*TM_SCALE 1	1	1
		*TM_SCALEAXIS 0	0	0
		*TM_SCALEAXISANG 0	0	0
	}
}
