*3DSMAX_ASCIIEXPORT	110
*COMMENT "This file is part of Gothic Free Aim Copyright (C) 2016-2018  mud-freak (@szapp)"
*COMMENT "<http://github.com/szapp/GothicFreeAim>"
*COMMENT "Animations: first iteration"
*SCENE {
	*SCENE_FILENAME "bowIK_T2_frontLeft.max"
	*SCENE_FIRSTFRAME 1
	*SCENE_LASTFRAME 26
	*SCENE_FRAMESPEED 25
	*SCENE_TICKSPERFRAME 192
	*SCENE_BACKGROUND_STATIC 0	0	0
	*SCENE_AMBIENT_STATIC 0.2	0.2	0.2
}
*HELPEROBJECT {
	*NODE_NAME "Bip01"
	*NODE_TM {
		*NODE_NAME "Bip01"
		*TM_ROW0 -0.836419	-0.547972	0.0113689
		*TM_ROW1 0.547171	-0.836037	-0.040567
		*TM_ROW2 0.0317344	-0.0277103	0.999112
		*TM_ROW3 75.2736	-92.126	76.8705
		*TM_POS 75.2736	-92.126	76.8705
		*TM_ROTAXIS -0.0117369	0.0185917	-0.999758
		*TM_ROTANGLE 3.72121
		*TM_SCALE 1	1	1
		*TM_SCALEAXIS 0	0	0
		*TM_SCALEAXISANG 0	0	0
	}
	*TM_ANIMATION {
		*NODE_NAME "Bip01"
		*CONTROL_POS_TRACK {
			*CONTROL_POS_SAMPLE 192	-0.0498829	8.41684	74.638
			*CONTROL_POS_SAMPLE 384	1.80936	9.124	76.2952
			*CONTROL_POS_SAMPLE 576	4.02863	6.99078	76.9591
			*CONTROL_POS_SAMPLE 768	6.28085	4.67271	76.8164
			*CONTROL_POS_SAMPLE 960	8.58887	2.31557	75.9831
			*CONTROL_POS_SAMPLE 1152	11.0769	-0.648047	74.7086
			*CONTROL_POS_SAMPLE 1344	13.5785	-3.67697	73.1602
			*CONTROL_POS_SAMPLE 1536	16.1215	-6.79324	71.6154
			*CONTROL_POS_SAMPLE 1728	18.7338	-10.0189	70.3517
			*CONTROL_POS_SAMPLE 1920	21.8704	-14.1231	69.6467
			*CONTROL_POS_SAMPLE 2112	25.1714	-18.5383	70.2403
			*CONTROL_POS_SAMPLE 2304	28.4766	-22.9538	71.8715
			*CONTROL_POS_SAMPLE 2496	31.7855	-27.3716	73.3158
			*CONTROL_POS_SAMPLE 2688	35.0973	-31.7933	74.2697
			*CONTROL_POS_SAMPLE 2880	38.4117	-36.2207	75.0367
			*CONTROL_POS_SAMPLE 3072	41.728	-40.6557	75.3032
			*CONTROL_POS_SAMPLE 3264	45.0457	-45.1	74.9451
			*CONTROL_POS_SAMPLE 3456	48.3643	-49.5554	74.227
			*CONTROL_POS_SAMPLE 3648	51.6831	-54.0237	73.4185
			*CONTROL_POS_SAMPLE 3840	55.0017	-58.5067	72.7892
			*CONTROL_POS_SAMPLE 4032	58.3194	-63.0062	72.6087
			*CONTROL_POS_SAMPLE 4224	61.6762	-68.2229	73.1329
			*CONTROL_POS_SAMPLE 4416	65.0695	-74.0912	74.1973
			*CONTROL_POS_SAMPLE 4608	68.4707	-80.0985	75.4395
			*CONTROL_POS_SAMPLE 4800	71.8716	-86.1028	76.4987
			*CONTROL_POS_SAMPLE 4992	75.2736	-92.126	76.8705
		}
		*CONTROL_ROT_TRACK {
			*CONTROL_ROT_SAMPLE 192	-0.0117386	0.0185945	-0.999758	3.72221
			*CONTROL_ROT_SAMPLE 384	-0.0113266	0.018717	-0.999761	3.72206
			*CONTROL_ROT_SAMPLE 576	-0.0109371	0.0188328	-0.999763	3.72193
			*CONTROL_ROT_SAMPLE 768	-0.010576	0.0189403	-0.999765	3.72182
			*CONTROL_ROT_SAMPLE 960	-0.0102492	0.0190375	-0.999766	3.72172
			*CONTROL_ROT_SAMPLE 1152	-0.00996272	0.0191227	-0.999767	3.72164
			*CONTROL_ROT_SAMPLE 1344	-0.00972243	0.0191942	-0.999768	3.72157
			*CONTROL_ROT_SAMPLE 1536	-0.0095343	0.0192502	-0.999769	3.72151
			*CONTROL_ROT_SAMPLE 1728	-0.00940425	0.0192888	-0.99977	3.72146
			*CONTROL_ROT_SAMPLE 1920	-0.00933822	0.0193084	-0.99977	3.72141
			*CONTROL_ROT_SAMPLE 2112	-0.00934215	0.019307	-0.99977	3.72136
			*CONTROL_ROT_SAMPLE 2304	-0.00942196	0.019283	-0.99977	3.72131
			*CONTROL_ROT_SAMPLE 2496	-0.00962255	0.019223	-0.999769	3.72126
			*CONTROL_ROT_SAMPLE 2688	-0.00996451	0.0191208	-0.999768	3.72123
			*CONTROL_ROT_SAMPLE 2880	-0.0104174	0.0189856	-0.999766	3.7212
			*CONTROL_ROT_SAMPLE 3072	-0.0109506	0.0188263	-0.999763	3.72117
			*CONTROL_ROT_SAMPLE 3264	-0.0115337	0.0186522	-0.999759	3.72115
			*CONTROL_ROT_SAMPLE 3456	-0.0121362	0.0184722	-0.999756	3.72114
			*CONTROL_ROT_SAMPLE 3648	-0.0127276	0.0182957	-0.999752	3.72112
			*CONTROL_ROT_SAMPLE 3840	-0.0132774	0.0181315	-0.999747	3.72111
			*CONTROL_ROT_SAMPLE 4032	-0.0137551	0.0179888	-0.999744	3.72111
			*CONTROL_ROT_SAMPLE 4224	-0.0141302	0.0178768	-0.99974	3.7211
			*CONTROL_ROT_SAMPLE 4416	-0.0143722	0.0178045	-0.999738	3.72109
			*CONTROL_ROT_SAMPLE 4608	-0.0139577	0.0179283	-0.999742	3.72111
			*CONTROL_ROT_SAMPLE 4800	-0.0128473	0.01826	-0.999751	3.72116
			*CONTROL_ROT_SAMPLE 4992	-0.0117369	0.0185917	-0.999758	3.72121
		}
	}
}
*HELPEROBJECT {
	*NODE_NAME "Bip01 Footsteps"
	*NODE_PARENT "Bip01"
	*NODE_TM {
		*NODE_NAME "Bip01 Footsteps"
		*TM_ROW0 1	0	0
		*TM_ROW1 0	1	0
		*TM_ROW2 0	0	1
		*TM_ROW3 75.2736	-92.126	-3.53565
		*TM_POS 75.2736	-92.126	-3.53565
		*TM_ROTAXIS 0	0	0
		*TM_ROTANGLE 0
		*TM_SCALE 1	1	1
		*TM_SCALEAXIS 0	0	0
		*TM_SCALEAXISANG 0	0	0
	}
}
*HELPEROBJECT {
	*NODE_NAME "Bip01 Pelvis"
	*NODE_PARENT "Bip01"
	*NODE_TM {
		*NODE_NAME "Bip01 Pelvis"
		*TM_ROW0 0.0317337	-0.0277091	0.999112
		*TM_ROW1 -0.836418	-0.547974	0.0113689
		*TM_ROW2 0.547172	-0.836037	-0.0405656
		*TM_ROW3 77.6221	-91.6544	76.809
		*TM_POS 77.6221	-91.6544	76.809
		*TM_ROTAXIS -0.674938	0.35996	-0.644118
		*TM_ROTANGLE 2.46291
		*TM_SCALE 1	1	1
		*TM_SCALEAXIS 0	0	0
		*TM_SCALEAXISANG 0	0	0
	}
	*TM_ANIMATION {
		*NODE_NAME "Bip01 Pelvis"
		*CONTROL_POS_TRACK {
			*CONTROL_POS_SAMPLE 192	2.29816	8.89073	74.5766
			*CONTROL_POS_SAMPLE 384	4.15752	9.59752	76.2356
			*CONTROL_POS_SAMPLE 576	6.3769	7.46397	76.9012
			*CONTROL_POS_SAMPLE 768	8.62922	5.14562	76.7601
			*CONTROL_POS_SAMPLE 960	10.9373	2.78825	75.9282
			*CONTROL_POS_SAMPLE 1152	13.4254	-0.17557	74.655
			*CONTROL_POS_SAMPLE 1344	15.9271	-3.20466	73.1077
			*CONTROL_POS_SAMPLE 1536	18.4701	-6.32108	71.5637
			*CONTROL_POS_SAMPLE 1728	21.0825	-9.54689	70.3006
			*CONTROL_POS_SAMPLE 1920	24.2191	-13.6512	69.5958
			*CONTROL_POS_SAMPLE 2112	27.5202	-18.0665	70.1895
			*CONTROL_POS_SAMPLE 2304	30.8254	-22.4822	71.8203
			*CONTROL_POS_SAMPLE 2496	34.1342	-26.9	73.2637
			*CONTROL_POS_SAMPLE 2688	37.4461	-31.3218	74.216
			*CONTROL_POS_SAMPLE 2880	40.7604	-35.7493	74.981
			*CONTROL_POS_SAMPLE 3072	44.0766	-40.1843	75.2452
			*CONTROL_POS_SAMPLE 3264	47.3943	-44.6286	74.8845
			*CONTROL_POS_SAMPLE 3456	50.7128	-49.084	74.1637
			*CONTROL_POS_SAMPLE 3648	54.0315	-53.5523	73.3526
			*CONTROL_POS_SAMPLE 3840	57.35	-58.0353	72.7208
			*CONTROL_POS_SAMPLE 4032	60.6677	-62.5348	72.5382
			*CONTROL_POS_SAMPLE 4224	64.0245	-67.7516	73.0607
			*CONTROL_POS_SAMPLE 4416	67.4178	-73.6198	74.1241
			*CONTROL_POS_SAMPLE 4608	70.8189	-79.6272	75.3681
			*CONTROL_POS_SAMPLE 4800	74.22	-85.6313	76.4323
			*CONTROL_POS_SAMPLE 4992	77.6221	-91.6544	76.809
		}
		*CONTROL_ROT_TRACK {
			*CONTROL_ROT_SAMPLE 192	-0.675038	0.359588	-0.644221	2.46357
			*CONTROL_ROT_SAMPLE 384	-0.674813	0.359883	-0.644292	2.46401
			*CONTROL_ROT_SAMPLE 576	-0.674601	0.360157	-0.64436	2.46444
			*CONTROL_ROT_SAMPLE 768	-0.674406	0.360407	-0.644424	2.46484
			*CONTROL_ROT_SAMPLE 960	-0.67423	0.360631	-0.644483	2.46521
			*CONTROL_ROT_SAMPLE 1152	-0.674076	0.360827	-0.644535	2.46553
			*CONTROL_ROT_SAMPLE 1344	-0.673947	0.360992	-0.644578	2.4658
			*CONTROL_ROT_SAMPLE 1536	-0.673845	0.361123	-0.644611	2.46601
			*CONTROL_ROT_SAMPLE 1728	-0.673773	0.361218	-0.644633	2.46614
			*CONTROL_ROT_SAMPLE 1920	-0.673735	0.361274	-0.644641	2.4662
			*CONTROL_ROT_SAMPLE 2112	-0.673732	0.36129	-0.644635	2.46616
			*CONTROL_ROT_SAMPLE 2304	-0.673768	0.361262	-0.644614	2.46602
			*CONTROL_ROT_SAMPLE 2496	-0.673865	0.361163	-0.644567	2.46573
			*CONTROL_ROT_SAMPLE 2688	-0.674036	0.36098	-0.644491	2.46525
			*CONTROL_ROT_SAMPLE 2880	-0.674264	0.360729	-0.644393	2.46464
			*CONTROL_ROT_SAMPLE 3072	-0.674533	0.36043	-0.644279	2.46392
			*CONTROL_ROT_SAMPLE 3264	-0.674829	0.360099	-0.644154	2.46314
			*CONTROL_ROT_SAMPLE 3456	-0.675134	0.359756	-0.644026	2.46234
			*CONTROL_ROT_SAMPLE 3648	-0.675435	0.359417	-0.6439	2.46156
			*CONTROL_ROT_SAMPLE 3840	-0.675714	0.359101	-0.643783	2.46083
			*CONTROL_ROT_SAMPLE 4032	-0.675956	0.358827	-0.643682	2.4602
			*CONTROL_ROT_SAMPLE 4224	-0.676147	0.358612	-0.643602	2.4597
			*CONTROL_ROT_SAMPLE 4416	-0.676269	0.358474	-0.64355	2.45938
			*CONTROL_ROT_SAMPLE 4608	-0.67606	0.358708	-0.643639	2.45993
			*CONTROL_ROT_SAMPLE 4800	-0.675499	0.359334	-0.643879	2.46142
			*CONTROL_ROT_SAMPLE 4992	-0.674938	0.35996	-0.644118	2.46291
		}
	}
}
*HELPEROBJECT {
	*NODE_NAME "Bip01 Spine"
	*NODE_PARENT "Bip01 Pelvis"
	*NODE_TM {
		*NODE_NAME "Bip01 Spine"
		*TM_ROW0 -0.0267031	-0.0658734	0.997471
		*TM_ROW1 -0.836595	-0.544703	-0.0583687
		*TM_ROW2 0.54717	-0.836038	-0.0405641
		*TM_ROW3 77.7728	-91.6721	79.2067
		*TM_POS 77.7728	-91.6721	79.2067
		*TM_ROTAXIS -0.656886	0.380362	-0.651018
		*TM_ROTANGLE 2.50813
		*TM_SCALE 1	1	1
		*TM_SCALEAXIS 0	0	0
		*TM_SCALEAXISANG 0	0	0
	}
}
*HELPEROBJECT {
	*NODE_NAME "Bip01 Spine1"
	*NODE_PARENT "Bip01 Spine"
	*NODE_TM {
		*NODE_NAME "Bip01 Spine1"
		*TM_ROW0 -0.039189	-0.0785687	0.996138
		*TM_ROW1 -0.938645	-0.338958	-0.0636619
		*TM_ROW2 0.342651	-0.937515	-0.0604648
		*TM_ROW3 77.52	-92.316	89.0097
		*TM_POS 77.52	-92.316	89.0097
		*TM_ROTAXIS -0.628949	0.470342	-0.619033
		*TM_ROTANGLE 2.3736
		*TM_SCALE 1	1	1
		*TM_SCALEAXIS 0	0	0
		*TM_SCALEAXISANG 0	0	0
	}
}
*HELPEROBJECT {
	*NODE_NAME "Bip01 Spine2"
	*NODE_PARENT "Bip01 Spine1"
	*NODE_TM {
		*NODE_NAME "Bip01 Spine2"
		*TM_ROW0 -0.130752	0.0235635	0.991135
		*TM_ROW1 -0.984906	-0.117454	-0.127138
		*TM_ROW2 0.113417	-0.992799	0.0385652
		*TM_ROW3 77.0423	-93.3181	101.753
		*TM_POS 77.0423	-93.3181	101.753
		*TM_ROTAXIS -0.54351	0.55108	-0.633173
		*TM_ROTANGLE 2.22034
		*TM_SCALE 1	1	1
		*TM_SCALEAXIS 0	0	0
		*TM_SCALEAXISANG 0	0	0
	}
}
*HELPEROBJECT {
	*NODE_NAME "Bip01 Neck"
	*NODE_PARENT "Bip01 Spine2"
	*NODE_TM {
		*NODE_NAME "Bip01 Neck"
		*TM_ROW0 -0.418705	-0.323974	0.848367
		*TM_ROW1 -0.134049	-0.901916	-0.410582
		*TM_ROW2 0.898174	-0.285635	0.334209
		*TM_ROW3 73.1225	-92.6067	131.474
		*TM_POS 73.1225	-92.6067	131.474
		*TM_ROTAXIS -0.53687	0.214011	-0.81607
		*TM_ROTANGLE 3.25822
		*TM_SCALE 1	1	1
		*TM_SCALEAXIS 0	0	0
		*TM_SCALEAXISANG 0	0	0
	}
}
*HELPEROBJECT {
	*NODE_NAME "Bip01 Head"
	*NODE_PARENT "Bip01 Neck"
	*NODE_TM {
		*NODE_NAME "Bip01 Head"
		*TM_ROW0 -0.477585	0.0247584	0.878237
		*TM_ROW1 0.327773	-0.922414	0.204247
		*TM_ROW2 0.815155	0.385407	0.432416
		*TM_ROW3 70.2589	-94.8224	137.276
		*TM_POS 70.2589	-94.8224	137.276
		*TM_ROTAXIS -0.505145	-0.175896	-0.84492
		*TM_ROTANGLE 3.32188
		*TM_SCALE 1	1	1
		*TM_SCALEAXIS 0	0	0
		*TM_SCALEAXISANG 0	0	0
	}
}
*HELPEROBJECT {
	*NODE_NAME "zs_Helmet"
	*NODE_PARENT "Bip01 Head"
	*NODE_TM {
		*NODE_NAME "zs_Helmet"
		*TM_ROW0 0.815155	0.385408	0.432416
		*TM_ROW1 -0.289293	0.917628	-0.272522
		*TM_ROW2 -0.501829	0.0970531	0.859505
		*TM_ROW3 -40.6262	-154.41	399.418
		*TM_POS -40.6262	-154.41	399.418
		*TM_ROTAXIS 0.30538	0.771966	-0.557505
		*TM_ROTANGLE 0.649901
		*TM_SCALE 1	1	1
		*TM_SCALEAXIS 0	0	0
		*TM_SCALEAXISANG 0	0	0
	}
}
*HELPEROBJECT {
	*NODE_NAME "Bip01 L Clavicle"
	*NODE_PARENT "Bip01 Neck"
	*NODE_TM {
		*NODE_NAME "Bip01 L Clavicle"
		*TM_ROW0 0.344645	-0.887358	0.306294
		*TM_ROW1 0.913023	0.3927	0.110341
		*TM_ROW2 -0.218194	0.241625	0.94552
		*TM_ROW3 77.1613	-100.354	126.773
		*TM_POS 77.1613	-100.354	126.773
		*TM_ROTAXIS 0.0698392	0.279011	0.957745
		*TM_ROTANGLE 1.22236
		*TM_SCALE 1	1	1
		*TM_SCALEAXIS 0	0	0
		*TM_SCALEAXISANG 0	0	0
	}
}
*HELPEROBJECT {
	*NODE_NAME "Bip01 L UpperArm"
	*NODE_PARENT "Bip01 L Clavicle"
	*NODE_TM {
		*NODE_NAME "Bip01 L UpperArm"
		*TM_ROW0 0.293337	-0.955738	0.022757
		*TM_ROW1 0.939992	0.284001	-0.189101
		*TM_ROW2 0.174268	0.0768616	0.981694
		*TM_ROW3 81.754	-112.179	130.855
		*TM_POS 81.754	-112.179	130.855
		*TM_ROTAXIS 0.138502	-0.0789004	0.987214
		*TM_ROTANGLE 1.28751
		*TM_SCALE 1	1	1
		*TM_SCALEAXIS 0	0	0
		*TM_SCALEAXISANG 0	0	0
	}
}
*HELPEROBJECT {
	*NODE_NAME "Bip01 L Forearm"
	*NODE_PARENT "Bip01 L UpperArm"
	*NODE_TM {
		*NODE_NAME "Bip01 L Forearm"
		*TM_ROW0 0.182565	-0.982187	0.0444917
		*TM_ROW1 0.967626	0.171469	-0.185196
		*TM_ROW2 0.174268	0.0768616	0.981694
		*TM_ROW3 89.9399	-138.85	131.49
		*TM_POS 89.9399	-138.85	131.49
		*TM_ROTAXIS 0.132915	-0.0658222	0.988939
		*TM_ROTANGLE 1.40213
		*TM_SCALE 1	1	1
		*TM_SCALEAXIS 0	0	0
		*TM_SCALEAXISANG 0	0	0
	}
}
*HELPEROBJECT {
	*NODE_NAME "Bip01 L Hand"
	*NODE_PARENT "Bip01 L Forearm"
	*NODE_TM {
		*NODE_NAME "Bip01 L Hand"
		*TM_ROW0 0.237827	-0.963752	0.120911
		*TM_ROW1 -0.30357	-0.191999	-0.933264
		*TM_ROW2 0.92265	0.18525	-0.338229
		*TM_ROW3 95.0182	-166.171	132.728
		*TM_POS 95.0182	-166.171	132.728
		*TM_ROTAXIS -0.73281	0.52527	-0.432528
		*TM_ROTANGLE 4.00979
		*TM_SCALE 1	1	1
		*TM_SCALEAXIS 0	0	0
		*TM_SCALEAXISANG 0	0	0
	}
}
*HELPEROBJECT {
	*NODE_NAME "Bip01 L Finger0"
	*NODE_PARENT "Bip01 L Hand"
	*NODE_TM {
		*NODE_NAME "Bip01 L Finger0"
		*TM_ROW0 0.237824	-0.963753	0.120916
		*TM_ROW1 -0.304278	-0.192145	-0.933003
		*TM_ROW2 0.922418	0.185099	-0.338945
		*TM_ROW3 98.079	-178.574	134.284
		*TM_POS 98.079	-178.574	134.284
		*TM_ROTAXIS -0.732892	0.525367	-0.432272
		*TM_ROTANGLE 4.00923
		*TM_SCALE 1	1	1
		*TM_SCALEAXIS 0	0	0
		*TM_SCALEAXISANG 0	0	0
	}
}
*HELPEROBJECT {
	*NODE_NAME "zs_LeftHand"
	*NODE_PARENT "Bip01 L Hand"
	*NODE_TM {
		*NODE_NAME "zs_LeftHand"
		*TM_ROW0 0.877486	0.283785	-0.386631
		*TM_ROW1 0.368928	-0.914501	0.166071
		*TM_ROW2 -0.306446	-0.288365	-0.907158
		*TM_ROW3 145.349	-273.198	50.3811
		*TM_POS 145.349	-273.198	50.3811
		*TM_ROTAXIS -0.96844	-0.170881	0.181448
		*TM_ROTANGLE 2.90476
		*TM_SCALE 1	1	1
		*TM_SCALEAXIS 0	0	0
		*TM_SCALEAXISANG 0	0	0
	}
}
*HELPEROBJECT {
	*NODE_NAME "zs_LeftArm"
	*NODE_PARENT "Bip01 L Forearm"
	*NODE_TM {
		*NODE_NAME "zs_LeftArm"
		*TM_ROW0 0.310276	-0.950359	-0.0233933
		*TM_ROW1 0.942348	0.310719	-0.124234
		*TM_ROW2 0.125336	0.0165023	0.991977
		*TM_ROW3 -23.4547	-422.697	224.277
		*TM_POS -23.4547	-422.697	224.277
		*TM_ROTAXIS 0.0739261	-0.0781244	0.994199
		*TM_ROTANGLE 1.2593
		*TM_SCALE 1	1	1
		*TM_SCALEAXIS 0	0	0
		*TM_SCALEAXISANG 0	0	0
	}
}
*HELPEROBJECT {
	*NODE_NAME "Bip01 R Clavicle"
	*NODE_PARENT "Bip01 Neck"
	*NODE_TM {
		*NODE_NAME "Bip01 R Clavicle"
		*TM_ROW0 -0.738	0.595433	-0.317515
		*TM_ROW1 0.61066	0.789522	0.0612252
		*TM_ROW2 0.287141	-0.14871	-0.946275
		*TM_ROW3 75.3547	-84.5411	126.159
		*TM_POS 75.3547	-84.5411	126.159
		*TM_ROTAXIS -0.327898	-0.944414	0.0237842
		*TM_ROTANGLE 2.81573
		*TM_SCALE 1	1	1
		*TM_SCALEAXIS 0	0	0
		*TM_SCALEAXISANG 0	0	0
	}
}
*HELPEROBJECT {
	*NODE_NAME "Bip01 R UpperArm"
	*NODE_PARENT "Bip01 R Clavicle"
	*NODE_TM {
		*NODE_NAME "Bip01 R UpperArm"
		*TM_ROW0 -0.583798	-0.785265	-0.206249
		*TM_ROW1 -0.587068	0.583762	-0.560868
		*TM_ROW2 0.56083	-0.206351	-0.801803
		*TM_ROW3 65.5201	-76.6064	121.928
		*TM_POS 65.5201	-76.6064	121.928
		*TM_ROTAXIS 0.408443	-0.883761	0.228345
		*TM_ROTANGLE 2.69268
		*TM_SCALE 1	1	1
		*TM_SCALEAXIS 0	0	0
		*TM_SCALEAXISANG 0	0	0
	}
}
*HELPEROBJECT {
	*NODE_NAME "Bip01 R Forearm"
	*NODE_PARENT "Bip01 R UpperArm"
	*NODE_TM {
		*NODE_NAME "Bip01 R Forearm"
		*TM_ROW0 0.683609	-0.430916	0.589059
		*TM_ROW1 -0.467063	-0.878482	-0.100607
		*TM_ROW2 0.56083	-0.206351	-0.801803
		*TM_ROW3 49.2285	-98.5201	116.172
		*TM_POS 49.2285	-98.5201	116.172
		*TM_ROTAXIS -0.917427	0.244904	-0.313607
		*TM_ROTANGLE 3.08393
		*TM_SCALE 1	1	1
		*TM_SCALEAXIS 0	0	0
		*TM_SCALEAXISANG 0	0	0
	}
}
*HELPEROBJECT {
	*NODE_NAME "Bip01 R Hand"
	*NODE_PARENT "Bip01 R Forearm"
	*NODE_TM {
		*NODE_NAME "Bip01 R Hand"
		*TM_ROW0 0.393533	-0.903211	0.171298
		*TM_ROW1 0.775966	0.226437	-0.58873
		*TM_ROW2 0.492959	0.364606	0.789971
		*TM_ROW3 68.244	-110.507	132.557
		*TM_POS 68.244	-110.507	132.557
		*TM_ROTAXIS 0.487008	-0.16432	0.857801
		*TM_ROTANGLE 1.36436
		*TM_SCALE 1	1	1
		*TM_SCALEAXIS 0	0	0
		*TM_SCALEAXISANG 0	0	0
	}
}
*HELPEROBJECT {
	*NODE_NAME "Bip01 R Finger0"
	*NODE_PARENT "Bip01 R Hand"
	*NODE_TM {
		*NODE_NAME "Bip01 R Finger0"
		*TM_ROW0 0.393527	-0.903213	0.171299
		*TM_ROW1 0.776344	0.226709	-0.588127
		*TM_ROW2 0.492369	0.364431	0.79042
		*TM_ROW3 73.3087	-122.131	134.762
		*TM_POS 73.3087	-122.131	134.762
		*TM_ROTAXIS 0.486648	-0.164029	0.858061
		*TM_ROTANGLE 1.364
		*TM_SCALE 1	1	1
		*TM_SCALEAXIS 0	0	0
		*TM_SCALEAXISANG 0	0	0
	}
}
*HELPEROBJECT {
	*NODE_NAME "zs_RightHand"
	*NODE_PARENT "Bip01 R Hand"
	*NODE_TM {
		*NODE_NAME "zs_RightHand"
		*TM_ROW0 -0.371451	0.919948	-0.125378
		*TM_ROW1 -0.856133	-0.391631	-0.337137
		*TM_ROW2 -0.35925	-0.0178898	0.93307
		*TM_ROW3 256.653	-565.387	212.082
		*TM_POS 256.653	-565.387	212.082
		*TM_ROTAXIS 0.175446	0.128527	-0.976063
		*TM_ROTANGLE 1.99875
		*TM_SCALE 1	1	1
		*TM_SCALEAXIS 0	0	0
		*TM_SCALEAXISANG 0	0	0
	}
}
*HELPEROBJECT {
	*NODE_NAME "zs_Crossbow"
	*NODE_PARENT "Bip01 Spine2"
	*NODE_TM {
		*NODE_NAME "zs_Crossbow"
		*TM_ROW0 -0.429523	0.368421	0.824485
		*TM_ROW1 0.0551571	0.921993	-0.383258
		*TM_ROW2 -0.90137	-0.119142	-0.416338
		*TM_ROW3 149.031	297.909	1424.6
		*TM_POS 149.031	297.909	1424.6
		*TM_ROTAXIS 0.148896	0.972955	-0.176603
		*TM_ROTANGLE 2.05097
		*TM_SCALE 1	1	1
		*TM_SCALEAXIS 0	0	0
		*TM_SCALEAXISANG 0	0	0
	}
}
*HELPEROBJECT {
	*NODE_NAME "zs_Longsword"
	*NODE_PARENT "Bip01 Spine2"
	*NODE_TM {
		*NODE_NAME "zs_Longsword"
		*TM_ROW0 -0.406842	0.486999	0.77286
		*TM_ROW1 0.131206	0.868423	-0.478148
		*TM_ROW2 -0.904027	-0.093127	-0.417208
		*TM_ROW3 120.588	369.62	1150.99
		*TM_POS 120.588	369.62	1150.99
		*TM_ROTAXIS 0.219145	0.954445	-0.202509
		*TM_ROTANGLE 2.06896
		*TM_SCALE 1	1	1
		*TM_SCALEAXIS 0	0	0
		*TM_SCALEAXISANG 0	0	0
	}
}
*HELPEROBJECT {
	*NODE_NAME "zs_Shield"
	*NODE_PARENT "Bip01 Spine2"
	*NODE_TM {
		*NODE_NAME "zs_Shield"
		*TM_ROW0 0.410467	0.025452	-0.91152
		*TM_ROW1 0.269616	0.95153	0.14798
		*TM_ROW2 0.871105	-0.306501	0.383709
		*TM_ROW3 471.295	-235.772	459.155
		*TM_POS 471.295	-235.772	459.155
		*TM_ROTAXIS -0.2449	-0.96058	0.131569
		*TM_ROTANGLE 1.18871
		*TM_SCALE 1	1	1
		*TM_SCALEAXIS 0	0	0
		*TM_SCALEAXISANG 0	0	0
	}
}
*HELPEROBJECT {
	*NODE_NAME "zs_Bow"
	*NODE_PARENT "Bip01 Spine2"
	*NODE_TM {
		*NODE_NAME "zs_Bow"
		*TM_ROW0 -0.178247	0.275147	0.944734
		*TM_ROW1 0.95222	0.290217	0.0951356
		*TM_ROW2 -0.248002	0.916552	-0.313731
		*TM_ROW3 589.628	45.2247	146.862
		*TM_POS 589.628	45.2247	146.862
		*TM_ROTAXIS -0.51381	-0.746076	-0.423521
		*TM_ROTANGLE 4.06779
		*TM_SCALE 1	1	1
		*TM_SCALEAXIS 0	0	0
		*TM_SCALEAXISANG 0	0	0
	}
}
*HELPEROBJECT {
	*NODE_NAME "zs_Sword"
	*NODE_PARENT "Bip01 Spine"
	*NODE_TM {
		*NODE_NAME "zs_Sword"
		*TM_ROW0 -0.299451	-0.240778	0.923231
		*TM_ROW1 0.781625	0.493013	0.382099
		*TM_ROW2 -0.547166	0.836041	0.0405649
		*TM_ROW3 310.072	-316.02	109.455
		*TM_POS 310.072	-316.02	109.455
		*TM_ROTAXIS 0.245699	0.795863	0.553384
		*TM_ROTANGLE 1.96377
		*TM_SCALE 1	1	1
		*TM_SCALEAXIS 0	0	0
		*TM_SCALEAXISANG 0	0	0
	}
}
*HELPEROBJECT {
	*NODE_NAME "Bip01 L Thigh"
	*NODE_PARENT "Bip01 Pelvis"
	*NODE_TM {
		*NODE_NAME "Bip01 L Thigh"
		*TM_ROW0 0.211676	-0.790583	-0.574606
		*TM_ROW1 -0.323378	-0.611468	0.722172
		*TM_ROW2 -0.92229	0.0329487	-0.385091
		*TM_ROW3 82.5522	-99.1873	76.4434
		*TM_POS 82.5522	-99.1873	76.4434
		*TM_ROTAXIS -0.76383	0.38532	0.517777
		*TM_ROTANGLE 2.67352
		*TM_SCALE 1	1	1
		*TM_SCALEAXIS 0	0	0
		*TM_SCALEAXISANG 0	0	0
	}
	*TM_ANIMATION {
		*NODE_NAME "Bip01 L Thigh"
		*CONTROL_POS_TRACK {
			*CONTROL_POS_SAMPLE 192	7.23582	1.36278	74.211
			*CONTROL_POS_SAMPLE 384	9.09416	2.0689	75.87
			*CONTROL_POS_SAMPLE 576	11.3127	-0.0652183	76.5356
			*CONTROL_POS_SAMPLE 768	13.5642	-2.38405	76.3945
			*CONTROL_POS_SAMPLE 960	15.8717	-4.74183	75.5626
			*CONTROL_POS_SAMPLE 1152	18.3593	-7.70599	74.2895
			*CONTROL_POS_SAMPLE 1344	20.8605	-10.7354	72.7421
			*CONTROL_POS_SAMPLE 1536	23.4031	-13.8521	71.1981
			*CONTROL_POS_SAMPLE 1728	26.0152	-17.0781	69.935
			*CONTROL_POS_SAMPLE 1920	29.1514	-21.1826	69.2303
			*CONTROL_POS_SAMPLE 2112	32.4521	-25.5982	69.8239
			*CONTROL_POS_SAMPLE 2304	35.7569	-30.0141	71.4547
			*CONTROL_POS_SAMPLE 2496	39.0653	-34.4322	72.8981
			*CONTROL_POS_SAMPLE 2688	42.3768	-38.8543	73.8505
			*CONTROL_POS_SAMPLE 2880	45.6908	-43.282	74.6155
			*CONTROL_POS_SAMPLE 3072	49.0067	-47.7172	74.8797
			*CONTROL_POS_SAMPLE 3264	52.324	-52.1617	74.519
			*CONTROL_POS_SAMPLE 3456	55.6422	-56.6173	73.7982
			*CONTROL_POS_SAMPLE 3648	58.9607	-61.0858	72.9871
			*CONTROL_POS_SAMPLE 3840	62.279	-65.569	72.3553
			*CONTROL_POS_SAMPLE 4032	65.5965	-70.0686	72.1727
			*CONTROL_POS_SAMPLE 4224	68.9531	-75.2854	72.6952
			*CONTROL_POS_SAMPLE 4416	72.3463	-81.1538	73.7586
			*CONTROL_POS_SAMPLE 4608	75.7477	-87.1609	75.0026
			*CONTROL_POS_SAMPLE 4800	79.1494	-93.1646	76.0668
			*CONTROL_POS_SAMPLE 4992	82.5522	-99.1873	76.4434
		}
		*CONTROL_ROT_TRACK {
			*CONTROL_ROT_SAMPLE 192	-0.691302	0.34867	0.632875	2.7094
			*CONTROL_ROT_SAMPLE 384	-0.766642	0.338056	0.545874	2.61144
			*CONTROL_ROT_SAMPLE 576	-0.801833	0.357505	0.478804	2.634
			*CONTROL_ROT_SAMPLE 768	-0.816541	0.368541	0.44434	2.60106
			*CONTROL_ROT_SAMPLE 960	-0.818354	0.388589	0.423432	2.56388
			*CONTROL_ROT_SAMPLE 1152	-0.818131	0.400005	0.413108	2.53748
			*CONTROL_ROT_SAMPLE 1344	-0.819906	0.392677	0.416604	2.5271
			*CONTROL_ROT_SAMPLE 1536	-0.820357	0.374978	0.431747	2.52929
			*CONTROL_ROT_SAMPLE 1728	-0.816644	0.36783	0.44474	2.53169
			*CONTROL_ROT_SAMPLE 1920	-0.809634	0.366861	0.458154	2.53202
			*CONTROL_ROT_SAMPLE 2112	-0.803743	0.348781	0.482026	2.54494
			*CONTROL_ROT_SAMPLE 2304	-0.798186	0.316499	0.51257	2.57015
			*CONTROL_ROT_SAMPLE 2496	-0.791504	0.281215	0.542623	2.59945
			*CONTROL_ROT_SAMPLE 2688	-0.783606	0.24549	0.570698	2.63103
			*CONTROL_ROT_SAMPLE 2880	-0.774669	0.206989	0.597532	2.66824
			*CONTROL_ROT_SAMPLE 3072	-0.76474	0.168688	0.621866	2.70842
			*CONTROL_ROT_SAMPLE 3264	-0.754072	0.131788	0.643434	2.75024
			*CONTROL_ROT_SAMPLE 3456	-0.74288	0.0950529	0.662642	2.79579
			*CONTROL_ROT_SAMPLE 3648	-0.731374	0.0579852	0.679507	2.84659
			*CONTROL_ROT_SAMPLE 3840	-0.719847	0.0206801	0.693824	2.90345
			*CONTROL_ROT_SAMPLE 4032	-0.708695	-0.0165882	0.70532	2.96682
			*CONTROL_ROT_SAMPLE 4224	-0.755968	0.0511155	0.652609	2.98467
			*CONTROL_ROT_SAMPLE 4416	-0.767644	0.148289	0.623484	2.88747
			*CONTROL_ROT_SAMPLE 4608	-0.769474	0.240363	0.591723	2.79621
			*CONTROL_ROT_SAMPLE 4800	-0.766137	0.321216	0.556646	2.72197
			*CONTROL_ROT_SAMPLE 4992	-0.76383	0.38532	0.517777	2.67352
		}
	}
}
*HELPEROBJECT {
	*NODE_NAME "Bip01 L Calf"
	*NODE_PARENT "Bip01 L Thigh"
	*NODE_TM {
		*NODE_NAME "Bip01 L Calf"
		*TM_ROW0 0.346526	0.511765	-0.78614
		*TM_ROW1 0.171174	-0.858493	-0.483414
		*TM_ROW2 -0.92229	0.0329487	-0.385091
		*TM_ROW3 90.8806	-130.293	53.8357
		*TM_POS 90.8806	-130.293	53.8357
		*TM_ROTAXIS -0.81525	-0.214958	0.537737
		*TM_ROTANGLE 3.46383
		*TM_SCALE 1	1	1
		*TM_SCALEAXIS 0	0	0
		*TM_SCALEAXISANG 0	0	0
	}
	*TM_ANIMATION {
		*NODE_NAME "Bip01 L Calf"
		*CONTROL_POS_TRACK {
			*CONTROL_POS_SAMPLE 192	7.38552	-27.1622	47.1127
			*CONTROL_POS_SAMPLE 384	18.225	-27.7856	51.9252
			*CONTROL_POS_SAMPLE 576	24.3315	-30.3572	55.0666
			*CONTROL_POS_SAMPLE 768	28.5543	-33.3724	57.341
			*CONTROL_POS_SAMPLE 960	31.3346	-36.8331	58.8573
			*CONTROL_POS_SAMPLE 1152	33.9872	-40.4114	58.9876
			*CONTROL_POS_SAMPLE 1344	36.7735	-43.2031	57.2296
			*CONTROL_POS_SAMPLE 1536	39.3528	-45.6228	54.3386
			*CONTROL_POS_SAMPLE 1728	41.5119	-48.6073	52.2213
			*CONTROL_POS_SAMPLE 1920	43.8294	-52.7707	50.9336
			*CONTROL_POS_SAMPLE 2112	46.3475	-56.4077	49.6818
			*CONTROL_POS_SAMPLE 2304	48.8138	-59.2212	48.5532
			*CONTROL_POS_SAMPLE 2496	51.1252	-61.7071	47.2338
			*CONTROL_POS_SAMPLE 2688	53.2871	-63.9989	45.6241
			*CONTROL_POS_SAMPLE 2880	55.2985	-65.9234	43.906
			*CONTROL_POS_SAMPLE 3072	57.1905	-67.6698	41.9717
			*CONTROL_POS_SAMPLE 3264	59.0073	-69.3426	39.7603
			*CONTROL_POS_SAMPLE 3456	60.7676	-70.8463	37.4763
			*CONTROL_POS_SAMPLE 3648	62.498	-72.1238	35.3883
			*CONTROL_POS_SAMPLE 3840	64.2446	-73.1636	33.8005
			*CONTROL_POS_SAMPLE 4032	66.0717	-73.9759	33.0253
			*CONTROL_POS_SAMPLE 4224	74.7856	-82.3202	34.4263
			*CONTROL_POS_SAMPLE 4416	79.8905	-96.1344	38.1681
			*CONTROL_POS_SAMPLE 4608	83.942	-109.167	43.4337
			*CONTROL_POS_SAMPLE 4800	87.4026	-120.613	49.1129
			*CONTROL_POS_SAMPLE 4992	90.8806	-130.293	53.8357
		}
		*CONTROL_ROT_TRACK {
			*CONTROL_ROT_SAMPLE 192	-0.752866	-0.220064	0.620294	3.67878
			*CONTROL_ROT_SAMPLE 384	-0.774254	-0.271103	0.571869	3.4804
			*CONTROL_ROT_SAMPLE 576	-0.811547	-0.275865	0.515062	3.40377
			*CONTROL_ROT_SAMPLE 768	-0.824078	-0.269338	0.498351	3.32486
			*CONTROL_ROT_SAMPLE 960	-0.832164	-0.254247	0.492809	3.26817
			*CONTROL_ROT_SAMPLE 1152	-0.836022	-0.241894	0.492498	3.23059
			*CONTROL_ROT_SAMPLE 1344	-0.837893	-0.222145	0.498586	3.19639
			*CONTROL_ROT_SAMPLE 1536	-0.836443	-0.20063	0.510011	3.17444
			*CONTROL_ROT_SAMPLE 1728	-0.83018	-0.202791	0.519305	3.1903
			*CONTROL_ROT_SAMPLE 1920	-0.816858	-0.231767	0.52823	3.24771
			*CONTROL_ROT_SAMPLE 2112	-0.799707	-0.258405	0.541937	3.30957
			*CONTROL_ROT_SAMPLE 2304	-0.780562	-0.279729	0.558994	3.36864
			*CONTROL_ROT_SAMPLE 2496	-0.760318	-0.300711	0.575752	3.42715
			*CONTROL_ROT_SAMPLE 2688	-0.7392	-0.322461	0.591272	3.48594
			*CONTROL_ROT_SAMPLE 2880	-0.717759	-0.342662	0.606139	3.54175
			*CONTROL_ROT_SAMPLE 3072	-0.696149	-0.362845	0.619451	3.59637
			*CONTROL_ROT_SAMPLE 3264	-0.674422	-0.383691	0.630822	3.65102
			*CONTROL_ROT_SAMPLE 3456	-0.653318	-0.403332	0.640702	3.70271
			*CONTROL_ROT_SAMPLE 3648	0.633969	0.419804	-0.649499	2.53539
			*CONTROL_ROT_SAMPLE 3840	0.617801	0.431153	-0.657593	2.50089
			*CONTROL_ROT_SAMPLE 4032	0.606387	0.435432	-0.665352	2.48106
			*CONTROL_ROT_SAMPLE 4224	-0.670772	-0.434763	0.600871	3.80814
			*CONTROL_ROT_SAMPLE 4416	-0.708109	-0.402604	0.580079	3.7632
			*CONTROL_ROT_SAMPLE 4608	-0.745674	-0.351231	0.566222	3.68377
			*CONTROL_ROT_SAMPLE 4800	-0.781844	-0.285749	0.554137	3.57972
			*CONTROL_ROT_SAMPLE 4992	-0.81525	-0.214958	0.537737	3.46383
		}
	}
}
*HELPEROBJECT {
	*NODE_NAME "Bip01 L Foot"
	*NODE_PARENT "Bip01 L Calf"
	*NODE_TM {
		*NODE_NAME "Bip01 L Foot"
		*TM_ROW0 0.000337569	-0.00015917	-1
		*TM_ROW1 -0.108085	-0.994142	0.000121749
		*TM_ROW2 -0.994142	0.108085	-0.000352795
		*TM_ROW3 107.894	-105.166	15.238
		*TM_POS 107.894	-105.166	15.238
		*TM_ROTAXIS -0.706709	0.0383477	0.706464
		*TM_ROTANGLE 3.21805
		*TM_SCALE 1	1	1
		*TM_SCALEAXIS 0	0	0
		*TM_SCALEAXISANG 0	0	0
	}
	*TM_ANIMATION {
		*NODE_NAME "Bip01 L Foot"
		*CONTROL_POS_TRACK {
			*CONTROL_POS_SAMPLE 192	16.9413	3.54539	10.014
			*CONTROL_POS_SAMPLE 384	29.1103	1.57179	14.1068
			*CONTROL_POS_SAMPLE 576	40.479	-2.19479	18.233
			*CONTROL_POS_SAMPLE 768	46.4053	-7.30087	19.7618
			*CONTROL_POS_SAMPLE 960	50.3577	-13.0859	20.3246
			*CONTROL_POS_SAMPLE 1152	53.5799	-18.4434	19.6924
			*CONTROL_POS_SAMPLE 1344	56.6372	-23.5986	16.8356
			*CONTROL_POS_SAMPLE 1536	58.9642	-28.3263	12.7838
			*CONTROL_POS_SAMPLE 1728	60.1084	-30.8444	10.3975
			*CONTROL_POS_SAMPLE 1920	60.3451	-31.4855	9.88788
			*CONTROL_POS_SAMPLE 2112	60.2978	-31.8102	9.54539
			*CONTROL_POS_SAMPLE 2304	60.0366	-31.8778	9.34898
			*CONTROL_POS_SAMPLE 2496	59.6315	-31.7478	9.27767
			*CONTROL_POS_SAMPLE 2688	59.1524	-31.4797	9.31044
			*CONTROL_POS_SAMPLE 2880	58.6694	-31.133	9.4263
			*CONTROL_POS_SAMPLE 3072	58.2525	-30.7672	9.60427
			*CONTROL_POS_SAMPLE 3264	57.9718	-30.4416	9.82332
			*CONTROL_POS_SAMPLE 3456	57.8972	-30.2159	10.0625
			*CONTROL_POS_SAMPLE 3648	58.0989	-30.1496	10.3007
			*CONTROL_POS_SAMPLE 3840	58.6467	-30.3019	10.517
			*CONTROL_POS_SAMPLE 4032	59.6108	-30.7325	10.6904
			*CONTROL_POS_SAMPLE 4224	75.65	-38.5085	12.2821
			*CONTROL_POS_SAMPLE 4416	84.6086	-54.173	13.117
			*CONTROL_POS_SAMPLE 4608	92.5699	-70.9485	13.8453
			*CONTROL_POS_SAMPLE 4800	100.132	-88.1684	14.531
			*CONTROL_POS_SAMPLE 4992	107.894	-105.166	15.238
		}
		*CONTROL_ROT_TRACK {
			*CONTROL_ROT_SAMPLE 192	-0.75715	-0.10225	0.645188	3.25046
			*CONTROL_ROT_SAMPLE 384	-0.737284	-0.020402	0.675275	3.27365
			*CONTROL_ROT_SAMPLE 576	-0.706082	0.0575207	0.70579	3.25627
			*CONTROL_ROT_SAMPLE 768	0.700425	-0.0717062	-0.710115	3.02658
			*CONTROL_ROT_SAMPLE 960	0.703278	-0.0645605	-0.707977	3.02685
			*CONTROL_ROT_SAMPLE 1152	-0.706103	0.0569831	0.705813	3.2552
			*CONTROL_ROT_SAMPLE 1344	-0.706153	0.0556822	0.705866	3.25261
			*CONTROL_ROT_SAMPLE 1536	-0.706218	0.0539536	0.705936	3.24917
			*CONTROL_ROT_SAMPLE 1728	-0.706268	0.0525966	0.705988	3.24646
			*CONTROL_ROT_SAMPLE 1920	-0.706299	0.0517145	0.706022	3.2447
			*CONTROL_ROT_SAMPLE 2112	-0.706329	0.0508744	0.706054	3.24303
			*CONTROL_ROT_SAMPLE 2304	-0.706356	0.05007	0.706083	3.24143
			*CONTROL_ROT_SAMPLE 2496	-0.706383	0.049295	0.706112	3.23988
			*CONTROL_ROT_SAMPLE 2688	-0.706408	0.0485432	0.706138	3.23838
			*CONTROL_ROT_SAMPLE 2880	-0.706432	0.0478086	0.706164	3.23692
			*CONTROL_ROT_SAMPLE 3072	-0.706455	0.0470845	0.70619	3.23548
			*CONTROL_ROT_SAMPLE 3264	-0.706478	0.046365	0.706214	3.23404
			*CONTROL_ROT_SAMPLE 3456	-0.706501	0.0456439	0.706239	3.2326
			*CONTROL_ROT_SAMPLE 3648	-0.706523	0.0449148	0.706263	3.23115
			*CONTROL_ROT_SAMPLE 3840	-0.706546	0.0441715	0.706287	3.22967
			*CONTROL_ROT_SAMPLE 4032	-0.706569	0.0434078	0.706312	3.22814
			*CONTROL_ROT_SAMPLE 4224	-0.706595	0.0425071	0.70634	3.22635
			*CONTROL_ROT_SAMPLE 4416	-0.706624	0.0414829	0.706372	3.22431
			*CONTROL_ROT_SAMPLE 4608	-0.706653	0.0404412	0.706403	3.22223
			*CONTROL_ROT_SAMPLE 4800	-0.706681	0.0393927	0.706434	3.22014
			*CONTROL_ROT_SAMPLE 4992	-0.706709	0.0383477	0.706464	3.21805
		}
	}
}
*HELPEROBJECT {
	*NODE_NAME "Bip01 L Toe0"
	*NODE_PARENT "Bip01 L Foot"
	*NODE_TM {
		*NODE_NAME "Bip01 L Toe0"
		*TM_ROW0 -0.108085	-0.994142	4.63444e-005
		*TM_ROW1 -0.000347825	8.44239e-005	1
		*TM_ROW2 -0.994142	0.108085	-0.000354912
		*TM_ROW3 105.451	-127.679	2.61403
		*TM_POS 105.451	-127.679	2.61403
		*TM_ROTAXIS 0.53575	-0.597183	-0.596946
		*TM_ROTANGLE 4.12501
		*TM_SCALE 1	1	1
		*TM_SCALEAXIS 0	0	0
		*TM_SCALEAXISANG 0	0	0
	}
	*TM_ANIMATION {
		*NODE_NAME "Bip01 L Toe0"
		*CONTROL_POS_TRACK {
			*CONTROL_POS_SAMPLE 192	20.7321	-15.6579	-6.98728
			*CONTROL_POS_SAMPLE 384	28.9261	-19.3552	-1.19699
			*CONTROL_POS_SAMPLE 576	36.8219	-24.5431	5.60926
			*CONTROL_POS_SAMPLE 768	42.0979	-29.7982	7.61713
			*CONTROL_POS_SAMPLE 960	46.3785	-35.5121	7.93874
			*CONTROL_POS_SAMPLE 1152	49.9568	-40.7972	7.06867
			*CONTROL_POS_SAMPLE 1344	53.0961	-45.9655	4.21182
			*CONTROL_POS_SAMPLE 1536	55.5322	-50.7102	0.160033
			*CONTROL_POS_SAMPLE 1728	56.7621	-53.2412	-2.2263
			*CONTROL_POS_SAMPLE 1920	57.0546	-53.8907	-2.7359
			*CONTROL_POS_SAMPLE 2112	57.0604	-54.223	-3.07841
			*CONTROL_POS_SAMPLE 2304	56.8501	-54.2979	-3.27482
			*CONTROL_POS_SAMPLE 2496	56.4939	-54.1748	-3.34615
			*CONTROL_POS_SAMPLE 2688	56.0624	-53.9134	-3.31339
			*CONTROL_POS_SAMPLE 2880	55.626	-53.573	-3.19753
			*CONTROL_POS_SAMPLE 3072	55.255	-53.2133	-3.01958
			*CONTROL_POS_SAMPLE 3264	55.0198	-52.8938	-2.80054
			*CONTROL_POS_SAMPLE 3456	54.991	-52.6741	-2.56141
			*CONTROL_POS_SAMPLE 3648	55.2388	-52.6136	-2.32317
			*CONTROL_POS_SAMPLE 3840	55.8338	-52.7719	-2.10686
			*CONTROL_POS_SAMPLE 4032	56.8463	-53.2085	-1.93346
			*CONTROL_POS_SAMPLE 4224	72.9427	-60.9915	-0.341826
			*CONTROL_POS_SAMPLE 4416	81.9663	-76.6637	0.493044
			*CONTROL_POS_SAMPLE 4608	89.9937	-93.4469	1.22135
			*CONTROL_POS_SAMPLE 4800	97.6227	-110.674	1.90704
			*CONTROL_POS_SAMPLE 4992	105.451	-127.679	2.61403
		}
		*CONTROL_ROT_TRACK {
			*CONTROL_ROT_SAMPLE 192	-0.66762	0.508765	0.543545	2.28115
			*CONTROL_ROT_SAMPLE 384	-0.592077	0.560176	0.579351	2.25308
			*CONTROL_ROT_SAMPLE 576	0.514978	-0.606278	-0.60599	4.09242
			*CONTROL_ROT_SAMPLE 768	0.500071	-0.614091	-0.610591	4.09902
			*CONTROL_ROT_SAMPLE 960	0.50761	-0.61018	-0.608287	4.09584
			*CONTROL_ROT_SAMPLE 1152	0.51556	-0.60603	-0.605744	4.09334
			*CONTROL_ROT_SAMPLE 1344	0.516967	-0.605429	-0.605146	4.09556
			*CONTROL_ROT_SAMPLE 1536	0.518838	-0.604625	-0.604347	4.09852
			*CONTROL_ROT_SAMPLE 1728	0.520307	-0.603992	-0.603717	4.10083
			*CONTROL_ROT_SAMPLE 1920	0.521262	-0.603579	-0.603306	4.10234
			*CONTROL_ROT_SAMPLE 2112	0.522172	-0.603184	-0.602914	4.10377
			*CONTROL_ROT_SAMPLE 2304	0.523043	-0.602806	-0.602538	4.10514
			*CONTROL_ROT_SAMPLE 2496	0.523882	-0.60244	-0.602174	4.10646
			*CONTROL_ROT_SAMPLE 2688	0.524697	-0.602084	-0.60182	4.10774
			*CONTROL_ROT_SAMPLE 2880	0.525493	-0.601736	-0.601474	4.10899
			*CONTROL_ROT_SAMPLE 3072	0.526277	-0.601392	-0.601132	4.11022
			*CONTROL_ROT_SAMPLE 3264	0.527057	-0.60105	-0.600791	4.11144
			*CONTROL_ROT_SAMPLE 3456	0.527838	-0.600706	-0.600449	4.11266
			*CONTROL_ROT_SAMPLE 3648	0.528629	-0.600357	-0.600103	4.1139
			*CONTROL_ROT_SAMPLE 3840	0.529434	-0.600001	-0.599749	4.11516
			*CONTROL_ROT_SAMPLE 4032	0.530262	-0.599634	-0.599384	4.11646
			*CONTROL_ROT_SAMPLE 4224	0.531239	-0.5992	-0.598953	4.11798
			*CONTROL_ROT_SAMPLE 4416	0.532349	-0.598706	-0.598461	4.11972
			*CONTROL_ROT_SAMPLE 4608	0.533479	-0.598201	-0.597959	4.12148
			*CONTROL_ROT_SAMPLE 4800	0.534616	-0.597692	-0.597453	4.12325
			*CONTROL_ROT_SAMPLE 4992	0.53575	-0.597183	-0.596946	4.12501
		}
	}
}
*HELPEROBJECT {
	*NODE_NAME "Bip01 R Thigh"
	*NODE_PARENT "Bip01 Pelvis"
	*NODE_TM {
		*NODE_NAME "Bip01 R Thigh"
		*TM_ROW0 -0.634516	-0.157062	-0.756783
		*TM_ROW1 -0.532473	-0.620885	0.575304
		*TM_ROW2 -0.560233	0.768006	0.310331
		*TM_ROW3 72.692	-84.1216	77.1745
		*TM_POS 72.692	-84.1216	77.1745
		*TM_ROTAXIS 0.41396	-0.422224	-0.806451
		*TM_ROTANGLE 2.90668
		*TM_SCALE 1	1	1
		*TM_SCALEAXIS 0	0	0
		*TM_SCALEAXISANG 0	0	0
	}
	*TM_ANIMATION {
		*NODE_NAME "Bip01 R Thigh"
		*CONTROL_POS_TRACK {
			*CONTROL_POS_SAMPLE 192	-2.6395	16.4187	74.9421
			*CONTROL_POS_SAMPLE 384	-0.77911	17.1261	76.6011
			*CONTROL_POS_SAMPLE 576	1.44114	14.9932	77.2668
			*CONTROL_POS_SAMPLE 768	3.69419	12.6753	77.1256
			*CONTROL_POS_SAMPLE 960	6.00291	10.3183	76.2937
			*CONTROL_POS_SAMPLE 1152	8.49156	7.35485	75.0205
			*CONTROL_POS_SAMPLE 1344	10.9936	4.32605	73.4732
			*CONTROL_POS_SAMPLE 1536	13.5371	1.2099	71.9292
			*CONTROL_POS_SAMPLE 1728	16.1498	-2.01567	70.6661
			*CONTROL_POS_SAMPLE 1920	19.2868	-6.11972	69.9613
			*CONTROL_POS_SAMPLE 2112	22.5882	-10.5348	70.555
			*CONTROL_POS_SAMPLE 2304	25.8938	-14.9502	72.1858
			*CONTROL_POS_SAMPLE 2496	29.2031	-19.3678	73.6292
			*CONTROL_POS_SAMPLE 2688	32.5153	-23.7893	74.5816
			*CONTROL_POS_SAMPLE 2880	35.83	-28.2166	75.3465
			*CONTROL_POS_SAMPLE 3072	39.1466	-32.6513	75.6107
			*CONTROL_POS_SAMPLE 3264	42.4645	-37.0954	75.25
			*CONTROL_POS_SAMPLE 3456	45.7833	-41.5507	74.5292
			*CONTROL_POS_SAMPLE 3648	49.1023	-46.0188	73.7181
			*CONTROL_POS_SAMPLE 3840	52.421	-50.5017	73.0863
			*CONTROL_POS_SAMPLE 4032	55.7389	-55.0011	72.9037
			*CONTROL_POS_SAMPLE 4224	59.0958	-60.2177	73.4262
			*CONTROL_POS_SAMPLE 4416	62.4892	-66.0859	74.4896
			*CONTROL_POS_SAMPLE 4608	65.8902	-72.0934	75.7336
			*CONTROL_POS_SAMPLE 4800	69.2905	-78.098	76.7978
			*CONTROL_POS_SAMPLE 4992	72.692	-84.1216	77.1745
		}
		*CONTROL_ROT_TRACK {
			*CONTROL_ROT_SAMPLE 192	0.415644	-0.265353	-0.869959	2.55695
			*CONTROL_ROT_SAMPLE 384	0.401621	-0.315511	-0.85974	2.66843
			*CONTROL_ROT_SAMPLE 576	0.384124	-0.392512	-0.835693	2.88997
			*CONTROL_ROT_SAMPLE 768	0.374019	-0.388535	-0.84211	2.90702
			*CONTROL_ROT_SAMPLE 960	0.362275	-0.367996	-0.85635	2.89326
			*CONTROL_ROT_SAMPLE 1152	0.350652	-0.343598	-0.871197	2.87004
			*CONTROL_ROT_SAMPLE 1344	0.340865	-0.325292	-0.882041	2.85502
			*CONTROL_ROT_SAMPLE 1536	0.333129	-0.305841	-0.8919	2.83073
			*CONTROL_ROT_SAMPLE 1728	0.326731	-0.282562	-0.90189	2.78699
			*CONTROL_ROT_SAMPLE 1920	0.30148	-0.307221	-0.902621	2.92002
			*CONTROL_ROT_SAMPLE 2112	0.284915	-0.337537	-0.897158	3.04304
			*CONTROL_ROT_SAMPLE 2304	0.28685	-0.372405	-0.882628	3.12257
			*CONTROL_ROT_SAMPLE 2496	0.300292	-0.408644	-0.861878	3.17118
			*CONTROL_ROT_SAMPLE 2688	0.316509	-0.446932	-0.836704	3.21538
			*CONTROL_ROT_SAMPLE 2880	0.336696	-0.485286	-0.806928	3.24858
			*CONTROL_ROT_SAMPLE 3072	0.3583	-0.52164	-0.774282	3.27411
			*CONTROL_ROT_SAMPLE 3264	0.379549	-0.554562	-0.740543	3.29358
			*CONTROL_ROT_SAMPLE 3456	0.400705	-0.581943	-0.707657	3.30413
			*CONTROL_ROT_SAMPLE 3648	0.431572	-0.597657	-0.675686	3.28126
			*CONTROL_ROT_SAMPLE 3840	0.465348	-0.595983	-0.654413	3.22413
			*CONTROL_ROT_SAMPLE 4032	0.479407	-0.584949	-0.65422	3.17212
			*CONTROL_ROT_SAMPLE 4224	0.471436	-0.565785	-0.676488	3.13317
			*CONTROL_ROT_SAMPLE 4416	0.457201	-0.536096	-0.709625	3.08669
			*CONTROL_ROT_SAMPLE 4608	0.441092	-0.499555	-0.745575	3.03194
			*CONTROL_ROT_SAMPLE 4800	0.426342	-0.460076	-0.778821	2.96978
			*CONTROL_ROT_SAMPLE 4992	0.41396	-0.422224	-0.806451	2.90668
		}
	}
}
*HELPEROBJECT {
	*NODE_NAME "Bip01 R Calf"
	*NODE_PARENT "Bip01 R Thigh"
	*NODE_TM {
		*NODE_NAME "Bip01 R Calf"
		*TM_ROW0 0.314869	0.543969	-0.777789
		*TM_ROW1 -0.766157	-0.33803	-0.546571
		*TM_ROW2 -0.560233	0.768006	0.31033
		*TM_ROW3 47.727	-90.3011	47.399
		*TM_POS 47.727	-90.3011	47.399
		*TM_ROTAXIS 0.703488	-0.116424	-0.701106
		*TM_ROTANGLE 1.93522
		*TM_SCALE 1	1	1
		*TM_SCALEAXIS 0	0	0
		*TM_SCALEAXISANG 0	0	0
	}
	*TM_ANIMATION {
		*NODE_NAME "Bip01 R Calf"
		*CONTROL_POS_TRACK {
			*CONTROL_POS_SAMPLE 192	-22.9841	27.3512	43.0895
			*CONTROL_POS_SAMPLE 384	-23.8059	23.1173	45.266
			*CONTROL_POS_SAMPLE 576	-25.2368	11.5021	48.5593
			*CONTROL_POS_SAMPLE 768	-23.7159	9.09766	49.1274
			*CONTROL_POS_SAMPLE 960	-21.9659	8.26998	48.6972
			*CONTROL_POS_SAMPLE 1152	-19.9134	7.24174	47.7963
			*CONTROL_POS_SAMPLE 1344	-17.7902	5.58845	46.6793
			*CONTROL_POS_SAMPLE 1536	-15.3987	4.11844	45.4287
			*CONTROL_POS_SAMPLE 1728	-12.6081	3.26647	44.3394
			*CONTROL_POS_SAMPLE 1920	-12.0315	-5.51423	46.1534
			*CONTROL_POS_SAMPLE 2112	-10.1935	-14.6109	49.183
			*CONTROL_POS_SAMPLE 2304	-6.96963	-22.6949	51.9861
			*CONTROL_POS_SAMPLE 2496	-3.03022	-30.0251	53.7432
			*CONTROL_POS_SAMPLE 2688	1.14977	-37.3323	55.0673
			*CONTROL_POS_SAMPLE 2880	5.60525	-44.4276	56.0674
			*CONTROL_POS_SAMPLE 3072	10.2045	-51.3196	56.5878
			*CONTROL_POS_SAMPLE 3264	14.8438	-57.9743	56.5636
			*CONTROL_POS_SAMPLE 3456	19.5085	-64.2847	56.068
			*CONTROL_POS_SAMPLE 3648	24.7256	-69.9175	54.1568
			*CONTROL_POS_SAMPLE 3840	30.2213	-74.411	51.0969
			*CONTROL_POS_SAMPLE 4032	34.4935	-77.8484	48.9319
			*CONTROL_POS_SAMPLE 4224	37.241	-80.9821	48.1433
			*CONTROL_POS_SAMPLE 4416	39.64	-83.8263	47.8212
			*CONTROL_POS_SAMPLE 4608	42.0457	-86.1704	47.7819
			*CONTROL_POS_SAMPLE 4800	44.7229	-88.1805	47.7669
			*CONTROL_POS_SAMPLE 4992	47.727	-90.3011	47.399
		}
		*CONTROL_ROT_TRACK {
			*CONTROL_ROT_SAMPLE 192	0.607577	-0.0601538	-0.79198	1.76842
			*CONTROL_ROT_SAMPLE 384	0.621448	-0.096445	-0.777496	1.81998
			*CONTROL_ROT_SAMPLE 576	0.652318	-0.128242	-0.747017	1.92133
			*CONTROL_ROT_SAMPLE 768	0.632526	-0.1384	-0.762074	1.94819
			*CONTROL_ROT_SAMPLE 960	0.603886	-0.138004	-0.785033	1.94825
			*CONTROL_ROT_SAMPLE 1152	0.573945	-0.133442	-0.807948	1.94209
			*CONTROL_ROT_SAMPLE 1344	0.5538	-0.125625	-0.823119	1.92708
			*CONTROL_ROT_SAMPLE 1536	0.534764	-0.116624	-0.836915	1.9099
			*CONTROL_ROT_SAMPLE 1728	0.508479	-0.112343	-0.853714	1.9107
			*CONTROL_ROT_SAMPLE 1920	0.534552	-0.0915779	-0.840159	1.81771
			*CONTROL_ROT_SAMPLE 2112	0.5695	-0.0745509	-0.818603	1.75178
			*CONTROL_ROT_SAMPLE 2304	0.611644	-0.0649739	-0.78846	1.73961
			*CONTROL_ROT_SAMPLE 2496	0.654444	-0.0589957	-0.753806	1.76291
			*CONTROL_ROT_SAMPLE 2688	0.696292	-0.0519718	-0.715874	1.80157
			*CONTROL_ROT_SAMPLE 2880	0.734929	-0.0462093	-0.676568	1.85777
			*CONTROL_ROT_SAMPLE 3072	0.768524	-0.0417838	-0.638455	1.92433
			*CONTROL_ROT_SAMPLE 3264	0.7966	-0.0389906	-0.603248	1.99514
			*CONTROL_ROT_SAMPLE 3456	0.818949	-0.0389954	-0.57254	2.06639
			*CONTROL_ROT_SAMPLE 3648	-0.835213	0.0511046	0.547547	4.13632
			*CONTROL_ROT_SAMPLE 3840	-0.84174	0.0768187	0.534389	4.07159
			*CONTROL_ROT_SAMPLE 4032	-0.838197	0.0973938	0.5366	4.06109
			*CONTROL_ROT_SAMPLE 4224	-0.825529	0.103021	0.554878	4.10923
			*CONTROL_ROT_SAMPLE 4416	-0.804188	0.105186	0.584994	4.17921
			*CONTROL_ROT_SAMPLE 4608	0.774968	-0.108211	-0.622668	2.03346
			*CONTROL_ROT_SAMPLE 4800	0.739949	-0.112723	-0.663151	1.97601
			*CONTROL_ROT_SAMPLE 4992	0.703488	-0.116424	-0.701106	1.93522
		}
	}
}
*HELPEROBJECT {
	*NODE_NAME "Bip01 R Foot"
	*NODE_PARENT "Bip01 R Calf"
	*NODE_TM {
		*NODE_NAME "Bip01 R Foot"
		*TM_ROW0 -0.0483508	0.175838	-0.983231
