*3DSMAX_ASCIIEXPORT	110
*COMMENT "This file is part of Gothic Free Aim Copyright (C) 2016-2018  mud-freak (@szapp)"
*COMMENT "<http://github.com/szapp/GothicFreeAim>"
*COMMENT "Animations: first iteration"
*SCENE {
	*SCENE_FILENAME "magIK_frontSlow.max"
	*SCENE_FIRSTFRAME 1
	*SCENE_LASTFRAME 27
	*SCENE_FRAMESPEED 25
	*SCENE_TICKSPERFRAME 192
	*SCENE_BACKGROUND_STATIC 0	0	0
	*SCENE_AMBIENT_STATIC 0.2	0.2	0.2
}
*HELPEROBJECT {
	*NODE_NAME "Bip01"
	*NODE_TM {
		*NODE_NAME "Bip01"
		*TM_ROW0 0.261363	-0.941308	-0.21361
		*TM_ROW1 0.963553	0.267518	9.37553e-005
		*TM_ROW2 0.0570561	-0.205849	0.976919
		*TM_ROW3 -20.6701	11.9132	92.6719
		*TM_POS -20.6701	11.9132	92.6719
		*TM_ROTAXIS -0.106431	-0.13988	0.984432
		*TM_ROTANGLE 1.31512
		*TM_SCALE 1	1	1
		*TM_SCALEAXIS 0	0	0
		*TM_SCALEAXISANG 0	0	0
	}
	*TM_ANIMATION {
		*NODE_NAME "Bip01"
		*CONTROL_POS_TRACK {
			*CONTROL_POS_SAMPLE 192	-20.6701	11.9132	92.6719
			*CONTROL_POS_SAMPLE 384	-20.6701	1.25799	92.3613
			*CONTROL_POS_SAMPLE 576	-20.6701	-5.29339	92.2203
			*CONTROL_POS_SAMPLE 768	-20.6701	-9.96586	92.08
			*CONTROL_POS_SAMPLE 960	-20.6701	-14.9843	91.772
			*CONTROL_POS_SAMPLE 1152	-20.6701	-20.5917	91.1564
			*CONTROL_POS_SAMPLE 1344	-20.6701	-25.718	90.3361
			*CONTROL_POS_SAMPLE 1536	-20.6701	-30.6194	89.5065
			*CONTROL_POS_SAMPLE 1728	-20.6701	-35.552	88.8629
			*CONTROL_POS_SAMPLE 1920	-20.6701	-40.4211	88.6056
			*CONTROL_POS_SAMPLE 2112	-20.6701	-45.1852	88.7618
			*CONTROL_POS_SAMPLE 2304	-20.6701	-50.01	89.1655
			*CONTROL_POS_SAMPLE 2496	-20.6701	-54.837	89.7286
			*CONTROL_POS_SAMPLE 2688	-20.6701	-59.6648	90.3633
			*CONTROL_POS_SAMPLE 2880	-20.6701	-64.4925	90.9815
			*CONTROL_POS_SAMPLE 3072	-20.6701	-69.3199	91.4977
			*CONTROL_POS_SAMPLE 3264	-20.6701	-74.1476	91.8267
			*CONTROL_POS_SAMPLE 3456	-20.6701	-78.9754	91.9178
			*CONTROL_POS_SAMPLE 3648	-20.6701	-83.8031	91.8308
			*CONTROL_POS_SAMPLE 3840	-20.6701	-88.6309	91.6445
			*CONTROL_POS_SAMPLE 4032	-20.6701	-93.4587	91.4375
			*CONTROL_POS_SAMPLE 4224	-20.6701	-98.2865	91.2888
			*CONTROL_POS_SAMPLE 4416	-20.6701	-103.114	91.2764
			*CONTROL_POS_SAMPLE 4608	-20.6701	-107.942	91.475
			*CONTROL_POS_SAMPLE 4800	-20.6701	-112.77	91.8402
			*CONTROL_POS_SAMPLE 4992	-20.6701	-117.598	92.2725
			*CONTROL_POS_SAMPLE 5184	-20.6701	-122.425	92.6719
		}
		*CONTROL_ROT_TRACK {
			*CONTROL_ROT_SAMPLE 192	-0.106431	-0.13988	0.984432	1.31512
			*CONTROL_ROT_SAMPLE 384	-0.116576	-0.158183	0.980504	1.29065
			*CONTROL_ROT_SAMPLE 576	-0.121061	-0.170097	0.977963	1.2765
			*CONTROL_ROT_SAMPLE 768	-0.121106	-0.176662	0.976793	1.2702
			*CONTROL_ROT_SAMPLE 960	-0.118094	-0.179146	0.976709	1.26951
			*CONTROL_ROT_SAMPLE 1152	-0.113477	-0.178935	0.977295	1.27228
			*CONTROL_ROT_SAMPLE 1344	-0.108702	-0.177456	0.978107	1.27637
			*CONTROL_ROT_SAMPLE 1536	-0.105185	-0.176132	0.978731	1.27963
			*CONTROL_ROT_SAMPLE 1728	-0.104314	-0.176375	0.97878	1.27987
			*CONTROL_ROT_SAMPLE 1920	-0.105843	-0.176613	0.978573	1.27873
			*CONTROL_ROT_SAMPLE 2112	-0.108318	-0.174779	0.978631	1.27902
			*CONTROL_ROT_SAMPLE 2304	-0.111317	-0.171542	0.978868	1.28037
			*CONTROL_ROT_SAMPLE 2496	-0.114418	-0.167574	0.979197	1.28239
			*CONTROL_ROT_SAMPLE 2688	-0.117207	-0.163546	0.979548	1.28468
			*CONTROL_ROT_SAMPLE 2880	-0.119276	-0.160123	0.979864	1.28682
			*CONTROL_ROT_SAMPLE 3072	-0.120874	-0.157016	0.980171	1.28896
			*CONTROL_ROT_SAMPLE 3264	-0.122425	-0.153621	0.980517	1.29143
			*CONTROL_ROT_SAMPLE 3456	-0.123794	-0.150126	0.980886	1.29412
			*CONTROL_ROT_SAMPLE 3648	-0.124847	-0.146718	0.981268	1.29694
			*CONTROL_ROT_SAMPLE 3840	-0.12545	-0.143582	0.981655	1.29977
			*CONTROL_ROT_SAMPLE 4032	-0.125473	-0.140902	0.98204	1.30249
			*CONTROL_ROT_SAMPLE 4224	-0.124785	-0.138858	0.982419	1.305
			*CONTROL_ROT_SAMPLE 4416	-0.122763	-0.137868	0.982813	1.30723
			*CONTROL_ROT_SAMPLE 4608	-0.119291	-0.137928	0.983232	1.30927
			*CONTROL_ROT_SAMPLE 4800	-0.114996	-0.138583	0.983652	1.3112
			*CONTROL_ROT_SAMPLE 4992	-0.110501	-0.139383	0.984054	1.31312
			*CONTROL_ROT_SAMPLE 5184	-0.106431	-0.13988	0.984432	1.31512
		}
	}
}
*HELPEROBJECT {
	*NODE_NAME "Bip01 Footsteps"
	*NODE_PARENT "Bip01"
	*NODE_TM {
		*NODE_NAME "Bip01 Footsteps"
		*TM_ROW0 1	0	0
		*TM_ROW1 0	1	0
		*TM_ROW2 0	0	1
		*TM_ROW3 -20.6701	11.9132	-2.29553
		*TM_POS -20.6701	11.9132	-2.29553
		*TM_ROTAXIS 0	0	0
		*TM_ROTANGLE 0
		*TM_SCALE 1	1	1
		*TM_SCALEAXIS 0	0	0
		*TM_SCALEAXISANG 0	0	0
	}
}
*HELPEROBJECT {
	*NODE_NAME "Bip01 Pelvis"
	*NODE_PARENT "Bip01"
	*NODE_TM {
		*NODE_NAME "Bip01 Pelvis"
		*TM_ROW0 0.0530344	-0.206963	0.97691
		*TM_ROW1 0.261364	-0.941308	-0.21361
		*TM_ROW2 0.963782	0.266658	0.00417104
		*TM_ROW3 -22.3673	12.879	92.9745
		*TM_POS -22.3673	12.879	92.9745
		*TM_ROTAXIS -0.715813	-0.0195665	-0.698017
		*TM_ROTANGLE 3.4837
		*TM_SCALE 1	1	1
		*TM_SCALEAXIS 0	0	0
		*TM_SCALEAXISANG 0	0	0
	}
	*TM_ANIMATION {
		*NODE_NAME "Bip01 Pelvis"
		*CONTROL_POS_TRACK {
			*CONTROL_POS_SAMPLE 192	-22.3673	12.879	92.9745
			*CONTROL_POS_SAMPLE 384	-22.3918	2.169	92.6942
			*CONTROL_POS_SAMPLE 576	-22.4048	-4.41525	92.5733
			*CONTROL_POS_SAMPLE 768	-22.4098	-9.10275	92.4452
			*CONTROL_POS_SAMPLE 960	-22.4094	-14.1231	92.1436
			*CONTROL_POS_SAMPLE 1152	-22.4058	-19.7241	91.5304
			*CONTROL_POS_SAMPLE 1344	-22.401	-24.8411	90.7102
			*CONTROL_POS_SAMPLE 1536	-22.3973	-29.735	89.8801
			*CONTROL_POS_SAMPLE 1728	-22.3968	-34.6671	89.2375
			*CONTROL_POS_SAMPLE 1920	-22.3982	-39.5387	88.9797
			*CONTROL_POS_SAMPLE 2112	-22.3988	-44.3019	89.131
			*CONTROL_POS_SAMPLE 2304	-22.3987	-49.1232	89.5268
			*CONTROL_POS_SAMPLE 2496	-22.398	-53.9451	90.0806
			*CONTROL_POS_SAMPLE 2688	-22.397	-58.7675	90.706
			*CONTROL_POS_SAMPLE 2880	-22.3959	-63.59	91.3165
			*CONTROL_POS_SAMPLE 3072	-22.3945	-68.4123	91.8258
			*CONTROL_POS_SAMPLE 3264	-22.3929	-73.2343	92.1474
			*CONTROL_POS_SAMPLE 3456	-22.3909	-78.0558	92.231
			*CONTROL_POS_SAMPLE 3648	-22.3888	-82.8771	92.1368
			*CONTROL_POS_SAMPLE 3840	-22.3864	-87.6984	91.944
			*CONTROL_POS_SAMPLE 4032	-22.384	-92.5201	91.7319
			*CONTROL_POS_SAMPLE 4224	-22.3815	-97.3423	91.5795
			*CONTROL_POS_SAMPLE 4416	-22.379	-102.165	91.5663
			*CONTROL_POS_SAMPLE 4608	-22.3762	-106.989	91.7668
			*CONTROL_POS_SAMPLE 4800	-22.3732	-111.812	92.1357
			*CONTROL_POS_SAMPLE 4992	-22.3703	-116.636	92.572
			*CONTROL_POS_SAMPLE 5184	-22.3673	-121.46	92.9745
		}
		*CONTROL_ROT_TRACK {
			*CONTROL_ROT_SAMPLE 192	-0.715813	-0.0195665	-0.698017	3.4837
			*CONTROL_ROT_SAMPLE 384	-0.71806	-0.0219413	-0.695635	3.51834
			*CONTROL_ROT_SAMPLE 576	-0.720117	-0.0235295	-0.693454	3.53824
			*CONTROL_ROT_SAMPLE 768	-0.721952	-0.024478	-0.69151	3.54664
			*CONTROL_ROT_SAMPLE 960	-0.723534	-0.0249392	-0.689838	3.54678
			*CONTROL_ROT_SAMPLE 1152	-0.724838	-0.0250691	-0.688463	3.54188
			*CONTROL_ROT_SAMPLE 1344	-0.725839	-0.0250243	-0.68741	3.5352
			*CONTROL_ROT_SAMPLE 1536	-0.726513	-0.0249612	-0.6867	3.52997
			*CONTROL_ROT_SAMPLE 1728	-0.726838	-0.0250359	-0.686353	3.52941
			*CONTROL_ROT_SAMPLE 1920	-0.726443	-0.0250314	-0.68677	3.53129
			*CONTROL_ROT_SAMPLE 2112	-0.725182	-0.0246987	-0.688114	3.53146
			*CONTROL_ROT_SAMPLE 2304	-0.723363	-0.0241464	-0.690046	3.53038
			*CONTROL_ROT_SAMPLE 2496	-0.721297	-0.0234831	-0.692227	3.52846
			*CONTROL_ROT_SAMPLE 2688	-0.719301	-0.0228173	-0.694324	3.52613
			*CONTROL_ROT_SAMPLE 2880	-0.717691	-0.0222578	-0.696006	3.52384
			*CONTROL_ROT_SAMPLE 3072	-0.716311	-0.0217545	-0.697442	3.52147
			*CONTROL_ROT_SAMPLE 3264	-0.714854	-0.0212066	-0.698952	3.51866
			*CONTROL_ROT_SAMPLE 3456	-0.713417	-0.020646	-0.700435	3.51553
			*CONTROL_ROT_SAMPLE 3648	-0.712096	-0.0201049	-0.701794	3.51217
			*CONTROL_ROT_SAMPLE 3840	-0.710988	-0.019615	-0.70293	3.50869
			*CONTROL_ROT_SAMPLE 4032	-0.71019	-0.0192084	-0.703748	3.50518
			*CONTROL_ROT_SAMPLE 4224	-0.7098	-0.0189168	-0.70415	3.50176
			*CONTROL_ROT_SAMPLE 4416	-0.710137	-0.0188211	-0.703812	3.49832
			*CONTROL_ROT_SAMPLE 4608	-0.711239	-0.0189237	-0.702696	3.49473
			*CONTROL_ROT_SAMPLE 4800	-0.712771	-0.0191391	-0.701135	3.49105
			*CONTROL_ROT_SAMPLE 4992	-0.714405	-0.0193817	-0.699464	3.48735
			*CONTROL_ROT_SAMPLE 5184	-0.715813	-0.0195665	-0.698017	3.4837
		}
	}
}
*HELPEROBJECT {
	*NODE_NAME "Bip01 Spine"
	*NODE_PARENT "Bip01 Pelvis"
	*NODE_TM {
		*NODE_NAME "Bip01 Spine"
		*TM_ROW0 0.0815145	-0.269258	0.959612
		*TM_ROW1 0.254457	-0.925286	-0.281241
		*TM_ROW2 0.963643	0.267105	-0.00690969
		*TM_ROW3 -22.2536	12.4687	95.339
		*TM_POS -22.2536	12.4687	95.339
		*TM_ROTAXIS -0.723152	0.00531509	-0.690668
		*TM_ROTANGLE 3.53046
		*TM_SCALE 1	1	1
		*TM_SCALEAXIS 0	0	0
		*TM_SCALEAXISANG 0	0	0
	}
}
*HELPEROBJECT {
	*NODE_NAME "Bip01 Spine1"
	*NODE_PARENT "Bip01 Spine"
	*NODE_TM {
		*NODE_NAME "Bip01 Spine1"
		*TM_ROW0 0.0706642	-0.292663	0.953601
		*TM_ROW1 0.235733	-0.924012	-0.301051
		*TM_ROW2 0.969245	0.246068	0.0036957
		*TM_ROW3 -21.455	9.83207	104.772
		*TM_POS -21.455	9.83207	104.772
		*TM_ROTAXIS -0.719155	0.0205638	-0.694545
		*TM_ROTANGLE 3.53181
		*TM_SCALE 1	1	1
		*TM_SCALEAXIS 0	0	0
		*TM_SCALEAXISANG 0	0	0
	}
}
*HELPEROBJECT {
	*NODE_NAME "Bip01 Spine2"
	*NODE_PARENT "Bip01 Spine1"
	*NODE_TM {
		*NODE_NAME "Bip01 Spine2"
		*TM_ROW0 0.244824	-0.139093	0.959539
		*TM_ROW1 0.0700209	-0.984536	-0.160582
		*TM_ROW2 0.967036	0.106502	-0.231299
		*TM_ROW3 -20.5529	6.11247	116.973
		*TM_POS -20.5529	6.11247	116.973
		*TM_ROTAXIS -0.787182	0.0220966	-0.616325
		*TM_ROTANGLE 3.31206
		*TM_SCALE 1	1	1
		*TM_SCALEAXIS 0	0	0
		*TM_SCALEAXISANG 0	0	0
	}
}
*HELPEROBJECT {
	*NODE_NAME "Bip01 Neck"
	*NODE_PARENT "Bip01 Spine2"
	*NODE_TM {
		*NODE_NAME "Bip01 Neck"
		*TM_ROW0 0.254392	-0.36404	0.895968
		*TM_ROW1 0.0112151	-0.925275	-0.379132
		*TM_ROW2 0.967036	0.106497	-0.2313
		*TM_ROW3 -13.2121	1.94694	145.745
		*TM_POS -13.2121	1.94694	145.745
		*TM_ROTAXIS -0.786035	0.11503	-0.607386
		*TM_ROTANGLE 3.45564
		*TM_SCALE 1	1	1
		*TM_SCALEAXIS 0	0	0
		*TM_SCALEAXISANG 0	0	0
	}
}
*HELPEROBJECT {
	*NODE_NAME "Bip01 Head"
	*NODE_PARENT "Bip01 Neck"
	*NODE_TM {
		*NODE_NAME "Bip01 Head"
		*TM_ROW0 0.0595127	-0.119331	0.991069
		*TM_ROW1 -0.0459044	-0.992106	-0.116699
		*TM_ROW2 0.997172	-0.0385493	-0.0645207
		*TM_ROW3 -11.4723	-0.542813	151.873
		*TM_POS -11.4723	-0.542813	151.873
		*TM_ROTAXIS -0.72761	0.0568142	-0.683634
		*TM_ROTANGLE 3.19532
		*TM_SCALE 1	1	1
		*TM_SCALEAXIS 0	0	0
		*TM_SCALEAXISANG 0	0	0
	}
}
*HELPEROBJECT {
	*NODE_NAME "zs_Helmet"
	*NODE_PARENT "Bip01 Head"
	*NODE_TM {
		*NODE_NAME "zs_Helmet"
		*TM_ROW0 0.997172	-0.0385485	-0.0645206
		*TM_ROW1 0.0410927	0.99841	0.0385818
		*TM_ROW2 0.0629307	-0.041124	0.99717
		*TM_ROW3 1.9806	-105.75	422.64
		*TM_POS 1.9806	-105.75	422.64
		*TM_ROTAXIS -0.468537	-0.749201	0.468157
		*TM_ROTANGLE 0.0851611
		*TM_SCALE 1	1	1
		*TM_SCALEAXIS 0	0	0
		*TM_SCALEAXISANG 0	0	0
	}
}
*HELPEROBJECT {
	*NODE_NAME "Bip01 L Clavicle"
	*NODE_PARENT "Bip01 Neck"
	*NODE_TM {
		*NODE_NAME "Bip01 L Clavicle"
		*TM_ROW0 0.973343	0.145279	-0.177472
		*TM_ROW1 -0.115005	0.978645	0.170377
		*TM_ROW2 0.198435	-0.145425	0.969265
		*TM_ROW3 -6.99767	5.97017	139.148
		*TM_POS -6.99767	5.97017	139.148
		*TM_ROTAXIS -0.568312	-0.676476	-0.468404
		*TM_ROTANGLE 0.281547
		*TM_SCALE 1	1	1
		*TM_SCALEAXIS 0	0	0
		*TM_SCALEAXISANG 0	0	0
	}
}
*HELPEROBJECT {
	*NODE_NAME "Bip01 L UpperArm"
	*NODE_PARENT "Bip01 L Clavicle"
	*NODE_TM {
		*NODE_NAME "Bip01 L UpperArm"
		*TM_ROW0 0.390015	0.315018	-0.865247
		*TM_ROW1 0.0936915	0.921207	0.377624
		*TM_ROW2 0.916029	-0.228345	0.32977
		*TM_ROW3 5.97311	7.90617	136.783
		*TM_POS 5.97311	7.90617	136.783
		*TM_ROTAXIS -0.319857	-0.940236	-0.116826
		*TM_ROTANGLE 1.24454
		*TM_SCALE 1	1	1
		*TM_SCALEAXIS 0	0	0
		*TM_SCALEAXISANG 0	0	0
	}
}
*HELPEROBJECT {
	*NODE_NAME "Bip01 L Forearm"
	*NODE_PARENT "Bip01 L UpperArm"
	*NODE_TM {
		*NODE_NAME "Bip01 L Forearm"
		*TM_ROW0 0.229671	-0.375435	-0.897942
		*TM_ROW1 0.328848	0.89828	-0.291465
		*TM_ROW2 0.916029	-0.228346	0.32977
		*TM_ROW3 16.857	16.6971	112.638
		*TM_POS 16.857	16.6971	112.638
		*TM_ROTAXIS 0.0324204	-0.931714	0.361743
		*TM_ROTANGLE 1.33989
		*TM_SCALE 1	1	1
		*TM_SCALEAXIS 0	0	0
		*TM_SCALEAXISANG 0	0	0
	}
}
*HELPEROBJECT {
	*NODE_NAME "Bip01 L Hand"
	*NODE_PARENT "Bip01 L Forearm"
	*NODE_TM {
		*NODE_NAME "Bip01 L Hand"
		*TM_ROW0 0.0704601	-0.527088	-0.846884
		*TM_ROW1 -0.952351	0.217025	-0.214308
		*TM_ROW2 0.296755	0.821631	-0.486681
		*TM_ROW3 23.2456	6.25392	87.6601
		*TM_POS 23.2456	6.25392	87.6601
		*TM_ROTAXIS 0.647218	-0.714505	-0.265689
		*TM_ROTANGLE 2.2138
		*TM_SCALE 1	1	1
		*TM_SCALEAXIS 0	0	0
		*TM_SCALEAXISANG 0	0	0
	}
}
*HELPEROBJECT {
	*NODE_NAME "Bip01 L Finger0"
	*NODE_PARENT "Bip01 L Hand"
	*NODE_TM {
		*NODE_NAME "Bip01 L Finger0"
		*TM_ROW0 0.0704592	-0.527088	-0.846885
		*TM_ROW1 -0.952577	0.216398	-0.213935
		*TM_ROW2 0.296026	0.821797	-0.486845
		*TM_ROW3 24.1524	-0.529633	76.7608
		*TM_POS 24.1524	-0.529633	76.7608
		*TM_ROTAXIS 0.647329	-0.714316	-0.265929
		*TM_ROTANGLE 2.21429
		*TM_SCALE 1	1	1
		*TM_SCALEAXIS 0	0	0
		*TM_SCALEAXISANG 0	0	0
	}
}
*HELPEROBJECT {
	*NODE_NAME "zs_LeftHand"
	*NODE_PARENT "Bip01 L Hand"
	*NODE_TM {
		*NODE_NAME "zs_LeftHand"
		*TM_ROW0 0.255061	0.880629	-0.399296
		*TM_ROW1 0.282739	-0.462832	-0.840146
		*TM_ROW2 -0.924663	0.101392	-0.367039
		*TM_ROW3 -37.143	-46.2469	-18.1898
		*TM_POS -37.143	-46.2469	-18.1898
		*TM_ROTAXIS -0.763694	-0.426133	0.484956
		*TM_ROTANGLE 3.8058
		*TM_SCALE 1	1	1
		*TM_SCALEAXIS 0	0	0
		*TM_SCALEAXISANG 0	0	0
	}
}
*HELPEROBJECT {
	*NODE_NAME "zs_LeftArm"
	*NODE_PARENT "Bip01 L Forearm"
	*NODE_TM {
		*NODE_NAME "zs_LeftArm"
		*TM_ROW0 0.218281	-0.148105	-0.964582
		*TM_ROW1 0.341018	0.93768	-0.0668033
		*TM_ROW2 0.914363	-0.314358	0.255185
		*TM_ROW3 64.6955	-250.773	-55.3156
		*TM_POS 64.6955	-250.773	-55.3156
		*TM_ROTAXIS -0.126479	-0.959976	0.249899
		*TM_ROTANGLE 1.36375
		*TM_SCALE 1	1	1
		*TM_SCALEAXIS 0	0	0
		*TM_SCALEAXISANG 0	0	0
	}
}
*HELPEROBJECT {
	*NODE_NAME "Bip01 R Clavicle"
	*NODE_PARENT "Bip01 Neck"
	*NODE_TM {
		*NODE_NAME "Bip01 R Clavicle"
		*TM_ROW0 -0.999479	-0.000746003	0.0322527
		*TM_ROW1 0.00383337	0.989904	0.141689
		*TM_ROW2 -0.0320327	0.141739	-0.989386
		*TM_ROW3 -22.4006	4.27377	142.832
		*TM_POS -22.4006	4.27377	142.832
		*TM_ROTAXIS -0.000774	-0.997472	-0.071055
		*TM_ROTANGLE 3.17382
		*TM_SCALE 1	1	1
		*TM_SCALEAXIS 0	0	0
		*TM_SCALEAXISANG 0	0	0
	}
}
*HELPEROBJECT {
	*NODE_NAME "Bip01 R UpperArm"
	*NODE_PARENT "Bip01 R Clavicle"
	*NODE_TM {
		*NODE_NAME "Bip01 R UpperArm"
		*TM_ROW0 -0.330035	-0.0535069	-0.942451
		*TM_ROW1 0.0634931	0.994873	-0.0787176
		*TM_ROW2 0.941831	-0.0858187	-0.324945
		*TM_ROW3 -35.7197	4.26383	143.262
		*TM_POS -35.7197	4.26383	143.262
		*TM_ROTAXIS -0.00376132	-0.998071	0.0619728
		*TM_ROTANGLE 1.90716
		*TM_SCALE 1	1	1
		*TM_SCALEAXIS 0	0	0
		*TM_SCALEAXISANG 0	0	0
	}
}
*HELPEROBJECT {
	*NODE_NAME "Bip01 R Forearm"
	*NODE_PARENT "Bip01 R UpperArm"
	*NODE_TM {
		*NODE_NAME "Bip01 R Forearm"
		*TM_ROW0 -0.0853406	-0.996227	0.0157521
		*TM_ROW1 -0.325071	0.0128952	-0.945602
		*TM_ROW2 0.941831	-0.0858187	-0.324945
		*TM_ROW3 -44.9297	2.77065	116.962
		*TM_POS -44.9297	2.77065	116.962
		*TM_ROTAXIS 0.600894	-0.647228	0.469065
		*TM_ROTANGLE 2.34437
		*TM_SCALE 1	1	1
		*TM_SCALEAXIS 0	0	0
		*TM_SCALEAXISANG 0	0	0
	}
}
*HELPEROBJECT {
	*NODE_NAME "Bip01 R Hand"
	*NODE_PARENT "Bip01 R Forearm"
	*NODE_TM {
		*NODE_NAME "Bip01 R Hand"
		*TM_ROW0 -0.0866963	-0.996219	0.00569203
		*TM_ROW1 0.274349	-0.0183819	0.961455
		*TM_ROW2 -0.957714	0.0849161	0.274905
		*TM_ROW3 -47.3035	-24.9407	117.4
		*TM_POS -47.3035	-24.9407	117.4
		*TM_ROTAXIS -0.48173	0.529471	0.698281
		*TM_ROTANGLE 1.99883
		*TM_SCALE 1	1	1
		*TM_SCALEAXIS 0	0	0
		*TM_SCALEAXISANG 0	0	0
	}
}
*HELPEROBJECT {
	*NODE_NAME "Bip01 R Finger0"
	*NODE_PARENT "Bip01 R Hand"
	*NODE_TM {
		*NODE_NAME "Bip01 R Finger0"
		*TM_ROW0 -0.0866897	-0.996219	0.00569801
		*TM_ROW1 0.273623	-0.0183099	0.961663
		*TM_ROW2 -0.957923	0.0849254	0.274175
		*TM_ROW3 -48.4193	-37.7619	117.473
		*TM_POS -48.4193	-37.7619	117.473
		*TM_ROTAXIS -0.481918	0.529675	0.697996
		*TM_ROTANGLE 1.99919
		*TM_SCALE 1	1	1
		*TM_SCALEAXIS 0	0	0
		*TM_SCALEAXISANG 0	0	0
	}
}
*HELPEROBJECT {
	*NODE_NAME "zs_RightHand"
	*NODE_PARENT "Bip01 R Hand"
	*NODE_TM {
		*NODE_NAME "zs_RightHand"
		*TM_ROW0 0.851578	-0.0849048	-0.517307
		*TM_ROW1 0.135687	0.988868	0.0610636
		*TM_ROW2 0.506364	-0.122192	0.853619
		*TM_ROW3 -176.606	-116.461	250.375
		*TM_POS -176.606	-116.461	250.375
		*TM_ROTAXIS -0.172382	-0.962926	0.207502
		*TM_ROTANGLE 0.560419
		*TM_SCALE 1	1	1
		*TM_SCALEAXIS 0	0	0
		*TM_SCALEAXISANG 0	0	0
	}
}
*HELPEROBJECT {
	*NODE_NAME "zs_Crossbow"
	*NODE_PARENT "Bip01 Spine2"
	*NODE_TM {
		*NODE_NAME "zs_Crossbow"
		*TM_ROW0 -0.151426	-0.432638	0.88876
		*TM_ROW1 -0.988467	0.0681201	-0.135254
		*TM_ROW2 -0.00202662	-0.898991	-0.437963
		*TM_ROW3 -37.9406	69.3383	1496.78
		*TM_POS -37.9406	69.3383	1496.78
		*TM_ROTAXIS 0.588232	-0.686086	0.4281
		*TM_ROTANGLE 3.8481
		*TM_SCALE 1	1	1
		*TM_SCALEAXIS 0	0	0
		*TM_SCALEAXISANG 0	0	0
	}
}
*HELPEROBJECT {
	*NODE_NAME "zs_Longsword"
	*NODE_PARENT "Bip01 Spine2"
	*NODE_TM {
		*NODE_NAME "zs_Longsword"
		*TM_ROW0 -0.273738	-0.408101	0.870931
		*TM_ROW1 -0.961238	0.147152	-0.233169
		*TM_ROW2 -0.0330024	-0.901	-0.432563
		*TM_ROW3 -181.373	43.7196	1252.68
		*TM_POS -181.373	43.7196	1252.68
		*TM_ROTAXIS 0.533147	-0.721635	0.441585
		*TM_ROTANGLE 3.8184
		*TM_SCALE 1	1	1
		*TM_SCALEAXIS 0	0	0
		*TM_SCALEAXISANG 0	0	0
	}
}
*HELPEROBJECT {
	*NODE_NAME "zs_Shield"
	*NODE_PARENT "Bip01 Spine2"
	*NODE_TM {
		*NODE_NAME "zs_Shield"
		*TM_ROW0 -0.264513	0.427631	-0.864387
		*TM_ROW1 -0.871142	0.278545	0.404382
		*TM_ROW2 0.413697	0.859968	0.298848
		*TM_ROW3 216.866	396.332	424.91
		*TM_POS 216.866	396.332	424.91
		*TM_ROTAXIS 0.242557	-0.680461	-0.691476
		*TM_ROTANGLE 1.9215
		*TM_SCALE 1	1	1
		*TM_SCALEAXIS 0	0	0
		*TM_SCALEAXISANG 0	0	0
	}
}
*HELPEROBJECT {
	*NODE_NAME "zs_Bow"
	*NODE_PARENT "Bip01 Spine2"
	*NODE_TM {
		*NODE_NAME "zs_Bow"
		*TM_ROW0 -0.08804	-0.414886	0.905604
		*TM_ROW1 0.0164082	0.908407	0.417765
		*TM_ROW2 -0.995982	0.0516393	-0.0731687
		*TM_ROW3 -22.0204	510.07	293.459
		*TM_POS -22.0204	510.07	293.459
		*TM_ROTAXIS -0.184543	0.958481	0.21739
		*TM_ROTANGLE 1.69754
		*TM_SCALE 1	1	1
		*TM_SCALEAXIS 0	0	0
		*TM_SCALEAXISANG 0	0	0
	}
}
*HELPEROBJECT {
	*NODE_NAME "zs_Sword"
	*NODE_PARENT "Bip01 Spine"
	*NODE_TM {
		*NODE_NAME "zs_Sword"
		*TM_ROW0 0.169969	-0.621769	0.764535
		*TM_ROW1 -0.205497	0.736405	0.644577
		*TM_ROW2 -0.963785	-0.266668	-0.00260593
		*TM_ROW3 264.148	154.139	151.14
		*TM_POS 264.148	154.139	151.14
		*TM_ROTAXIS -0.456151	0.865162	0.208377
		*TM_ROTANGLE 1.61893
		*TM_SCALE 1	1	1
		*TM_SCALEAXIS 0	0	0
		*TM_SCALEAXISANG 0	0	0
	}
}
*HELPEROBJECT {
	*NODE_NAME "Bip01 L Thigh"
	*NODE_PARENT "Bip01 Pelvis"
	*NODE_TM {
		*NODE_NAME "Bip01 L Thigh"
		*TM_ROW0 0.226565	-0.467037	-0.854719
		*TM_ROW1 0.277877	-0.810073	0.5163
		*TM_ROW2 -0.933516	-0.354482	-0.0537552
		*TM_ROW3 -13.6834	15.2817	93.0121
		*TM_POS -13.6834	15.2817	93.0121
		*TM_ROTAXIS -0.7581	0.0686006	0.64852
		*TM_ROTANGLE 2.52982
		*TM_SCALE 1	1	1
		*TM_SCALEAXIS 0	0	0
		*TM_SCALEAXISANG 0	0	0
	}
	*TM_ANIMATION {
		*NODE_NAME "Bip01 L Thigh"
		*CONTROL_POS_TRACK {
			*CONTROL_POS_SAMPLE 192	-13.6834	15.2817	93.0121
			*CONTROL_POS_SAMPLE 384	-13.7788	4.81463	92.7303
			*CONTROL_POS_SAMPLE 576	-13.8372	-1.62599	92.5918
			*CONTROL_POS_SAMPLE 768	-13.8643	-6.24671	92.4326
			*CONTROL_POS_SAMPLE 960	-13.8677	-11.2559	92.0912
			*CONTROL_POS_SAMPLE 1152	-13.8566	-16.8804	91.4362
			*CONTROL_POS_SAMPLE 1344	-13.84	-22.0347	90.5786
			*CONTROL_POS_SAMPLE 1536	-13.8269	-26.9588	89.7221
			*CONTROL_POS_SAMPLE 1728	-13.8261	-31.8923	89.0703
			*CONTROL_POS_SAMPLE 1920	-13.8306	-36.754	88.8258
			*CONTROL_POS_SAMPLE 2112	-13.8285	-41.5237	89.0095
			*CONTROL_POS_SAMPLE 2304	-13.8218	-46.3636	89.4495
			*CONTROL_POS_SAMPLE 2496	-13.8127	-51.2111	90.0522
			*CONTROL_POS_SAMPLE 2688	-13.8029	-56.0611	90.7239
			*CONTROL_POS_SAMPLE 2880	-13.794	-60.9088	91.3711
			*CONTROL_POS_SAMPLE 3072	-13.7854	-65.7555	91.911
			*CONTROL_POS_SAMPLE 3264	-13.7756	-70.605	92.2645
			*CONTROL_POS_SAMPLE 3456	-13.7652	-75.4562	92.379
			*CONTROL_POS_SAMPLE 3648	-13.7544	-80.3078	92.3123
			*CONTROL_POS_SAMPLE 3840	-13.7437	-85.159	92.1416
			*CONTROL_POS_SAMPLE 4032	-13.7334	-90.0088	91.9437
			*CONTROL_POS_SAMPLE 4224	-13.7238	-94.856	91.7958
			*CONTROL_POS_SAMPLE 4416	-13.715	-99.6996	91.7688
			*CONTROL_POS_SAMPLE 4608	-13.7067	-104.54	91.9362
			*CONTROL_POS_SAMPLE 4800	-13.6988	-109.379	92.2611
			*CONTROL_POS_SAMPLE 4992	-13.6911	-114.217	92.6506
			*CONTROL_POS_SAMPLE 5184	-13.6834	-119.057	93.0121
		}
		*CONTROL_ROT_TRACK {
			*CONTROL_ROT_SAMPLE 192	-0.7581	0.0686006	0.64852	2.52982
			*CONTROL_ROT_SAMPLE 384	-0.763051	0.0255341	0.645834	2.55629
			*CONTROL_ROT_SAMPLE 576	-0.765991	-0.00937572	0.642783	2.59575
			*CONTROL_ROT_SAMPLE 768	-0.768852	-0.0318267	0.638634	2.63554
			*CONTROL_ROT_SAMPLE 960	-0.772034	-0.0517278	0.633473	2.68654
			*CONTROL_ROT_SAMPLE 1152	-0.774094	-0.0733206	0.62881	2.7453
			*CONTROL_ROT_SAMPLE 1344	-0.774965	-0.0949522	0.624831	2.80457
			*CONTROL_ROT_SAMPLE 1536	-0.774938	-0.120319	0.620479	2.8738
			*CONTROL_ROT_SAMPLE 1728	-0.773051	-0.150785	0.616162	2.95052
			*CONTROL_ROT_SAMPLE 1920	-0.76891	-0.182769	0.612677	3.02656
			*CONTROL_ROT_SAMPLE 2112	-0.764088	-0.207815	0.610723	3.08718
			*CONTROL_ROT_SAMPLE 2304	-0.775438	-0.158317	0.611254	3.0186
			*CONTROL_ROT_SAMPLE 2496	-0.784443	-0.0851388	0.614329	2.90566
			*CONTROL_ROT_SAMPLE 2688	-0.784177	-0.0360788	0.619488	2.82799
			*CONTROL_ROT_SAMPLE 2880	-0.780987	0.00936714	0.624478	2.75641
			*CONTROL_ROT_SAMPLE 3072	-0.775592	0.0506732	0.629197	2.69222
			*CONTROL_ROT_SAMPLE 3264	-0.768689	0.0873263	0.633634	2.63694
			*CONTROL_ROT_SAMPLE 3456	-0.761	0.118704	0.637799	2.59156
			*CONTROL_ROT_SAMPLE 3648	-0.753172	0.143225	0.642042	2.55836
			*CONTROL_ROT_SAMPLE 3840	-0.745839	0.159195	0.646824	2.53973
			*CONTROL_ROT_SAMPLE 4032	-0.739523	0.164759	0.652656	2.53854
			*CONTROL_ROT_SAMPLE 4224	-0.734524	0.156831	0.660211	2.56024
			*CONTROL_ROT_SAMPLE 4416	-0.730649	0.123773	0.671441	2.62608
			*CONTROL_ROT_SAMPLE 4608	-0.732952	0.127416	0.668241	2.62873
			*CONTROL_ROT_SAMPLE 4800	-0.738795	0.141161	0.65898	2.61442
			*CONTROL_ROT_SAMPLE 4992	-0.742814	0.135976	0.655544	2.63387
			*CONTROL_ROT_SAMPLE 5184	-0.746678	0.126023	0.653139	2.6627
		}
	}
}
*HELPEROBJECT {
	*NODE_NAME "Bip01 L Calf"
	*NODE_PARENT "Bip01 L Thigh"
	*NODE_TM {
		*NODE_NAME "Bip01 L Calf"
		*TM_ROW0 0.0204113	0.0971432	-0.995061
		*TM_ROW1 0.357953	-0.930003	-0.0834493
		*TM_ROW2 -0.933516	-0.354482	-0.0537553
		*TM_ROW3 -4.76928	-3.09383	59.3833
		*TM_POS -4.76928	-3.09383	59.3833
		*TM_ROTAXIS -0.711109	-0.161475	0.684288
		*TM_ROTANGLE 2.94985
		*TM_SCALE 1	1	1
		*TM_SCALEAXIS 0	0	0
		*TM_SCALEAXISANG 0	0	0
	}
	*TM_ANIMATION {
		*NODE_NAME "Bip01 L Calf"
		*CONTROL_POS_TRACK {
			*CONTROL_POS_SAMPLE 192	-4.76928	-3.09383	59.3833
			*CONTROL_POS_SAMPLE 384	-4.57086	-10.629	57.7343
			*CONTROL_POS_SAMPLE 576	-4.64887	-14.2311	56.4712
			*CONTROL_POS_SAMPLE 768	-4.67672	-16.6216	55.6091
			*CONTROL_POS_SAMPLE 960	-4.69331	-19.2275	54.6707
			*CONTROL_POS_SAMPLE 1152	-4.82678	-22.137	53.5041
			*CONTROL_POS_SAMPLE 1344	-5.04203	-24.5366	52.3117
			*CONTROL_POS_SAMPLE 1536	-5.35616	-26.2122	51.3072
			*CONTROL_POS_SAMPLE 1728	-5.85728	-27.4074	50.8028
			*CONTROL_POS_SAMPLE 1920	-6.54597	-28.4989	51.0527
			*CONTROL_POS_SAMPLE 2112	-7.20766	-30.3446	51.8718
			*CONTROL_POS_SAMPLE 2304	-5.73171	-39.6903	51.5281
			*CONTROL_POS_SAMPLE 2496	-4.31648	-51.6784	51.8734
			*CONTROL_POS_SAMPLE 2688	-4.01987	-61.4082	52.9917
			*CONTROL_POS_SAMPLE 2880	-4.01836	-70.6951	54.5379
			*CONTROL_POS_SAMPLE 3072	-4.23853	-79.4484	56.2827
			*CONTROL_POS_SAMPLE 3264	-4.61748	-87.6119	57.9875
			*CONTROL_POS_SAMPLE 3456	-5.09677	-95.1573	59.4436
			*CONTROL_POS_SAMPLE 3648	-5.64646	-102.007	60.5092
			*CONTROL_POS_SAMPLE 3840	-6.2476	-108.09	61.0612
			*CONTROL_POS_SAMPLE 4032	-6.89869	-113.315	60.9901
			*CONTROL_POS_SAMPLE 4224	-7.63728	-117.441	60.159
			*CONTROL_POS_SAMPLE 4416	-8.66798	-119.377	58.0739
			*CONTROL_POS_SAMPLE 4608	-8.43538	-124.317	58.334
			*CONTROL_POS_SAMPLE 4800	-7.66725	-130.072	59.3456
			*CONTROL_POS_SAMPLE 4992	-7.39243	-134.204	59.3508
			*CONTROL_POS_SAMPLE 5184	-7.19815	-137.887	59.0797
		}
		*CONTROL_ROT_TRACK {
			*CONTROL_ROT_SAMPLE 192	-0.711109	-0.161475	0.684288	2.94985
			*CONTROL_ROT_SAMPLE 384	-0.693236	-0.235059	0.681301	3.03771
			*CONTROL_ROT_SAMPLE 576	-0.686474	-0.271091	0.674732	3.07837
			*CONTROL_ROT_SAMPLE 768	-0.685831	-0.291242	0.666943	3.10891
			*CONTROL_ROT_SAMPLE 960	-0.687599	-0.308971	0.657073	3.14815
			*CONTROL_ROT_SAMPLE 1152	-0.688335	-0.328305	0.646847	3.19535
			*CONTROL_ROT_SAMPLE 1344	-0.688164	-0.34697	0.637215	3.24272
			*CONTROL_ROT_SAMPLE 1536	-0.69012	-0.361874	0.626723	3.2863
			*CONTROL_ROT_SAMPLE 1728	-0.694552	-0.370323	0.616813	3.31864
			*CONTROL_ROT_SAMPLE 1920	-0.70112	-0.370005	0.60953	3.33585
			*CONTROL_ROT_SAMPLE 2112	-0.707537	-0.363738	0.605877	3.34241
			*CONTROL_ROT_SAMPLE 2304	-0.697595	-0.383157	0.605435	3.38642
			*CONTROL_ROT_SAMPLE 2496	-0.688606	-0.388265	0.612431	3.40714
			*CONTROL_ROT_SAMPLE 2688	-0.688451	-0.369521	0.624091	3.38912
			*CONTROL_ROT_SAMPLE 2880	-0.690862	-0.342609	0.636654	3.3589
			*CONTROL_ROT_SAMPLE 3072	-0.695001	-0.309171	0.649143	3.31799
			*CONTROL_ROT_SAMPLE 3264	-0.700088	-0.270818	0.660708	3.26838
			*CONTROL_ROT_SAMPLE 3456	-0.705441	-0.229119	0.670715	3.21173
			*CONTROL_ROT_SAMPLE 3648	-0.71066	-0.184843	0.678819	3.14844
			*CONTROL_ROT_SAMPLE 3840	-0.715444	-0.138503	0.684805	3.07876
			*CONTROL_ROT_SAMPLE 4032	-0.719609	-0.0901079	0.688509	3.00238
			*CONTROL_ROT_SAMPLE 4224	-0.723138	-0.0382046	0.689646	2.9167
			*CONTROL_ROT_SAMPLE 4416	-0.726334	0.0258567	0.686855	2.80584
			*CONTROL_ROT_SAMPLE 4608	-0.727686	0.0107507	0.685826	2.84206
			*CONTROL_ROT_SAMPLE 4800	-0.727881	-0.046476	0.684126	2.95473
			*CONTROL_ROT_SAMPLE 4992	-0.728519	-0.0754393	0.680859	3.01525
			*CONTROL_ROT_SAMPLE 5184	-0.729047	-0.101588	0.676883	3.0711
		}
	}
}
*HELPEROBJECT {
	*NODE_NAME "Bip01 L Foot"
	*NODE_PARENT "Bip01 L Calf"
	*NODE_TM {
		*NODE_NAME "Bip01 L Foot"
		*TM_ROW0 0.0195879	0.00534473	-0.999794
		*TM_ROW1 0.448578	-0.893735	0.00401075
		*TM_ROW2 -0.893529	-0.448564	-0.0199039
		*TM_ROW3 -3.76714	1.67567	10.5281
		*TM_POS -3.76714	1.67567	10.5281
		*TM_ROTAXIS -0.704597	-0.16544	0.690053
		*TM_ROTANGLE 2.81464
		*TM_SCALE 1	1	1
		*TM_SCALEAXIS 0	0	0
		*TM_SCALEAXISANG 0	0	0
	}
	*TM_ANIMATION {
		*NODE_NAME "Bip01 L Foot"
		*CONTROL_POS_TRACK {
			*CONTROL_POS_SAMPLE 192	-3.76714	1.67567	10.5281
			*CONTROL_POS_SAMPLE 384	-6.34064	1.86022	10.2846
			*CONTROL_POS_SAMPLE 576	-7.42041	1.93142	10.193
			*CONTROL_POS_SAMPLE 768	-7.57287	1.91715	10.2383
			*CONTROL_POS_SAMPLE 960	-7.36446	1.84531	10.4058
			*CONTROL_POS_SAMPLE 1152	-7.36166	1.7439	10.6805
			*CONTROL_POS_SAMPLE 1344	-7.50536	2.00832	11.0821
			*CONTROL_POS_SAMPLE 1536	-7.41794	2.61998	11.6205
			*CONTROL_POS_SAMPLE 1728	-7.18801	2.98566	12.2662
			*CONTROL_POS_SAMPLE 1920	-6.90423	2.5122	12.9901
			*CONTROL_POS_SAMPLE 2112	-6.65523	0.606442	13.7626
			*CONTROL_POS_SAMPLE 2304	-6.29212	-6.63004	15.2336
			*CONTROL_POS_SAMPLE 2496	-5.94719	-17.9936	16.1906
			*CONTROL_POS_SAMPLE 2688	-5.78916	-29.3009	15.8896
			*CONTROL_POS_SAMPLE 2880	-5.64476	-40.9868	15.4822
			*CONTROL_POS_SAMPLE 3072	-5.5114	-52.9195	14.9889
			*CONTROL_POS_SAMPLE 3264	-5.38643	-64.9671	14.4306
			*CONTROL_POS_SAMPLE 3456	-5.26725	-76.9978	13.8279
			*CONTROL_POS_SAMPLE 3648	-5.15124	-88.8796	13.2015
			*CONTROL_POS_SAMPLE 3840	-5.03577	-100.481	12.5719
			*CONTROL_POS_SAMPLE 4032	-4.91822	-111.669	11.96
			*CONTROL_POS_SAMPLE 4224	-4.79597	-122.313	11.3863
			*CONTROL_POS_SAMPLE 4416	-4.66641	-132.281	10.8715
			*CONTROL_POS_SAMPLE 4608	-4.50743	-135.004	10.5748
			*CONTROL_POS_SAMPLE 4800	-4.33807	-133.019	10.4497
			*CONTROL_POS_SAMPLE 4992	-4.19019	-133.041	10.3715
			*CONTROL_POS_SAMPLE 5184	-4.04697	-132.964	10.3312
		}
		*CONTROL_ROT_TRACK {
			*CONTROL_ROT_SAMPLE 192	-0.704597	-0.16544	0.690053	2.81464
			*CONTROL_ROT_SAMPLE 384	-0.70376	-0.180743	0.687062	2.78506
			*CONTROL_ROT_SAMPLE 576	-0.703359	-0.18713	0.685761	2.77276
			*CONTROL_ROT_SAMPLE 768	-0.703306	-0.187942	0.685594	2.7712
			*CONTROL_ROT_SAMPLE 960	-0.703397	-0.186546	0.685881	2.77388
			*CONTROL_ROT_SAMPLE 1152	-0.703412	-0.186311	0.68593	2.77434
			*CONTROL_ROT_SAMPLE 1344	-0.70338	-0.186812	0.685827	2.77337
			*CONTROL_ROT_SAMPLE 1536	-0.703445	-0.185805	0.686034	2.77531
			*CONTROL_ROT_SAMPLE 1728	-0.703564	-0.183925	0.686418	2.77893
			*CONTROL_ROT_SAMPLE 1920	-0.703695	-0.181808	0.686847	2.78301
			*CONTROL_ROT_SAMPLE 2112	-0.703799	-0.180091	0.687193	2.78632
			*CONTROL_ROT_SAMPLE 2304	-0.703892	-0.178532	0.687505	2.78932
			*CONTROL_ROT_SAMPLE 2496	-0.703971	-0.177166	0.687777	2.79196
			*CONTROL_ROT_SAMPLE 2688	-0.704023	-0.176267	0.687955	2.7937
			*CONTROL_ROT_SAMPLE 2880	-0.704072	-0.175407	0.688125	2.79536
			*CONTROL_ROT_SAMPLE 3072	-0.704118	-0.174578	0.688288	2.79696
			*CONTROL_ROT_SAMPLE 3264	-0.704163	-0.173774	0.688446	2.79851
			*CONTROL_ROT_SAMPLE 3456	-0.704206	-0.172986	0.6886	2.80003
			*CONTROL_ROT_SAMPLE 3648	-0.704248	-0.172208	0.688752	2.80154
			*CONTROL_ROT_SAMPLE 3840	-0.70429	-0.171432	0.688903	2.80304
			*CONTROL_ROT_SAMPLE 4032	-0.704331	-0.17065	0.689054	2.80455
			*CONTROL_ROT_SAMPLE 4224	-0.704373	-0.169856	0.689208	2.80609
			*CONTROL_ROT_SAMPLE 4416	-0.704416	-0.169041	0.689365	2.80767
			*CONTROL_ROT_SAMPLE 4608	-0.704461	-0.168155	0.689535	2.80938
			*CONTROL_ROT_SAMPLE 4800	-0.704508	-0.167233	0.689712	2.81117
			*CONTROL_ROT_SAMPLE 4992	-0.704552	-0.166335	0.689883	2.8129
			*CONTROL_ROT_SAMPLE 5184	-0.704597	-0.16544	0.690053	2.81464
		}
	}
}
*HELPEROBJECT {
	*NODE_NAME "Bip01 L Toe0"
	*NODE_PARENT "Bip01 L Foot"
	*NODE_TM {
		*NODE_NAME "Bip01 L Toe0"
		*TM_ROW0 0.448584	-0.893732	0.00393956
		*TM_ROW1 -0.0195529	-0.00540697	0.999794
		*TM_ROW2 -0.893527	-0.448569	-0.0199005
		*TM_ROW3 6.63771	-18.4944	-2.00521
		*TM_POS 6.63771	-18.4944	-2.00521
		*TM_ROTAXIS -0.756308	0.46864	0.45648
		*TM_ROTANGLE 1.86331
		*TM_SCALE 1	1	1
		*TM_SCALEAXIS 0	0	0
		*TM_SCALEAXISANG 0	0	0
	}
	*TM_ANIMATION {
		*NODE_NAME "Bip01 L Toe0"
		*CONTROL_POS_TRACK {
			*CONTROL_POS_SAMPLE 192	6.63771	-18.4944	-2.00521
			*CONTROL_POS_SAMPLE 384	4.95039	-17.8434	-2.22374
			*CONTROL_POS_SAMPLE 576	4.23381	-17.5667	-2.30417
			*CONTROL_POS_SAMPLE 768	4.12725	-17.5544	-2.25737
			*CONTROL_POS_SAMPLE 960	4.25672	-17.6719	-2.09241
			*CONTROL_POS_SAMPLE 1152	4.24621	-17.7809	-1.81806
			*CONTROL_POS_SAMPLE 1344	4.1309	-17.5002	-1.41556
			*CONTROL_POS_SAMPLE 1536	4.16128	-16.9213	-0.879005
			*CONTROL_POS_SAMPLE 1728	4.28446	-16.6164	-0.236596
			*CONTROL_POS_SAMPLE 1920	4.44766	-17.1575	0.483556
			*CONTROL_POS_SAMPLE 2112	4.59849	-19.1178	1.25317
			*CONTROL_POS_SAMPLE 2304	4.87225	-26.4033	2.72151
			*CONTROL_POS_SAMPLE 2496	5.13868	-37.8095	3.67618
			*CONTROL_POS_SAMPLE 2688	5.24495	-49.1447	3.37365
			*CONTROL_POS_SAMPLE 2880	5.33976	-60.8572	2.96479
			*CONTROL_POS_SAMPLE 3072	5.42529	-72.8154	2.4702
			*CONTROL_POS_SAMPLE 3264	5.50377	-84.8877	1.91059
			*CONTROL_POS_SAMPLE 3456	5.57736	-96.9424	1.30659
			*CONTROL_POS_SAMPLE 3648	5.64828	-108.848	0.678892
			*CONTROL_POS_SAMPLE 3840	5.71871	-120.472	0.0480886
			*CONTROL_POS_SAMPLE 4032	5.79084	-131.684	-0.565121
			*CONTROL_POS_SAMPLE 4224	5.86686	-142.352	-1.14007
			*CONTROL_POS_SAMPLE 4416	5.94897	-152.344	-1.65614
			*CONTROL_POS_SAMPLE 4608	6.05628	-155.094	-1.95431
			*CONTROL_POS_SAMPLE 4800	6.17175	-153.137	-2.08087
			*CONTROL_POS_SAMPLE 4992	6.26712	-153.185	-2.16047
			*CONTROL_POS_SAMPLE 5184	6.35787	-153.134	-2.20212
		}
		*CONTROL_ROT_TRACK {
			*CONTROL_ROT_SAMPLE 192	-0.756308	0.46864	0.45648	1.86331
			*CONTROL_ROT_SAMPLE 384	-0.771971	0.456435	0.442411	1.84582
			*CONTROL_ROT_SAMPLE 576	-0.778421	0.451222	0.436415	1.8387
			*CONTROL_ROT_SAMPLE 768	-0.779238	0.450554	0.435648	1.8378
			*CONTROL_ROT_SAMPLE 960	-0.777834	0.451702	0.436967	1.83935
			*CONTROL_ROT_SAMPLE 1152	-0.777597	0.451895	0.437188	1.83961
			*CONTROL_ROT_SAMPLE 1344	-0.778102	0.451483	0.436715	1.83905
			*CONTROL_ROT_SAMPLE 1536	-0.777088	0.45231	0.437665	1.84017
			*CONTROL_ROT_SAMPLE 1728	-0.775191	0.453847	0.439433	1.84226
			*CONTROL_ROT_SAMPLE 1920	-0.773051	0.455571	0.441416	1.84462
			*CONTROL_ROT_SAMPLE 2112	-0.77131	0.456964	0.443019	1.84655
			*CONTROL_ROT_SAMPLE 2304	-0.769726	0.458224	0.444469	1.84831
			*CONTROL_ROT_SAMPLE 2496	-0.768336	0.459325	0.445737	1.84985
			*CONTROL_ROT_SAMPLE 2688	-0.767419	0.460048	0.446569	1.85087
			*CONTROL_ROT_SAMPLE 2880	-0.766542	0.460738	0.447364	1.85185
			*CONTROL_ROT_SAMPLE 3072	-0.765696	0.461401	0.448129	1.85279
			*CONTROL_ROT_SAMPLE 3264	-0.764874	0.462044	0.44887	1.85371
			*CONTROL_ROT_SAMPLE 3456	-0.764068	0.462672	0.449594	1.85461
			*CONTROL_ROT_SAMPLE 3648	-0.763271	0.463292	0.450309	1.8555
			*CONTROL_ROT_SAMPLE 3840	-0.762475	0.46391	0.45102	1.85639
			*CONTROL_ROT_SAMPLE 4032	-0.761673	0.46453	0.451736	1.85729
			*CONTROL_ROT_SAMPLE 4224	-0.760857	0.46516	0.452463	1.8582
			*CONTROL_ROT_SAMPLE 4416	-0.76002	0.465804	0.453206	1.85914
			*CONTROL_ROT_SAMPLE 4608	-0.759108	0.466504	0.454014	1.86016
			*CONTROL_ROT_SAMPLE 4800	-0.758158	0.467231	0.454853	1.86123
			*CONTROL_ROT_SAMPLE 4992	-0.757233	0.467937	0.455668	1.86227
			*CONTROL_ROT_SAMPLE 5184	-0.756308	0.46864	0.45648	1.86331
		}
	}
}
*HELPEROBJECT {
	*NODE_NAME "Bip01 R Thigh"
	*NODE_PARENT "Bip01 Pelvis"
	*NODE_TM {
		*NODE_NAME "Bip01 R Thigh"
		*TM_ROW0 -0.274283	-0.240731	-0.93103
		*TM_ROW1 -0.327495	-0.886905	0.325802
		*TM_ROW2 -0.904166	0.39427	0.164425
		*TM_ROW3 -31.0512	10.4764	92.9369
		*TM_POS -31.0512	10.4764	92.9369
		*TM_ROTAXIS 0.601949	-0.236185	-0.762807
		*TM_ROTANGLE 3.08469
		*TM_SCALE 1	1	1
		*TM_SCALEAXIS 0	0	0
		*TM_SCALEAXISANG 0	0	0
	}
	*TM_ANIMATION {
		*NODE_NAME "Bip01 R Thigh"
		*CONTROL_POS_TRACK {
			*CONTROL_POS_SAMPLE 192	-31.0512	10.4764	92.9369
			*CONTROL_POS_SAMPLE 384	-31.0048	-0.47664	92.6581
			*CONTROL_POS_SAMPLE 576	-30.9724	-7.20452	92.5547
			*CONTROL_POS_SAMPLE 768	-30.9554	-11.9588	92.4579
			*CONTROL_POS_SAMPLE 960	-30.9511	-16.9904	92.196
			*CONTROL_POS_SAMPLE 1152	-30.9549	-22.5679	91.6246
			*CONTROL_POS_SAMPLE 1344	-30.962	-27.6474	90.8418
			*CONTROL_POS_SAMPLE 1536	-30.9677	-32.5113	90.0381
			*CONTROL_POS_SAMPLE 1728	-30.9675	-37.4419	89.4048
			*CONTROL_POS_SAMPLE 1920	-30.9659	-42.3235	89.1336
			*CONTROL_POS_SAMPLE 2112	-30.9692	-47.08	89.2526
			*CONTROL_POS_SAMPLE 2304	-30.9755	-51.8829	89.6041
			*CONTROL_POS_SAMPLE 2496	-30.9834	-56.6792	90.109
			*CONTROL_POS_SAMPLE 2688	-30.9912	-61.4738	90.688
			*CONTROL_POS_SAMPLE 2880	-30.9977	-66.2712	91.2619
			*CONTROL_POS_SAMPLE 3072	-31.0037	-71.0692	91.7405
			*CONTROL_POS_SAMPLE 3264	-31.0101	-75.8636	92.0303
			*CONTROL_POS_SAMPLE 3456	-31.0167	-80.6554	92.0831
			*CONTROL_POS_SAMPLE 3648	-31.0231	-85.4463	91.9614
			*CONTROL_POS_SAMPLE 3840	-31.0291	-90.2378	91.7465
			*CONTROL_POS_SAMPLE 4032	-31.0346	-95.0314	91.52
			*CONTROL_POS_SAMPLE 4224	-31.0392	-99.8286	91.3633
			*CONTROL_POS_SAMPLE 4416	-31.0429	-104.631	91.3638
			*CONTROL_POS_SAMPLE 4608	-31.0457	-109.437	91.5975
			*CONTROL_POS_SAMPLE 4800	-31.0477	-114.246	92.0104
			*CONTROL_POS_SAMPLE 4992	-31.0494	-119.055	92.4933
			*CONTROL_POS_SAMPLE 5184	-31.0512	-123.862	92.9369
		}
		*CONTROL_ROT_TRACK {
			*CONTROL_ROT_SAMPLE 192	0.601949	-0.236185	-0.762807	3.08469
			*CONTROL_ROT_SAMPLE 384	0.558303	-0.243532	-0.793088	3.01449
			*CONTROL_ROT_SAMPLE 576	0.540951	-0.27488	-0.794867	3.11968
			*CONTROL_ROT_SAMPLE 768	0.537732	-0.306984	-0.785242	3.23004
			*CONTROL_ROT_SAMPLE 960	0.536923	-0.329681	-0.776546	3.28542
			*CONTROL_ROT_SAMPLE 1152	0.539046	-0.348838	-0.766643	3.33239
			*CONTROL_ROT_SAMPLE 1344	0.544185	-0.366847	-0.754511	3.37715
			*CONTROL_ROT_SAMPLE 1536	0.55289	-0.379133	-0.742005	3.41121
			*CONTROL_ROT_SAMPLE 1728	0.565382	-0.381692	-0.7312	3.42829
			*CONTROL_ROT_SAMPLE 1920	0.581689	-0.372898	-0.7229	3.42017
			*CONTROL_ROT_SAMPLE 2112	0.60235	-0.350264	-0.717279	3.37554
			*CONTROL_ROT_SAMPLE 2304	0.601962	-0.344275	-0.720497	3.3668
			*CONTROL_ROT_SAMPLE 2496	0.596282	-0.341417	-0.726555	3.36876
			*CONTROL_ROT_SAMPLE 2688	0.593004	-0.332529	-0.733329	3.35744
			*CONTROL_ROT_SAMPLE 2880	0.591391	-0.319338	-0.74046	3.33719
			*CONTROL_ROT_SAMPLE 3072	0.590779	-0.303563	-0.747549	3.31109
			*CONTROL_ROT_SAMPLE 3264	0.590559	-0.286831	-0.7543	3.28216
			*CONTROL_ROT_SAMPLE 3456	0.590528	-0.269894	-0.760548	3.25287
			*CONTROL_ROT_SAMPLE 3648	0.591703	-0.251067	-0.766064	3.21942
			*CONTROL_ROT_SAMPLE 3840	0.594291	-0.229543	-0.770797	3.18022
			*CONTROL_ROT_SAMPLE 4032	0.597469	-0.206266	-0.774909	3.13807
			*CONTROL_ROT_SAMPLE 4224	0.600466	-0.182115	-0.778637	3.09532
			*CONTROL_ROT_SAMPLE 4416	0.602528	-0.15799	-0.782304	3.05369
			*CONTROL_ROT_SAMPLE 4608	0.596918	-0.136462	-0.790612	3.03026
			*CONTROL_ROT_SAMPLE 4800	0.591629	-0.133953	-0.795005	3.04762
			*CONTROL_ROT_SAMPLE 4992	0.596042	-0.17872	-0.782811	3.15011
			*CONTROL_ROT_SAMPLE 5184	0.605693	-0.223729	-0.763598	3.24398
		}
	}
}
*HELPEROBJECT {
	*NODE_NAME "Bip01 R Calf"
	*NODE_PARENT "Bip01 R Thigh"
	*NODE_TM {
		*NODE_NAME "Bip01 R Calf"
		*TM_ROW0 -0.000230068	0.384457	-0.923143
		*TM_ROW1 -0.427182	-0.834712	-0.347523
		*TM_ROW2 -0.904166	0.39427	0.164425
		*TM_ROW3 -41.8429	1.00488	56.3057
		*TM_POS -41.8429	1.00488	56.3057
		*TM_ROTAXIS 0.674531	-0.0172562	-0.738045
		*TM_ROTANGLE 2.5594
		*TM_SCALE 1	1	1
		*TM_SCALEAXIS 0	0	0
		*TM_SCALEAXISANG 0	0	0
	}
	*TM_ANIMATION {
		*NODE_NAME "Bip01 R Calf"
		*CONTROL_POS_TRACK {
			*CONTROL_POS_SAMPLE 192	-41.8429	1.00488	56.3057
			*CONTROL_POS_SAMPLE 384	-45.6034	-7.17723	56.7415
			*CONTROL_POS_SAMPLE 576	-47.2838	-18.2188	58.4866
			*CONTROL_POS_SAMPLE 768	-47.4374	-27.6521	60.363
			*CONTROL_POS_SAMPLE 960	-47.3216	-35.2268	61.4152
			*CONTROL_POS_SAMPLE 1152	-46.9284	-42.9507	62.0036
			*CONTROL_POS_SAMPLE 1344	-46.2392	-50.0677	62.3469
			*CONTROL_POS_SAMPLE 1536	-45.2712	-56.4845	62.3124
			*CONTROL_POS_SAMPLE 1728	-44.0661	-62.2122	61.7846
			*CONTROL_POS_SAMPLE 1920	-42.6815	-66.8846	60.7168
			*CONTROL_POS_SAMPLE 2112	-41.0804	-69.9982	58.9123
			*CONTROL_POS_SAMPLE 2304	-41.173	-74.3151	58.9313
			*CONTROL_POS_SAMPLE 2496	-41.6985	-78.9314	59.4815
			*CONTROL_POS_SAMPLE 2688	-42.0726	-82.9902	59.6677
			*CONTROL_POS_SAMPLE 2880	-42.3336	-86.6523	59.574
			*CONTROL_POS_SAMPLE 3072	-42.5173	-90.0416	59.252
			*CONTROL_POS_SAMPLE 3264	-42.6585	-93.2851	58.7313
			*CONTROL_POS_SAMPLE 3456	-42.7621	-96.4811	58.0301
			*CONTROL_POS_SAMPLE 3648	-42.7404	-99.462	57.1148
			*CONTROL_POS_SAMPLE 3840	-42.5632	-102.14	56.0627
			*CONTROL_POS_SAMPLE 4032	-42.2894	-104.621	55.0594
			*CONTROL_POS_SAMPLE 4224	-41.9849	-107.012	54.2606
			*CONTROL_POS_SAMPLE 4416	-41.7235	-109.405	53.7986
			*CONTROL_POS_SAMPLE 4608	-42.1957	-112.371	53.9798
			*CONTROL_POS_SAMPLE 4800	-42.7364	-117.533	54.586
			*CONTROL_POS_SAMPLE 4992	-42.4376	-127.699	55.8382
			*CONTROL_POS_SAMPLE 5184	-41.3972	-137.568	57.5375
		}
		*CONTROL_ROT_TRACK {
			*CONTROL_ROT_SAMPLE 192	0.674531	-0.0172562	-0.738045	2.5594
			*CONTROL_ROT_SAMPLE 384	0.646845	-0.0278306	-0.762114	2.43877
			*CONTROL_ROT_SAMPLE 576	0.650555	-0.00818653	-0.759415	2.40303
			*CONTROL_ROT_SAMPLE 768	0.659466	-0.00363312	-0.751726	2.43358
			*CONTROL_ROT_SAMPLE 960	0.663584	-0.0203853	-0.747824	2.48493
			*CONTROL_ROT_SAMPLE 1152	0.667764	-0.0381005	-0.743397	2.54338
			*CONTROL_ROT_SAMPLE 1344	0.672036	-0.0602203	-0.738066	2.61803
			*CONTROL_ROT_SAMPLE 1536	0.674961	-0.0859982	-0.732825	2.70558
			*CONTROL_ROT_SAMPLE 1728	0.675444	-0.114245	-0.728507	2.80164
			*CONTROL_ROT_SAMPLE 1920	0.672983	-0.147936	-0.724713	2.90563
