*3DSMAX_ASCIIEXPORT	110
*COMMENT "This file is part of Gothic Free Aim Copyright (C) 2016-2018  mud-freak (@szapp)"
*COMMENT "<http://github.com/szapp/GothicFreeAim>"
*COMMENT "Animations: third iteration"
*SCENE {
	*SCENE_FILENAME "cbowIK_T2_left.max"
	*SCENE_FIRSTFRAME 1
	*SCENE_LASTFRAME 26
	*SCENE_FRAMESPEED 25
	*SCENE_TICKSPERFRAME 192
	*SCENE_BACKGROUND_STATIC 0	0	0
	*SCENE_AMBIENT_STATIC 0.2	0.2	0.2
}
*HELPEROBJECT {
	*NODE_NAME "Bip01"
	*NODE_TM {
		*NODE_NAME "Bip01"
		*TM_ROW0 -0.223483	-0.973914	-0.0393292
		*TM_ROW1 0.974662	-0.222899	-0.0187185
		*TM_ROW2 0.00946376	-0.0425159	0.999051
		*TM_ROW3 94.0246	6.59634	52.2476
		*TM_POS 94.0246	6.59634	52.2476
		*TM_ROTAXIS -0.012208	-0.0250306	0.999612
		*TM_ROTANGLE 1.79637
		*TM_SCALE 1	1	1
		*TM_SCALEAXIS 0	0	0
		*TM_SCALEAXISANG 0	0	0
	}
	*TM_ANIMATION {
		*NODE_NAME "Bip01"
		*CONTROL_POS_TRACK {
			*CONTROL_POS_SAMPLE 192	-5.98947	6.52958	48.4179
			*CONTROL_POS_SAMPLE 384	-3.11959	6.53793	50.4438
			*CONTROL_POS_SAMPLE 576	-0.249709	6.54627	52.245
			*CONTROL_POS_SAMPLE 768	2.62017	6.55462	53.6674
			*CONTROL_POS_SAMPLE 960	5.49005	6.56296	54.275
			*CONTROL_POS_SAMPLE 1152	8.35993	6.57131	53.7228
			*CONTROL_POS_SAMPLE 1344	11.2298	6.57965	52.7093
			*CONTROL_POS_SAMPLE 1536	14.0997	6.588	51.7332
			*CONTROL_POS_SAMPLE 1728	16.9696	6.59634	51.2934
			*CONTROL_POS_SAMPLE 1920	21.5022	6.59634	51.6899
			*CONTROL_POS_SAMPLE 2112	26.0349	6.59634	52.6047
			*CONTROL_POS_SAMPLE 2304	30.5675	6.59634	53.593
			*CONTROL_POS_SAMPLE 2496	35.1002	6.59634	54.2102
			*CONTROL_POS_SAMPLE 2688	39.6328	6.59634	54.3376
			*CONTROL_POS_SAMPLE 2880	44.1655	6.59634	54.2125
			*CONTROL_POS_SAMPLE 3072	48.6981	6.59634	53.9246
			*CONTROL_POS_SAMPLE 3264	53.2308	6.59634	53.562
			*CONTROL_POS_SAMPLE 3456	57.7634	6.59634	53.0228
			*CONTROL_POS_SAMPLE 3648	62.2961	6.59634	52.3014
			*CONTROL_POS_SAMPLE 3840	66.8287	6.59634	51.6316
			*CONTROL_POS_SAMPLE 4032	71.3614	6.59634	51.247
			*CONTROL_POS_SAMPLE 4224	75.894	6.59634	51.2639
			*CONTROL_POS_SAMPLE 4416	80.4267	6.59634	51.54
			*CONTROL_POS_SAMPLE 4608	84.9593	6.59634	51.9198
			*CONTROL_POS_SAMPLE 4800	89.492	6.59634	52.2477
			*CONTROL_POS_SAMPLE 4992	94.0246	6.59634	52.2476
		}
		*CONTROL_ROT_TRACK {
			*CONTROL_ROT_SAMPLE 192	-0.012208	-0.0250306	0.999612	1.79637
			*CONTROL_ROT_SAMPLE 384	-0.0111283	-0.0285253	0.999531	1.79629
			*CONTROL_ROT_SAMPLE 576	-0.0100483	-0.0320199	0.999437	1.79623
			*CONTROL_ROT_SAMPLE 768	-0.00896815	-0.0355143	0.999329	1.79617
			*CONTROL_ROT_SAMPLE 960	-0.00788786	-0.0390082	0.999208	1.79614
			*CONTROL_ROT_SAMPLE 1152	-0.00896815	-0.0355143	0.999329	1.79617
			*CONTROL_ROT_SAMPLE 1344	-0.0100483	-0.0320199	0.999437	1.79623
			*CONTROL_ROT_SAMPLE 1536	-0.0111283	-0.0285253	0.999531	1.79629
			*CONTROL_ROT_SAMPLE 1728	-0.012208	-0.0250306	0.999612	1.79637
			*CONTROL_ROT_SAMPLE 1920	-0.0143234	-0.0242202	0.999604	1.79643
			*CONTROL_ROT_SAMPLE 2112	-0.0164387	-0.0234097	0.999591	1.7965
			*CONTROL_ROT_SAMPLE 2304	-0.0185537	-0.0225991	0.999572	1.79658
			*CONTROL_ROT_SAMPLE 2496	-0.0206685	-0.0217884	0.999549	1.79666
			*CONTROL_ROT_SAMPLE 2688	-0.0227831	-0.0209777	0.99952	1.79674
			*CONTROL_ROT_SAMPLE 2880	-0.0248974	-0.020167	0.999487	1.79683
			*CONTROL_ROT_SAMPLE 3072	-0.0226998	-0.0209706	0.999522	1.79674
			*CONTROL_ROT_SAMPLE 3264	-0.0205018	-0.0217742	0.999553	1.79664
			*CONTROL_ROT_SAMPLE 3456	-0.0183036	-0.0225778	0.999578	1.79656
			*CONTROL_ROT_SAMPLE 3648	-0.0161051	-0.0233812	0.999597	1.79647
			*CONTROL_ROT_SAMPLE 3840	-0.0139064	-0.0241846	0.999611	1.7964
			*CONTROL_ROT_SAMPLE 4032	-0.0117075	-0.0249879	0.999619	1.79633
			*CONTROL_ROT_SAMPLE 4224	-0.0118076	-0.0249965	0.999618	1.79633
			*CONTROL_ROT_SAMPLE 4416	-0.0119077	-0.025005	0.999616	1.79634
			*CONTROL_ROT_SAMPLE 4608	-0.0120078	-0.0250135	0.999615	1.79635
			*CONTROL_ROT_SAMPLE 4800	-0.0121079	-0.0250221	0.999614	1.79636
			*CONTROL_ROT_SAMPLE 4992	-0.012208	-0.0250306	0.999612	1.79637
		}
	}
}
*HELPEROBJECT {
	*NODE_NAME "Bip01 Footsteps"
	*NODE_PARENT "Bip01"
	*NODE_TM {
		*NODE_NAME "Bip01 Footsteps"
		*TM_ROW0 1	0	0
		*TM_ROW1 0	1	0
		*TM_ROW2 0	0	1
		*TM_ROW3 94.0246	6.59634	0.551469
		*TM_POS 94.0246	6.59634	0.551469
		*TM_ROTAXIS 0	0	0
		*TM_ROTANGLE 0
		*TM_SCALE 1	1	1
		*TM_SCALEAXIS 0	0	0
		*TM_SCALEAXISANG 0	0	0
	}
}
*HELPEROBJECT {
	*NODE_NAME "Bip01 Pelvis"
	*NODE_PARENT "Bip01"
	*NODE_TM {
		*NODE_NAME "Bip01 Pelvis"
		*TM_ROW0 -0.244782	0.0170215	0.969429
		*TM_ROW1 -0.223482	-0.973914	-0.0393292
		*TM_ROW2 0.943471	-0.226277	0.242201
		*TM_ROW3 93.7526	7.76672	52.3
		*TM_POS 93.7526	7.76672	52.3
		*TM_ROTAXIS -0.611498	0.0849064	-0.786677
		*TM_ROTANGLE 2.98813
		*TM_SCALE 1	1	1
		*TM_SCALEAXIS 0	0	0
		*TM_SCALEAXISANG 0	0	0
	}
	*TM_ANIMATION {
		*NODE_NAME "Bip01 Pelvis"
		*CONTROL_POS_TRACK {
			*CONTROL_POS_SAMPLE 192	-6.26149	7.69997	48.4703
			*CONTROL_POS_SAMPLE 384	-3.39163	7.70807	50.5012
			*CONTROL_POS_SAMPLE 576	-0.521753	7.71615	52.3075
			*CONTROL_POS_SAMPLE 768	2.34815	7.72422	53.735
			*CONTROL_POS_SAMPLE 960	5.21807	7.73228	54.3476
			*CONTROL_POS_SAMPLE 1152	8.08791	7.74091	53.7904
			*CONTROL_POS_SAMPLE 1344	10.9578	7.74953	52.7718
			*CONTROL_POS_SAMPLE 1536	13.8276	7.75814	51.7906
			*CONTROL_POS_SAMPLE 1728	16.6975	7.76672	51.3458
			*CONTROL_POS_SAMPLE 1920	21.2302	7.7667	51.7426
			*CONTROL_POS_SAMPLE 2112	25.7628	7.76668	52.6577
			*CONTROL_POS_SAMPLE 2304	30.2954	7.76666	53.6464
			*CONTROL_POS_SAMPLE 2496	34.828	7.76664	54.2639
			*CONTROL_POS_SAMPLE 2688	39.3607	7.76662	54.3917
			*CONTROL_POS_SAMPLE 2880	43.8933	7.7666	54.2669
			*CONTROL_POS_SAMPLE 3072	48.426	7.76662	53.9786
			*CONTROL_POS_SAMPLE 3264	52.9586	7.76665	53.6156
			*CONTROL_POS_SAMPLE 3456	57.4913	7.76667	53.076
			*CONTROL_POS_SAMPLE 3648	62.024	7.76669	52.3542
			*CONTROL_POS_SAMPLE 3840	66.5567	7.76672	51.6839
			*CONTROL_POS_SAMPLE 4032	71.0893	7.76674	51.2989
			*CONTROL_POS_SAMPLE 4224	75.622	7.76673	51.3159
			*CONTROL_POS_SAMPLE 4416	80.1546	7.76673	51.5921
			*CONTROL_POS_SAMPLE 4608	84.6873	7.76673	51.972
			*CONTROL_POS_SAMPLE 4800	89.2199	7.76673	52.3
			*CONTROL_POS_SAMPLE 4992	93.7526	7.76672	52.3
		}
		*CONTROL_ROT_TRACK {
			*CONTROL_ROT_SAMPLE 192	-0.611498	0.0849064	-0.786677	2.98813
			*CONTROL_ROT_SAMPLE 384	-0.613447	0.0859126	-0.785049	2.98989
			*CONTROL_ROT_SAMPLE 576	-0.61539	0.0869181	-0.783416	2.99166
			*CONTROL_ROT_SAMPLE 768	-0.617329	0.0879227	-0.781777	2.99342
			*CONTROL_ROT_SAMPLE 960	-0.619263	0.0889265	-0.780132	2.99518
			*CONTROL_ROT_SAMPLE 1152	-0.617329	0.0879227	-0.781777	2.99342
			*CONTROL_ROT_SAMPLE 1344	-0.61539	0.086918	-0.783416	2.99166
			*CONTROL_ROT_SAMPLE 1536	-0.613447	0.0859126	-0.785049	2.98989
			*CONTROL_ROT_SAMPLE 1728	-0.611498	0.0849064	-0.786677	2.98813
			*CONTROL_ROT_SAMPLE 1920	-0.610185	0.0854957	-0.787632	2.98897
			*CONTROL_ROT_SAMPLE 2112	-0.608871	0.0860846	-0.788585	2.98981
			*CONTROL_ROT_SAMPLE 2304	-0.607554	0.0866733	-0.789535	2.99064
			*CONTROL_ROT_SAMPLE 2496	-0.606236	0.0872618	-0.790483	2.99148
			*CONTROL_ROT_SAMPLE 2688	-0.604916	0.0878498	-0.791428	2.99232
			*CONTROL_ROT_SAMPLE 2880	-0.603595	0.0884376	-0.792371	2.99316
			*CONTROL_ROT_SAMPLE 3072	-0.604952	0.0878083	-0.791406	2.99226
			*CONTROL_ROT_SAMPLE 3264	-0.606308	0.0871787	-0.790437	2.99137
			*CONTROL_ROT_SAMPLE 3456	-0.607661	0.0865487	-0.789466	2.99047
			*CONTROL_ROT_SAMPLE 3648	-0.609013	0.0859184	-0.788493	2.98958
			*CONTROL_ROT_SAMPLE 3840	-0.610363	0.0852878	-0.787517	2.98869
			*CONTROL_ROT_SAMPLE 4032	-0.611712	0.0846569	-0.786538	2.98779
			*CONTROL_ROT_SAMPLE 4224	-0.611669	0.0847068	-0.786566	2.98786
			*CONTROL_ROT_SAMPLE 4416	-0.611626	0.0847568	-0.786594	2.98793
			*CONTROL_ROT_SAMPLE 4608	-0.611584	0.0848066	-0.786622	2.988
			*CONTROL_ROT_SAMPLE 4800	-0.611541	0.0848566	-0.786649	2.98806
			*CONTROL_ROT_SAMPLE 4992	-0.611498	0.0849064	-0.786677	2.98813
		}
	}
}
*HELPEROBJECT {
	*NODE_NAME "Bip01 Spine"
	*NODE_PARENT "Bip01 Pelvis"
	*NODE_TM {
		*NODE_NAME "Bip01 Spine"
		*TM_ROW0 0.0615986	0.0199475	0.997902
		*TM_ROW1 -0.58775	-0.807343	0.052419
		*TM_ROW2 0.806694	-0.589745	-0.038007
		*TM_ROW3 93.7981	7.75018	54.7008
		*TM_POS 93.7981	7.75018	54.7008
		*TM_ROTAXIS -0.709918	0.211381	-0.671814
		*TM_ROTANGLE 2.67227
		*TM_SCALE 1	1	1
		*TM_SCALEAXIS 0	0	0
		*TM_SCALEAXISANG 0	0	0
	}
}
*HELPEROBJECT {
	*NODE_NAME "Bip01 Spine1"
	*NODE_PARENT "Bip01 Spine"
	*NODE_TM {
		*NODE_NAME "Bip01 Spine1"
		*TM_ROW0 0.0362389	-0.0686068	0.996985
		*TM_ROW1 -0.769827	-0.638054	-0.0159252
		*TM_ROW2 0.637223	-0.766929	-0.0759377
		*TM_ROW3 94.4113	7.95271	64.5076
		*TM_POS 94.4113	7.95271	64.5076
		*TM_ROTAXIS -0.689853	0.330468	-0.644123
		*TM_ROTANGLE 2.56601
		*TM_SCALE 1	1	1
		*TM_SCALEAXIS 0	0	0
		*TM_SCALEAXISANG 0	0	0
	}
}
*HELPEROBJECT {
	*NODE_NAME "Bip01 Spine2"
	*NODE_PARENT "Bip01 Spine1"
	*NODE_TM {
		*NODE_NAME "Bip01 Spine2"
		*TM_ROW0 -0.0121297	-0.182261	0.983175
		*TM_ROW1 -0.92638	-0.368069	-0.0796618
		*TM_ROW2 0.376396	-0.91176	-0.164379
		*TM_ROW3 94.8969	7.08403	77.2607
		*TM_POS 94.8969	7.08403	77.2607
		*TM_ROTAXIS -0.654915	0.477575	-0.585669
		*TM_ROTANGLE 2.45323
		*TM_SCALE 1	1	1
		*TM_SCALEAXIS 0	0	0
		*TM_SCALEAXISANG 0	0	0
	}
}
*HELPEROBJECT {
	*NODE_NAME "Bip01 Neck"
	*NODE_PARENT "Bip01 Spine2"
	*NODE_TM {
		*NODE_NAME "Bip01 Neck"
		*TM_ROW0 -0.39014	-0.0816203	0.917131
		*TM_ROW1 -0.451599	-0.851068	-0.267847
		*TM_ROW2 0.802402	-0.518673	0.295176
		*TM_ROW3 94.5356	1.62373	106.742
		*TM_POS 94.5356	1.62373	106.742
		*TM_ROTAXIS -0.543529	0.248612	-0.801728
		*TM_ROTANGLE 2.90876
		*TM_SCALE 1	1	1
		*TM_SCALEAXIS 0	0	0
		*TM_SCALEAXISANG 0	0	0
	}
}
*HELPEROBJECT {
	*NODE_NAME "Bip01 Head"
	*NODE_PARENT "Bip01 Neck"
	*NODE_TM {
		*NODE_NAME "Bip01 Head"
		*TM_ROW0 -0.445847	0.0435763	0.894048
		*TM_ROW1 0.0163127	-0.998253	0.0567902
		*TM_ROW2 0.894961	0.0399041	0.444357
		*TM_ROW3 91.8674	1.06551	113.014
		*TM_POS 91.8674	1.06551	113.014
		*TM_ROTAXIS -0.526336	-0.028448	-0.8498
		*TM_ROTANGLE 3.12555
		*TM_SCALE 1	1	1
		*TM_SCALEAXIS 0	0	0
		*TM_SCALEAXISANG 0	0	0
	}
}
*HELPEROBJECT {
	*NODE_NAME "zs_Helmet"
	*NODE_PARENT "Bip01 Head"
	*NODE_TM {
		*NODE_NAME "zs_Helmet"
		*TM_ROW0 0.894961	0.039905	0.444357
		*TM_ROW1 0.0187171	0.991757	-0.126761
		*TM_ROW2 -0.445752	0.121763	0.886836
		*TM_ROW3 -32.5521	-58.6932	368.969
		*TM_POS -32.5521	-58.6932	368.969
		*TM_ROTAXIS 0.26885	0.962909	-0.0229209
		*TM_ROTANGLE 0.480472
		*TM_SCALE 1	1	1
		*TM_SCALEAXIS 0	0	0
		*TM_SCALEAXISANG 0	0	0
	}
}
*HELPEROBJECT {
	*NODE_NAME "Bip01 L Clavicle"
	*NODE_PARENT "Bip01 Neck"
	*NODE_TM {
		*NODE_NAME "Bip01 L Clavicle"
		*TM_ROW0 0.392173	-0.885572	-0.248921
		*TM_ROW1 0.919598	0.384257	0.0817693
		*TM_ROW2 0.0232373	-0.260975	0.965066
		*TM_ROW3 99.8857	-3.75413	100.351
		*TM_POS 99.8857	-3.75413	100.351
		*TM_ROTAXIS -0.184523	-0.146521	0.971845
		*TM_ROTANGLE 1.19098
		*TM_SCALE 1	1	1
		*TM_SCALEAXIS 0	0	0
		*TM_SCALEAXISANG 0	0	0
	}
}
*HELPEROBJECT {
	*NODE_NAME "Bip01 L UpperArm"
	*NODE_PARENT "Bip01 L Clavicle"
	*NODE_TM {
		*NODE_NAME "Bip01 L UpperArm"
		*TM_ROW0 -0.512908	-0.737503	-0.439336
		*TM_ROW1 0.445851	0.208483	-0.870489
		*TM_ROW2 0.733582	-0.642359	0.221883
		*TM_ROW3 105.112	-15.5553	97.0341
		*TM_POS 105.112	-15.5553	97.0341
		*TM_ROTAXIS -0.135655	0.697461	-0.703666
		*TM_ROTANGLE 4.14044
		*TM_SCALE 1	1	1
		*TM_SCALEAXIS 0	0	0
		*TM_SCALEAXISANG 0	0	0
	}
}
*HELPEROBJECT {
	*NODE_NAME "Bip01 L Forearm"
	*NODE_PARENT "Bip01 L UpperArm"
	*NODE_TM {
		*NODE_NAME "Bip01 L Forearm"
		*TM_ROW0 -0.436474	-0.195072	0.878315
		*TM_ROW1 -0.52091	-0.741163	-0.423475
		*TM_ROW2 0.733582	-0.642359	0.221883
		*TM_ROW3 90.7985	-36.1362	84.7739
		*TM_POS 90.7985	-36.1362	84.7739
		*TM_ROTAXIS -0.523191	0.345949	-0.778839
		*TM_ROTANGLE 2.93085
		*TM_SCALE 1	1	1
		*TM_SCALEAXIS 0	0	0
		*TM_SCALEAXISANG 0	0	0
	}
}
*HELPEROBJECT {
	*NODE_NAME "Bip01 L Hand"
	*NODE_PARENT "Bip01 L Forearm"
	*NODE_TM {
		*NODE_NAME "Bip01 L Hand"
		*TM_ROW0 -0.985851	0.0836732	-0.145248
		*TM_ROW1 -0.126203	0.199785	0.971678
		*TM_ROW2 0.110322	0.97626	-0.186399
		*TM_ROW3 78.6574	-41.5624	109.205
		*TM_POS 78.6574	-41.5624	109.205
		*TM_ROTAXIS 0.0138549	-0.772735	-0.634578
		*TM_ROTANGLE 2.97546
		*TM_SCALE 1	1	1
		*TM_SCALEAXIS 0	0	0
		*TM_SCALEAXISANG 0	0	0
	}
}
*HELPEROBJECT {
	*NODE_NAME "Bip01 L Finger0"
	*NODE_PARENT "Bip01 L Hand"
	*NODE_TM {
		*NODE_NAME "Bip01 L Finger0"
		*TM_ROW0 -0.98585	0.0836757	-0.145251
		*TM_ROW1 -0.12629	0.199039	0.97182
		*TM_ROW2 0.110228	0.976413	-0.185655
		*TM_ROW3 65.9696	-40.4855	107.336
		*TM_POS 65.9696	-40.4855	107.336
		*TM_ROTAXIS 0.0138868	-0.772492	-0.634873
		*TM_ROTANGLE 2.97547
		*TM_SCALE 1	1	1
		*TM_SCALEAXIS 0	0	0
		*TM_SCALEAXISANG 0	0	0
	}
}
*HELPEROBJECT {
	*NODE_NAME "zs_LeftHand"
	*NODE_PARENT "Bip01 L Hand"
	*NODE_TM {
		*NODE_NAME "zs_LeftHand"
		*TM_ROW0 0.0243749	0.998895	-0.040184
		*TM_ROW1 0.0675177	-0.0417491	-0.996844
		*TM_ROW2 -0.99742	0.0215849	-0.0684607
		*TM_ROW3 -46.4911	-179.206	305.412
		*TM_POS -46.4911	-179.206	305.412
		*TM_ROTAXIS -0.606362	-0.569929	0.554532
		*TM_ROTANGLE 4.13848
		*TM_SCALE 1	1	1
		*TM_SCALEAXIS 0	0	0
		*TM_SCALEAXISANG 0	0	0
	}
}
*HELPEROBJECT {
	*NODE_NAME "zs_LeftArm"
	*NODE_PARENT "Bip01 L Forearm"
	*NODE_TM {
		*NODE_NAME "zs_LeftArm"
		*TM_ROW0 -0.536218	-0.270946	0.799411
		*TM_ROW1 -0.405677	-0.7478	-0.525568
		*TM_ROW2 0.7402	-0.606122	0.291067
		*TM_ROW3 104.129	11.0411	400.422
		*TM_POS 104.129	11.0411	400.422
		*TM_ROTAXIS -0.48014	0.352927	-0.803062
		*TM_ROTANGLE 3.05761
		*TM_SCALE 1	1	1
		*TM_SCALEAXIS 0	0	0
		*TM_SCALEAXISANG 0	0	0
	}
}
*HELPEROBJECT {
	*NODE_NAME "Bip01 R Clavicle"
	*NODE_PARENT "Bip01 Neck"
	*NODE_TM {
		*NODE_NAME "Bip01 R Clavicle"
		*TM_ROW0 -0.874707	0.475434	-0.0940752
		*TM_ROW1 0.456922	0.873692	0.166988
		*TM_ROW2 0.161585	0.103081	-0.981461
		*TM_ROW3 93.8904	10.7683	102.969
		*TM_POS 93.8904	10.7683	102.969
		*TM_ROTAXIS -0.241913	-0.967764	-0.0700733
		*TM_ROTANGLE 3.00912
		*TM_SCALE 1	1	1
		*TM_SCALEAXIS 0	0	0
		*TM_SCALEAXISANG 0	0	0
	}
}
*HELPEROBJECT {
	*NODE_NAME "Bip01 R UpperArm"
	*NODE_PARENT "Bip01 R Clavicle"
	*NODE_TM {
		*NODE_NAME "Bip01 R UpperArm"
		*TM_ROW0 -0.916774	-0.33527	-0.217069
		*TM_ROW1 -0.289976	0.932453	-0.215514
		*TM_ROW2 0.274662	-0.134633	-0.952069
		*TM_ROW3 82.2341	17.104	101.716
		*TM_POS 82.2341	17.104	101.716
		*TM_ROTAXIS 0.161635	-0.98269	0.0905183
		*TM_ROTANGLE 2.88871
		*TM_SCALE 1	1	1
		*TM_SCALEAXIS 0	0	0
		*TM_SCALEAXISANG 0	0	0
	}
}
*HELPEROBJECT {
	*NODE_NAME "Bip01 R Forearm"
	*NODE_PARENT "Bip01 R UpperArm"
	*NODE_TM {
		*NODE_NAME "Bip01 R Forearm"
		*TM_ROW0 0.483406	-0.836587	0.25776
		*TM_ROW1 -0.831192	-0.531033	-0.164696
		*TM_ROW2 0.274662	-0.134633	-0.952069
		*TM_ROW3 56.6504	7.74785	95.6582
		*TM_POS 56.6504	7.74785	95.6582
		*TM_ROTAXIS -0.86121	0.484175	-0.154568
		*TM_ROTANGLE 3.15905
		*TM_SCALE 1	1	1
		*TM_SCALEAXIS 0	0	0
		*TM_SCALEAXISANG 0	0	0
	}
}
*HELPEROBJECT {
	*NODE_NAME "Bip01 R Hand"
	*NODE_PARENT "Bip01 R Forearm"
	*NODE_TM {
		*NODE_NAME "Bip01 R Hand"
		*TM_ROW0 0.755101	-0.626242	0.194021
		*TM_ROW1 -0.132232	0.144381	0.980647
		*TM_ROW2 -0.642135	-0.766143	0.0262131
		*TM_ROW3 70.0969	-15.5229	102.828
		*TM_POS 70.0969	-15.5229	102.828
		*TM_ROTAXIS -0.873998	0.418367	0.247176
		*TM_ROTANGLE 1.60796
		*TM_SCALE 1	1	1
		*TM_SCALEAXIS 0	0	0
		*TM_SCALEAXISANG 0	0	0
	}
}
*HELPEROBJECT {
	*NODE_NAME "Bip01 R Finger0"
	*NODE_PARENT "Bip01 R Hand"
	*NODE_TM {
		*NODE_NAME "Bip01 R Finger0"
		*TM_ROW0 0.7551	-0.626243	0.194021
		*TM_ROW1 -0.132722	0.143796	0.980667
		*TM_ROW2 -0.642035	-0.766252	0.0254636
		*TM_ROW3 79.815	-23.5826	105.325
		*TM_POS 79.815	-23.5826	105.325
		*TM_ROTAXIS -0.874085	0.418327	0.246937
		*TM_ROTANGLE 1.60863
		*TM_SCALE 1	1	1
		*TM_SCALEAXIS 0	0	0
		*TM_SCALEAXISANG 0	0	0
	}
}
*HELPEROBJECT {
	*NODE_NAME "zs_RightHand"
	*NODE_PARENT "Bip01 R Hand"
	*NODE_TM {
		*NODE_NAME "zs_RightHand"
		*TM_ROW0 0.0365619	0.998993	0.0260055
		*TM_ROW1 -0.993092	0.0392247	-0.110586
		*TM_ROW2 -0.111495	-0.0217826	0.993526
		*TM_ROW3 142.64	-83.0502	177.573
		*TM_POS 142.64	-83.0502	177.573
		*TM_ROTAXIS 0.0444283	0.0687914	-0.996641
		*TM_ROTANGLE 1.53613
		*TM_SCALE 1	1	1
		*TM_SCALEAXIS 0	0	0
		*TM_SCALEAXISANG 0	0	0
	}
}
*HELPEROBJECT {
	*NODE_NAME "zs_Crossbow"
	*NODE_PARENT "Bip01 Spine2"
	*NODE_TM {
		*NODE_NAME "zs_Crossbow"
		*TM_ROW0 -0.256691	0.141333	0.956104
		*TM_ROW1 -0.301124	0.928315	-0.21807
		*TM_ROW2 -0.918387	-0.343883	-0.195731
		*TM_ROW3 363.125	220.229	1512.19
		*TM_POS 363.125	220.229	1512.19
		*TM_ROTAXIS -0.0651843	0.971185	-0.22924
		*TM_ROTANGLE 1.83595
		*TM_SCALE 1	1	1
		*TM_SCALEAXIS 0	0	0
		*TM_SCALEAXISANG 0	0	0
	}
}
*HELPEROBJECT {
	*NODE_NAME "zs_Longsword"
	*NODE_PARENT "Bip01 Spine2"
	*NODE_TM {
		*NODE_NAME "zs_Longsword"
		*TM_ROW0 -0.425396	0.214058	0.879328
		*TM_ROW1 -0.162262	0.937841	-0.3068
		*TM_ROW2 -0.890343	-0.273192	-0.36422
		*TM_ROW3 139.995	279.144	1191.29
		*TM_POS 139.995	279.144	1191.29
		*TM_ROTAXIS 0.0185721	0.97796	-0.207963
		*TM_ROTANGLE 2.01074
		*TM_SCALE 1	1	1
		*TM_SCALEAXIS 0	0	0
		*TM_SCALEAXISANG 0	0	0
	}
}
*HELPEROBJECT {
	*NODE_NAME "zs_Shield"
	*NODE_PARENT "Bip01 Spine2"
	*NODE_TM {
		*NODE_NAME "zs_Shield"
		*TM_ROW0 0.276303	0.294224	-0.914926
		*TM_ROW1 0.0234201	0.949642	0.312461
		*TM_ROW2 0.960785	-0.107762	0.255498
		*TM_ROW3 552.827	-76.2681	371.908
		*TM_POS 552.827	-76.2681	371.908
		*TM_ROTAXIS -0.216477	-0.966269	-0.139504
		*TM_ROTANGLE 1.32769
		*TM_SCALE 1	1	1
		*TM_SCALEAXIS 0	0	0
		*TM_SCALEAXISANG 0	0	0
	}
}
*HELPEROBJECT {
	*NODE_NAME "zs_Bow"
	*NODE_PARENT "Bip01 Spine2"
	*NODE_TM {
		*NODE_NAME "zs_Bow"
		*TM_ROW0 -0.374991	0.0532367	0.925499
		*TM_ROW1 0.891891	0.292979	0.344521
		*TM_ROW2 -0.25281	0.954636	-0.157346
		*TM_ROW3 583.986	171.729	214.398
		*TM_POS 583.986	171.729	214.398
		*TM_ROTAXIS -0.38868	-0.750654	-0.534273
		*TM_ROTANGLE 4.04406
		*TM_SCALE 1	1	1
		*TM_SCALEAXIS 0	0	0
		*TM_SCALEAXISANG 0	0	0
	}
}
*HELPEROBJECT {
	*NODE_NAME "zs_Sword"
	*NODE_PARENT "Bip01 Spine"
	*NODE_TM {
		*NODE_NAME "zs_Sword"
		*TM_ROW0 -0.134461	-0.245788	0.959952
		*TM_ROW1 0.575474	0.769274	0.277574
		*TM_ROW2 -0.806691	0.58975	0.0380072
		*TM_ROW3 392.474	-116.664	77.5795
		*TM_POS 392.474	-116.664	77.5795
		*TM_ROTAXIS 0.15822	0.895384	0.416238
		*TM_ROTANGLE 1.73512
		*TM_SCALE 1	1	1
		*TM_SCALEAXIS 0	0	0
		*TM_SCALEAXISANG 0	0	0
	}
}
*HELPEROBJECT {
	*NODE_NAME "Bip01 L Thigh"
	*NODE_PARENT "Bip01 Pelvis"
	*NODE_TM {
		*NODE_NAME "Bip01 L Thigh"
		*TM_ROW0 0.242989	-0.968709	-0.0505977
		*TM_ROW1 -0.238453	-0.110211	0.96488
		*TM_ROW2 -0.940264	-0.22239	-0.257771
		*TM_ROW3 102.253	5.72791	54.4823
		*TM_POS 102.253	5.72791	54.4823
		*TM_ROTAXIS -0.717992	0.538018	0.441616
		*TM_ROTANGLE 2.1682
		*TM_SCALE 1	1	1
		*TM_SCALEAXIS 0	0	0
		*TM_SCALEAXISANG 0	0	0
	}
	*TM_ANIMATION {
		*NODE_NAME "Bip01 L Thigh"
		*CONTROL_POS_TRACK {
			*CONTROL_POS_SAMPLE 192	2.23939	5.66115	50.6526
			*CONTROL_POS_SAMPLE 384	5.11994	5.66435	52.6367
			*CONTROL_POS_SAMPLE 576	8.00029	5.66769	54.3961
			*CONTROL_POS_SAMPLE 768	10.8804	5.67117	55.7767
			*CONTROL_POS_SAMPLE 960	13.7604	5.67479	56.3425
			*CONTROL_POS_SAMPLE 1152	16.6202	5.68786	55.8322
			*CONTROL_POS_SAMPLE 1344	19.4798	5.70108	54.8605
			*CONTROL_POS_SAMPLE 1536	22.3392	5.71442	53.9261
			*CONTROL_POS_SAMPLE 1728	25.1984	5.72791	53.528
			*CONTROL_POS_SAMPLE 1920	29.7234	5.7244	53.9514
			*CONTROL_POS_SAMPLE 2112	34.2482	5.72086	54.893
			*CONTROL_POS_SAMPLE 2304	38.773	5.7173	55.9081
			*CONTROL_POS_SAMPLE 2496	43.2976	5.71371	56.552
			*CONTROL_POS_SAMPLE 2688	47.8222	5.71009	56.7062
			*CONTROL_POS_SAMPLE 2880	52.3467	5.70644	56.6077
			*CONTROL_POS_SAMPLE 3072	56.8878	5.71037	56.2924
			*CONTROL_POS_SAMPLE 3264	61.4287	5.71427	55.9024
			*CONTROL_POS_SAMPLE 3456	65.9696	5.71813	55.3358
			*CONTROL_POS_SAMPLE 3648	70.5103	5.72197	54.5869
			*CONTROL_POS_SAMPLE 3840	75.051	5.72577	53.8896
			*CONTROL_POS_SAMPLE 4032	79.5915	5.72955	53.4775
			*CONTROL_POS_SAMPLE 4224	84.1239	5.72922	53.4952
			*CONTROL_POS_SAMPLE 4416	88.6563	5.72889	53.7721
			*CONTROL_POS_SAMPLE 4608	93.1887	5.72856	54.1527
			*CONTROL_POS_SAMPLE 4800	97.7211	5.72823	54.4815
			*CONTROL_POS_SAMPLE 4992	102.253	5.72791	54.4823
		}
		*CONTROL_ROT_TRACK {
			*CONTROL_ROT_SAMPLE 192	-0.726031	0.487788	0.484708	2.29297
			*CONTROL_ROT_SAMPLE 384	-0.743189	0.497266	0.447657	2.24683
			*CONTROL_ROT_SAMPLE 576	-0.737548	0.534538	0.412664	2.26963
			*CONTROL_ROT_SAMPLE 768	-0.752771	0.535706	0.382563	2.31185
			*CONTROL_ROT_SAMPLE 960	-0.769084	0.532324	0.353753	2.36971
			*CONTROL_ROT_SAMPLE 1152	-0.784974	0.524332	0.329989	2.42607
			*CONTROL_ROT_SAMPLE 1344	-0.803328	0.501293	0.321511	2.48003
			*CONTROL_ROT_SAMPLE 1536	-0.821637	0.467726	0.3258	2.53091
			*CONTROL_ROT_SAMPLE 1728	-0.833617	0.43893	0.335295	2.56673
			*CONTROL_ROT_SAMPLE 1920	-0.810471	0.460085	0.362571	2.51273
			*CONTROL_ROT_SAMPLE 2112	-0.792027	0.463928	0.396817	2.47432
			*CONTROL_ROT_SAMPLE 2304	-0.773313	0.462005	0.434209	2.43943
			*CONTROL_ROT_SAMPLE 2496	-0.753279	0.459194	0.470862	2.40642
			*CONTROL_ROT_SAMPLE 2688	-0.731214	0.457792	0.505719	2.37291
			*CONTROL_ROT_SAMPLE 2880	-0.707706	0.456912	0.538872	2.34041
			*CONTROL_ROT_SAMPLE 3072	-0.682692	0.455491	0.571366	2.30741
			*CONTROL_ROT_SAMPLE 3264	-0.655006	0.450374	0.606738	2.27372
			*CONTROL_ROT_SAMPLE 3456	0.623239	-0.439648	-0.646748	4.04635
			*CONTROL_ROT_SAMPLE 3648	0.588736	-0.423941	-0.688233	4.08041
			*CONTROL_ROT_SAMPLE 3840	0.555013	-0.402599	-0.727925	4.10137
			*CONTROL_ROT_SAMPLE 4032	0.524643	-0.374866	-0.764346	4.10794
			*CONTROL_ROT_SAMPLE 4224	0.557975	-0.410558	-0.721184	4.13844
			*CONTROL_ROT_SAMPLE 4416	0.598957	-0.450584	-0.661985	4.15428
			*CONTROL_ROT_SAMPLE 4608	-0.642436	0.488283	0.59064	2.13085
			*CONTROL_ROT_SAMPLE 4800	-0.683418	0.517689	0.514722	2.14708
			*CONTROL_ROT_SAMPLE 4992	-0.717992	0.538018	0.441616	2.1682
		}
	}
}
*HELPEROBJECT {
	*NODE_NAME "Bip01 L Calf"
	*NODE_PARENT "Bip01 L Thigh"
	*NODE_TM {
		*NODE_NAME "Bip01 L Calf"
		*TM_ROW0 0.0673834	0.62061	-0.781218
		*TM_ROW1 0.333711	-0.751921	-0.568552
		*TM_ROW2 -0.940264	-0.22239	-0.257771
		*TM_ROW3 111.814	-32.3858	52.4915
		*TM_POS 111.814	-32.3858	52.4915
		*TM_ROTAXIS -0.725857	-0.333498	0.601591
		*TM_ROTANGLE 3.38236
		*TM_SCALE 1	1	1
		*TM_SCALEAXIS 0	0	0
		*TM_SCALEAXISANG 0	0	0
	}
	*TM_ANIMATION {
		*NODE_NAME "Bip01 L Calf"
		*CONTROL_POS_TRACK {
			*CONTROL_POS_SAMPLE 192	10.6804	-31.7935	42.0552
			*CONTROL_POS_SAMPLE 384	15.8304	-31.7132	46.6183
			*CONTROL_POS_SAMPLE 576	17.8604	-32.2532	50.8188
			*CONTROL_POS_SAMPLE 768	21.6662	-32.0107	52.3471
			*CONTROL_POS_SAMPLE 960	25.5148	-31.6838	52.5756
			*CONTROL_POS_SAMPLE 1152	29.4663	-31.2455	51.4819
			*CONTROL_POS_SAMPLE 1344	33.8601	-30.4163	48.7973
			*CONTROL_POS_SAMPLE 1536	38.4273	-29.1437	45.318
			*CONTROL_POS_SAMPLE 1728	42.4658	-27.9235	42.6911
			*CONTROL_POS_SAMPLE 1920	44.6497	-29.2024	43.6881
			*CONTROL_POS_SAMPLE 2112	47.4111	-29.7542	44.1098
			*CONTROL_POS_SAMPLE 2304	50.2269	-30.1053	44.3511
			*CONTROL_POS_SAMPLE 2496	52.9995	-30.4157	44.3637
			*CONTROL_POS_SAMPLE 2688	55.6986	-30.7601	44.2201
			*CONTROL_POS_SAMPLE 2880	58.3865	-31.0959	44.0727
			*CONTROL_POS_SAMPLE 3072	61.1128	-31.3956	43.9105
			*CONTROL_POS_SAMPLE 3264	63.7865	-31.6087	43.6774
			*CONTROL_POS_SAMPLE 3456	66.3847	-31.7314	43.2786
			*CONTROL_POS_SAMPLE 3648	68.9611	-31.7477	42.6856
			*CONTROL_POS_SAMPLE 3840	71.5516	-31.5675	41.8487
			*CONTROL_POS_SAMPLE 4032	74.2159	-31.1506	40.8691
			*CONTROL_POS_SAMPLE 4224	81.6618	-32.0058	42.6313
			*CONTROL_POS_SAMPLE 4416	89.41	-32.6063	44.9483
			*CONTROL_POS_SAMPLE 4608	97.1525	-32.8585	47.569
			*CONTROL_POS_SAMPLE 4800	104.672	-32.758	50.1782
			*CONTROL_POS_SAMPLE 4992	111.814	-32.3858	52.4915
		}
		*CONTROL_ROT_TRACK {
			*CONTROL_ROT_SAMPLE 192	-0.718032	-0.380715	0.582654	3.53418
			*CONTROL_ROT_SAMPLE 384	-0.716393	-0.391561	0.577461	3.45833
			*CONTROL_ROT_SAMPLE 576	-0.742723	-0.379532	0.55165	3.42568
			*CONTROL_ROT_SAMPLE 768	-0.760229	-0.384539	0.523624	3.38688
			*CONTROL_ROT_SAMPLE 960	-0.779052	-0.390702	0.490337	3.35579
			*CONTROL_ROT_SAMPLE 1152	-0.795753	-0.394326	0.459657	3.32868
			*CONTROL_ROT_SAMPLE 1344	-0.80939	-0.390638	0.438508	3.30919
			*CONTROL_ROT_SAMPLE 1536	-0.820838	-0.379888	0.426509	3.29834
			*CONTROL_ROT_SAMPLE 1728	-0.828476	-0.366955	0.42305	3.2944
			*CONTROL_ROT_SAMPLE 1920	-0.810448	-0.369059	0.454939	3.33726
			*CONTROL_ROT_SAMPLE 2112	-0.792381	-0.36827	0.486323	3.38562
			*CONTROL_ROT_SAMPLE 2304	-0.773539	-0.364421	0.518494	3.43551
			*CONTROL_ROT_SAMPLE 2496	-0.75446	-0.359194	0.549336	3.48557
			*CONTROL_ROT_SAMPLE 2688	-0.735243	-0.352897	0.578689	3.53577
			*CONTROL_ROT_SAMPLE 2880	-0.716381	-0.345152	0.606357	3.58538
			*CONTROL_ROT_SAMPLE 3072	-0.696986	-0.335877	0.633559	3.63427
			*CONTROL_ROT_SAMPLE 3264	-0.675212	-0.322963	0.663162	3.68289
			*CONTROL_ROT_SAMPLE 3456	0.648534	0.305213	-0.697315	2.55334
			*CONTROL_ROT_SAMPLE 3648	0.618617	0.28378	-0.732654	2.51069
			*CONTROL_ROT_SAMPLE 3840	0.588366	0.260338	-0.765538	2.47715
			*CONTROL_ROT_SAMPLE 4032	0.557786	0.237094	-0.7954	2.45767
			*CONTROL_ROT_SAMPLE 4224	0.58574	0.259044	-0.767988	2.50669
			*CONTROL_ROT_SAMPLE 4416	0.620658	0.283064	-0.731203	2.58029
			*CONTROL_ROT_SAMPLE 4608	0.65822	0.305344	-0.688121	2.67648
			*CONTROL_ROT_SAMPLE 4800	-0.694201	-0.32264	0.643419	3.496
			*CONTROL_ROT_SAMPLE 4992	-0.725857	-0.333498	0.601591	3.38236
		}
	}
}
*HELPEROBJECT {
	*NODE_NAME "Bip01 L Foot"
	*NODE_PARENT "Bip01 L Calf"
	*NODE_TM {
		*NODE_NAME "Bip01 L Foot"
		*TM_ROW0 0.000569515	-0.000255938	-1
		*TM_ROW1 0.173637	-0.98481	0.000350937
		*TM_ROW2 -0.98481	-0.173637	-0.000516424
		*TM_ROW3 115.122	-1.91524	14.1355
		*TM_POS 115.122	-1.91524	14.1355
		*TM_ROTAXIS -0.705955	-0.0616344	0.705569
		*TM_ROTANGLE 3.01805
		*TM_SCALE 1	1	1
		*TM_SCALEAXIS 0	0	0
		*TM_SCALEAXISANG 0	0	0
	}
	*TM_ANIMATION {
		*NODE_NAME "Bip01 L Foot"
		*CONTROL_POS_TRACK {
			*CONTROL_POS_SAMPLE 192	14.0188	4.97311	9.68776
			*CONTROL_POS_SAMPLE 384	18.3172	3.97739	12.9942
			*CONTROL_POS_SAMPLE 576	23.8134	2.46346	16.6151
			*CONTROL_POS_SAMPLE 768	29.9406	2.50884	18.4278
			*CONTROL_POS_SAMPLE 960	36.4551	2.98057	19.5715
			*CONTROL_POS_SAMPLE 1152	42.8624	3.49554	19.479
			*CONTROL_POS_SAMPLE 1344	49.3286	4.00492	17.3889
			*CONTROL_POS_SAMPLE 1536	55.6877	4.55756	14.0628
			*CONTROL_POS_SAMPLE 1728	60.9462	4.91683	11.2178
			*CONTROL_POS_SAMPLE 1920	60.3708	4.2305	11.3513
			*CONTROL_POS_SAMPLE 2112	60.5084	4.24488	11.1992
			*CONTROL_POS_SAMPLE 2304	60.7313	4.3568	10.9954
			*CONTROL_POS_SAMPLE 2496	61.0345	4.51119	10.8058
			*CONTROL_POS_SAMPLE 2688	61.4134	4.65299	10.6965
			*CONTROL_POS_SAMPLE 2880	61.9981	4.79042	10.7604
			*CONTROL_POS_SAMPLE 3072	62.72	4.93809	10.9278
			*CONTROL_POS_SAMPLE 3264	63.2763	5.05038	11.0212
			*CONTROL_POS_SAMPLE 3456	63.3693	5.07009	10.9191
			*CONTROL_POS_SAMPLE 3648	63.276	5.05003	10.6826
			*CONTROL_POS_SAMPLE 3840	63.276	5.05001	10.2062
			*CONTROL_POS_SAMPLE 4032	63.276	5.05	9.55759
			*CONTROL_POS_SAMPLE 4224	72.5392	3.80554	10.3063
			*CONTROL_POS_SAMPLE 4416	82.7701	2.43107	11.201
			*CONTROL_POS_SAMPLE 4608	93.5542	0.9823	12.1792
			*CONTROL_POS_SAMPLE 4800	104.476	-0.485051	13.1782
			*CONTROL_POS_SAMPLE 4992	115.122	-1.91524	14.1355
		}
		*CONTROL_ROT_TRACK {
			*CONTROL_ROT_SAMPLE 192	-0.698136	-0.270994	0.662698	3.19318
			*CONTROL_ROT_SAMPLE 384	-0.705648	-0.178789	0.685635	3.11497
			*CONTROL_ROT_SAMPLE 576	-0.705986	-0.061617	0.70554	3.01802
			*CONTROL_ROT_SAMPLE 768	0.704726	0.0356943	-0.708581	3.28623
			*CONTROL_ROT_SAMPLE 960	0.704768	0.0364364	-0.708502	3.28563
			*CONTROL_ROT_SAMPLE 1152	0.705055	0.0416265	-0.70793	3.28142
			*CONTROL_ROT_SAMPLE 1344	0.705267	0.0457028	-0.707467	3.27811
			*CONTROL_ROT_SAMPLE 1536	0.705672	0.0542198	-0.706461	3.27119
			*CONTROL_ROT_SAMPLE 1728	-0.705982	-0.0616195	0.705544	3.01802
			*CONTROL_ROT_SAMPLE 1920	-0.705982	-0.0616192	0.705544	3.01802
			*CONTROL_ROT_SAMPLE 2112	-0.705982	-0.0616194	0.705544	3.01802
			*CONTROL_ROT_SAMPLE 2304	-0.705982	-0.0616196	0.705545	3.01802
			*CONTROL_ROT_SAMPLE 2496	-0.705981	-0.0616199	0.705545	3.01802
			*CONTROL_ROT_SAMPLE 2688	-0.70598	-0.0616205	0.705546	3.01802
			*CONTROL_ROT_SAMPLE 2880	-0.705978	-0.0616215	0.705548	3.01803
			*CONTROL_ROT_SAMPLE 3072	-0.705976	-0.0616228	0.70555	3.01803
			*CONTROL_ROT_SAMPLE 3264	-0.705974	-0.0616242	0.705552	3.01803
			*CONTROL_ROT_SAMPLE 3456	-0.705971	-0.0616256	0.705554	3.01803
			*CONTROL_ROT_SAMPLE 3648	-0.705969	-0.0616271	0.705556	3.01804
			*CONTROL_ROT_SAMPLE 3840	-0.705967	-0.0616284	0.705559	3.01804
			*CONTROL_ROT_SAMPLE 4032	-0.705964	-0.0616296	0.705561	3.01804
			*CONTROL_ROT_SAMPLE 4224	-0.705963	-0.0616305	0.705563	3.01804
			*CONTROL_ROT_SAMPLE 4416	-0.705961	-0.0616315	0.705564	3.01804
			*CONTROL_ROT_SAMPLE 4608	-0.705959	-0.0616324	0.705566	3.01805
			*CONTROL_ROT_SAMPLE 4800	-0.705957	-0.0616334	0.705568	3.01805
			*CONTROL_ROT_SAMPLE 4992	-0.705955	-0.0616344	0.705569	3.01805
		}
	}
}
*HELPEROBJECT {
	*NODE_NAME "Bip01 L Toe0"
	*NODE_PARENT "Bip01 L Foot"
	*NODE_TM {
		*NODE_NAME "Bip01 L Toe0"
		*TM_ROW0 0.173635	-0.98481	0.000271828
		*TM_ROW1 -0.000553809	0.000178377	1
		*TM_ROW2 -0.98481	-0.173635	-0.000514411
		*TM_ROW3 119.061	-24.2183	1.51671
		*TM_POS 119.061	-24.2183	1.51671
		*TM_ROTAXIS -0.644449	0.540914	0.54046
		*TM_ROTANGLE 1.99693
		*TM_SCALE 1	1	1
		*TM_SCALEAXIS 0	0	0
		*TM_SCALEAXISANG 0	0	0
	}
	*TM_ANIMATION {
		*NODE_NAME "Bip01 L Toe0"
		*CONTROL_POS_TRACK {
			*CONTROL_POS_SAMPLE 192	21.4976	-9.11101	-10.7544
			*CONTROL_POS_SAMPLE 384	24.3933	-14.256	-4.40697
			*CONTROL_POS_SAMPLE 576	27.7535	-19.8401	3.99752
			*CONTROL_POS_SAMPLE 768	33.3679	-20.4988	6.97874
			*CONTROL_POS_SAMPLE 960	39.8972	-20.0079	8.08848
			*CONTROL_POS_SAMPLE 1152	46.408	-19.3575	7.75952
			*CONTROL_POS_SAMPLE 1344	52.9552	-18.7396	5.48468
			*CONTROL_POS_SAMPLE 1536	59.4825	-17.9544	1.7751
			*CONTROL_POS_SAMPLE 1728	64.8861	-17.3867	-1.39993
			*CONTROL_POS_SAMPLE 1920	64.3107	-18.073	-1.26642
			*CONTROL_POS_SAMPLE 2112	64.4483	-18.0586	-1.41854
			*CONTROL_POS_SAMPLE 2304	64.6712	-17.9467	-1.62237
			*CONTROL_POS_SAMPLE 2496	64.9744	-17.7923	-1.81195
			*CONTROL_POS_SAMPLE 2688	65.3533	-17.6505	-1.92126
			*CONTROL_POS_SAMPLE 2880	65.9379	-17.513	-1.85751
			*CONTROL_POS_SAMPLE 3072	66.6597	-17.3653	-1.69019
			*CONTROL_POS_SAMPLE 3264	67.2159	-17.253	-1.59687
			*CONTROL_POS_SAMPLE 3456	67.3089	-17.2333	-1.69904
			*CONTROL_POS_SAMPLE 3648	67.2155	-17.2533	-1.93565
			*CONTROL_POS_SAMPLE 3840	67.2154	-17.2533	-2.41219
			*CONTROL_POS_SAMPLE 4032	67.2153	-17.2532	-3.06084
			*CONTROL_POS_SAMPLE 4224	76.4784	-18.4977	-2.31218
			*CONTROL_POS_SAMPLE 4416	86.7093	-19.8721	-1.41752
			*CONTROL_POS_SAMPLE 4608	97.4933	-21.3208	-0.439441
			*CONTROL_POS_SAMPLE 4800	108.416	-22.7882	0.55949
			*CONTROL_POS_SAMPLE 4992	119.061	-24.2183	1.51671
		}
		*CONTROL_ROT_TRACK {
			*CONTROL_ROT_SAMPLE 192	-0.767195	0.338147	0.54504	2.20759
			*CONTROL_ROT_SAMPLE 384	-0.719311	0.428479	0.546807	2.10781
			*CONTROL_ROT_SAMPLE 576	-0.644455	0.54095	0.540417	1.99695
			*CONTROL_ROT_SAMPLE 768	-0.62567	0.565302	0.537559	1.97493
			*CONTROL_ROT_SAMPLE 960	-0.626219	0.564608	0.53765	1.97555
			*CONTROL_ROT_SAMPLE 1152	-0.630041	0.55975	0.538264	1.97989
			*CONTROL_ROT_SAMPLE 1344	-0.633019	0.555927	0.538731	1.98332
			*CONTROL_ROT_SAMPLE 1536	-0.639177	0.547921	0.539663	1.99057
			*CONTROL_ROT_SAMPLE 1728	-0.644454	0.540945	0.540424	1.99695
			*CONTROL_ROT_SAMPLE 1920	-0.644454	0.540945	0.540423	1.99695
			*CONTROL_ROT_SAMPLE 2112	-0.644454	0.540945	0.540424	1.99695
			*CONTROL_ROT_SAMPLE 2304	-0.644454	0.540944	0.540424	1.99695
			*CONTROL_ROT_SAMPLE 2496	-0.644454	0.540944	0.540425	1.99695
			*CONTROL_ROT_SAMPLE 2688	-0.644454	0.540942	0.540427	1.99695
			*CONTROL_ROT_SAMPLE 2880	-0.644453	0.54094	0.540429	1.99694
			*CONTROL_ROT_SAMPLE 3072	-0.644453	0.540938	0.540432	1.99694
			*CONTROL_ROT_SAMPLE 3264	-0.644453	0.540935	0.540435	1.99694
			*CONTROL_ROT_SAMPLE 3456	-0.644452	0.540932	0.540438	1.99694
			*CONTROL_ROT_SAMPLE 3648	-0.644452	0.540929	0.540441	1.99694
			*CONTROL_ROT_SAMPLE 3840	-0.644452	0.540927	0.540445	1.99694
			*CONTROL_ROT_SAMPLE 4032	-0.644451	0.540924	0.540448	1.99693
			*CONTROL_ROT_SAMPLE 4224	-0.644451	0.540922	0.540451	1.99693
			*CONTROL_ROT_SAMPLE 4416	-0.64445	0.54092	0.540453	1.99693
			*CONTROL_ROT_SAMPLE 4608	-0.64445	0.540918	0.540456	1.99693
			*CONTROL_ROT_SAMPLE 4800	-0.64445	0.540916	0.540458	1.99693
			*CONTROL_ROT_SAMPLE 4992	-0.644449	0.540914	0.54046	1.99693
		}
	}
}
*HELPEROBJECT {
	*NODE_NAME "Bip01 R Thigh"
	*NODE_PARENT "Bip01 Pelvis"
	*NODE_TM {
		*NODE_NAME "Bip01 R Thigh"
		*TM_ROW0 -0.374515	0.0995125	-0.921865
		*TM_ROW1 -0.00562291	-0.99445	-0.105063
		*TM_ROW2 -0.927204	-0.0341642	0.372996
		*TM_ROW3 85.2517	9.80553	50.1177
		*TM_POS 85.2517	9.80553	50.1177
		*TM_ROTAXIS 0.558614	0.0420614	-0.828361
		*TM_ROTANGLE 3.07809
		*TM_SCALE 1	1	1
		*TM_SCALEAXIS 0	0	0
		*TM_SCALEAXISANG 0	0	0
	}
	*TM_ANIMATION {
		*NODE_NAME "Bip01 R Thigh"
		*CONTROL_POS_TRACK {
			*CONTROL_POS_SAMPLE 192	-14.7624	9.73878	46.288
			*CONTROL_POS_SAMPLE 384	-11.9032	9.75178	48.3657
			*CONTROL_POS_SAMPLE 576	-9.0438	9.76461	50.2188
			*CONTROL_POS_SAMPLE 768	-6.18415	9.77727	51.6932
			*CONTROL_POS_SAMPLE 960	-3.32426	9.78975	52.3528
			*CONTROL_POS_SAMPLE 1152	-0.444392	9.79395	51.7486
			*CONTROL_POS_SAMPLE 1344	2.43571	9.79798	50.6831
			*CONTROL_POS_SAMPLE 1536	5.31607	9.80185	49.6551
			*CONTROL_POS_SAMPLE 1728	8.19666	9.80553	49.1635
			*CONTROL_POS_SAMPLE 1920	12.737	9.809	49.5339
			*CONTROL_POS_SAMPLE 2112	17.2774	9.8125	50.4225
			*CONTROL_POS_SAMPLE 2304	21.8179	9.81602	51.3847
			*CONTROL_POS_SAMPLE 2496	26.3584	9.81957	51.9758
			*CONTROL_POS_SAMPLE 2688	30.8991	9.82315	52.0772
			*CONTROL_POS_SAMPLE 2880	35.4399	9.82675	51.9261
			*CONTROL_POS_SAMPLE 3072	39.9642	9.82287	51.6647
			*CONTROL_POS_SAMPLE 3264	44.4886	9.81902	51.3287
			*CONTROL_POS_SAMPLE 3456	49.0131	9.8152	50.8161
			*CONTROL_POS_SAMPLE 3648	53.5376	9.81141	50.1214
			*CONTROL_POS_SAMPLE 3840	58.0623	9.80766	49.4783
			*CONTROL_POS_SAMPLE 4032	62.5871	9.80392	49.1204
			*CONTROL_POS_SAMPLE 4224	67.12	9.80425	49.1366
			*CONTROL_POS_SAMPLE 4416	71.6529	9.80457	49.4121
			*CONTROL_POS_SAMPLE 4608	76.1858	9.80489	49.7912
			*CONTROL_POS_SAMPLE 4800	80.7188	9.80521	50.1185
			*CONTROL_POS_SAMPLE 4992	85.2517	9.80553	50.1177
		}
		*CONTROL_ROT_TRACK {
			*CONTROL_ROT_SAMPLE 192	0.579479	0.0558829	-0.813069	3.06221
			*CONTROL_ROT_SAMPLE 384	0.568043	0.0296343	-0.822465	3.0504
			*CONTROL_ROT_SAMPLE 576	0.553329	0.0140609	-0.832844	3.03275
			*CONTROL_ROT_SAMPLE 768	0.533336	0.0103196	-0.845841	3.03571
			*CONTROL_ROT_SAMPLE 960	0.511025	0.011986	-0.859482	3.04627
			*CONTROL_ROT_SAMPLE 1152	0.486795	0.0197788	-0.873292	3.06211
			*CONTROL_ROT_SAMPLE 1344	0.45994	0.0271088	-0.887536	3.07335
			*CONTROL_ROT_SAMPLE 1536	0.421359	0.0232829	-0.906595	3.07075
			*CONTROL_ROT_SAMPLE 1728	0.417316	0.0429575	-0.907746	3.08819
			*CONTROL_ROT_SAMPLE 1920	0.424818	0.0426899	-0.904272	3.08635
			*CONTROL_ROT_SAMPLE 2112	0.434349	0.0405592	-0.899831	3.08044
			*CONTROL_ROT_SAMPLE 2304	0.444882	0.0374344	-0.894806	3.0701
			*CONTROL_ROT_SAMPLE 2496	0.455533	0.0344749	-0.889551	3.05446
			*CONTROL_ROT_SAMPLE 2688	0.466358	0.0315714	-0.884033	3.03237
			*CONTROL_ROT_SAMPLE 2880	0.478166	0.0267455	-0.877862	3.00376
			*CONTROL_ROT_SAMPLE 3072	0.488778	0.0169023	-0.872244	2.96794
			*CONTROL_ROT_SAMPLE 3264	0.503822	-0.000966044	-0.863807	2.92364
			*CONTROL_ROT_SAMPLE 3456	0.522783	-0.0259359	-0.852071	2.86806
			*CONTROL_ROT_SAMPLE 3648	0.540893	-0.0519669	-0.839485	2.80513
			*CONTROL_ROT_SAMPLE 3840	0.554513	-0.0752621	-0.828765	2.74122
			*CONTROL_ROT_SAMPLE 4032	0.560519	-0.0938289	-0.822809	2.68398
			*CONTROL_ROT_SAMPLE 4224	0.495162	-0.102993	-0.862674	2.70649
			*CONTROL_ROT_SAMPLE 4416	0.503154	-0.0794533	-0.860537	2.80648
			*CONTROL_ROT_SAMPLE 4608	0.521517	-0.0462168	-0.851988	2.90751
			*CONTROL_ROT_SAMPLE 4800	0.542445	-0.00474326	-0.840078	3.00055
			*CONTROL_ROT_SAMPLE 4992	0.558614	0.0420614	-0.828361	3.07809
		}
	}
}
*HELPEROBJECT {
	*NODE_NAME "Bip01 R Calf"
	*NODE_PARENT "Bip01 R Thigh"
	*NODE_TM {
		*NODE_NAME "Bip01 R Calf"
		*TM_ROW0 0.0294507	0.986099	0.16353
		*TM_ROW1 -0.373398	0.162611	-0.913308
		*TM_ROW2 -0.927204	-0.0341643	0.372996
		*TM_ROW3 70.5165	13.7208	13.8471
		*TM_POS 70.5165	13.7208	13.8471
		*TM_ROTAXIS 0.45035	0.55874	-0.696416
		*TM_ROTANGLE 1.79002
		*TM_SCALE 1	1	1
		*TM_SCALEAXIS 0	0	0
		*TM_SCALEAXISANG 0	0	0
	}
	*TM_ANIMATION {
		*NODE_NAME "Bip01 R Calf"
		*CONTROL_POS_TRACK {
			*CONTROL_POS_SAMPLE 192	-27.6012	14.8198	9.44563
			*CONTROL_POS_SAMPLE 384	-25.7463	14.0204	11.7848
			*CONTROL_POS_SAMPLE 576	-24.1344	13.9346	14.1231
			*CONTROL_POS_SAMPLE 768	-22.9882	13.7264	16.3372
			*CONTROL_POS_SAMPLE 960	-21.9876	13.4892	17.9143
			*CONTROL_POS_SAMPLE 1152	-21.0474	13.2784	18.4111
			*CONTROL_POS_SAMPLE 1344	-20.1905	13.1591	18.6711
			*CONTROL_POS_SAMPLE 1536	-19.9767	13.0977	19.698
			*CONTROL_POS_SAMPLE 1728	-17.3978	13.1215	19.466
			*CONTROL_POS_SAMPLE 1920	-12.3575	13.1994	19.4209
			*CONTROL_POS_SAMPLE 2112	-7.16226	13.3611	19.7936
			*CONTROL_POS_SAMPLE 2304	-1.87209	13.6396	20.2049
			*CONTROL_POS_SAMPLE 2496	3.46084	14.0987	20.2677
			*CONTROL_POS_SAMPLE 2688	8.85194	14.7698	19.8675
			*CONTROL_POS_SAMPLE 2880	14.3747	15.5741	19.1962
			*CONTROL_POS_SAMPLE 3072	19.869	16.3977	18.4838
			*CONTROL_POS_SAMPLE 3264	25.8126	17.1302	17.4795
			*CONTROL_POS_SAMPLE 3456	32.2373	17.8242	16.1399
			*CONTROL_POS_SAMPLE 3648	38.7754	18.5663	14.7174
			*CONTROL_POS_SAMPLE 3840	45.0681	19.3626	13.5914
			*CONTROL_POS_SAMPLE 4032	50.7414	20.181	13.0647
			*CONTROL_POS_SAMPLE 4224	49.8358	20.2848	15.3812
			*CONTROL_POS_SAMPLE 4416	53.864	17.8813	15.2604
			*CONTROL_POS_SAMPLE 4608	59.0242	15.7094	14.8823
			*CONTROL_POS_SAMPLE 4800	64.8038	14.2501	14.4117
			*CONTROL_POS_SAMPLE 4992	70.5165	13.7208	13.8471
		}
		*CONTROL_ROT_TRACK {
			*CONTROL_ROT_SAMPLE 192	0.407156	0.67668	-0.613456	1.65604
			*CONTROL_ROT_SAMPLE 384	0.453151	0.606476	-0.653331	1.6978
			*CONTROL_ROT_SAMPLE 576	0.478265	0.546154	-0.687734	1.73069
			*CONTROL_ROT_SAMPLE 768	0.474885	0.507569	-0.718928	1.74633
			*CONTROL_ROT_SAMPLE 960	0.459209	0.480712	-0.747023	1.75152
			*CONTROL_ROT_SAMPLE 1152	0.432647	0.46528	-0.772225	1.74585
			*CONTROL_ROT_SAMPLE 1344	0.40465	0.447447	-0.797527	1.73673
			*CONTROL_ROT_SAMPLE 1536	0.379508	0.408753	-0.829997	1.71472
			*CONTROL_ROT_SAMPLE 1728	0.358139	0.41118	-0.838253	1.75484
			*CONTROL_ROT_SAMPLE 1920	0.361266	0.430573	-0.8271	1.72462
			*CONTROL_ROT_SAMPLE 2112	0.368093	0.450555	-0.813331	1.69448
			*CONTROL_ROT_SAMPLE 2304	0.376907	0.472049	-0.796938	1.66203
			*CONTROL_ROT_SAMPLE 2496	0.385851	0.496335	-0.77767	1.62491
			*CONTROL_ROT_SAMPLE 2688	0.395492	0.522768	-0.755182	1.58469
			*CONTROL_ROT_SAMPLE 2880	0.409312	0.547794	-0.729648	1.54711
			*CONTROL_ROT_SAMPLE 3072	0.430308	0.565058	-0.703949	1.51194
			*CONTROL_ROT_SAMPLE 3264	0.466589	0.573497	-0.673347	1.4885
			*CONTROL_ROT_SAMPLE 3456	0.516951	0.570985	-0.63776	1.47711
			*CONTROL_ROT_SAMPLE 3648	0.569875	0.557855	-0.603358	1.47318
			*CONTROL_ROT_SAMPLE 3840	0.617087	0.535854	-0.57625	1.47122
			*CONTROL_ROT_SAMPLE 4032	0.652934	0.509377	-0.560547	1.46408
			*CONTROL_ROT_SAMPLE 4224	0.624696	0.460046	-0.630961	1.38001
			*CONTROL_ROT_SAMPLE 4416	0.581821	0.478172	-0.657903	1.46012
			*CONTROL_ROT_SAMPLE 4608	0.537736	0.504135	-0.675787	1.56609
			*CONTROL_ROT_SAMPLE 4800	0.493782	0.532386	-0.687564	1.68171
			*CONTROL_ROT_SAMPLE 4992	0.45035	0.55874	-0.696416	1.79002
		}
	}
}
*HELPEROBJECT {
	*NODE_NAME "Bip01 R Foot"
	*NODE_PARENT "Bip01 R Calf"
	*NODE_TM {
		*NODE_NAME "Bip01 R Foot"
		*TM_ROW0 0.0737535	0.341563	-0.936961
		*TM_ROW1 -0.253312	-0.90229	-0.348863
