*3DSMAX_ASCIIEXPORT	110
*COMMENT "This file is part of Gothic Free Aim Copyright (C) 2016-2018  mud-freak (@szapp)"
*COMMENT "<http://github.com/szapp/GothicFreeAim>"
*COMMENT "Animations: first iteration"
*SCENE {
	*SCENE_FILENAME "cbowIK_frontLeft.max"
	*SCENE_FIRSTFRAME 1
	*SCENE_LASTFRAME 26
	*SCENE_FRAMESPEED 25
	*SCENE_TICKSPERFRAME 192
	*SCENE_BACKGROUND_STATIC 0	0	0
	*SCENE_AMBIENT_STATIC 0.2	0.2	0.2
}
*HELPEROBJECT {
	*NODE_NAME "Bip01"
	*NODE_TM {
		*NODE_NAME "Bip01"
		*TM_ROW0 -0.223483	-0.973914	-0.0393292
		*TM_ROW1 0.974662	-0.222899	-0.0187185
		*TM_ROW2 0.00946376	-0.0425159	0.999051
		*TM_ROW3 -5.98919	6.59634	95.9329
		*TM_POS -5.98919	6.59634	95.9329
		*TM_ROTAXIS -0.012208	-0.0250306	0.999612
		*TM_ROTANGLE 1.79637
		*TM_SCALE 1	1	1
		*TM_SCALEAXIS 0	0	0
		*TM_SCALEAXISANG 0	0	0
	}
	*TM_ANIMATION {
		*NODE_NAME "Bip01"
		*CONTROL_POS_TRACK {
			*CONTROL_POS_SAMPLE 192	-5.98919	6.59634	95.9329
			*CONTROL_POS_SAMPLE 384	-4.44085	3.39832	94.6367
			*CONTROL_POS_SAMPLE 576	-2.89251	0.200301	93.716
			*CONTROL_POS_SAMPLE 768	-1.34418	-2.99772	92.9439
			*CONTROL_POS_SAMPLE 960	0.204162	-6.19574	92.0938
			*CONTROL_POS_SAMPLE 1152	1.7525	-9.39376	90.9446
			*CONTROL_POS_SAMPLE 1344	3.30084	-12.5918	89.6708
			*CONTROL_POS_SAMPLE 1536	4.84918	-15.7898	88.6385
			*CONTROL_POS_SAMPLE 1728	6.39751	-18.9878	88.2139
			*CONTROL_POS_SAMPLE 1920	10.3425	-22.6835	88.4138
			*CONTROL_POS_SAMPLE 2112	14.2875	-26.3792	88.9317
			*CONTROL_POS_SAMPLE 2304	18.2324	-30.0748	89.648
			*CONTROL_POS_SAMPLE 2496	22.1774	-33.7705	90.4433
			*CONTROL_POS_SAMPLE 2688	26.1224	-37.4662	91.1981
			*CONTROL_POS_SAMPLE 2880	30.0674	-41.1618	91.7931
			*CONTROL_POS_SAMPLE 3072	34.0123	-44.8575	92.1088
			*CONTROL_POS_SAMPLE 3264	37.9573	-48.5532	91.9596
			*CONTROL_POS_SAMPLE 3456	41.9023	-52.2488	91.4072
			*CONTROL_POS_SAMPLE 3648	45.8472	-55.9445	90.7032
			*CONTROL_POS_SAMPLE 3840	49.7922	-59.6402	90.0992
			*CONTROL_POS_SAMPLE 4032	53.7372	-63.3358	89.8468
			*CONTROL_POS_SAMPLE 4224	56.8012	-69.3076	90.1054
			*CONTROL_POS_SAMPLE 4416	59.8651	-75.2793	90.723
			*CONTROL_POS_SAMPLE 4608	62.9291	-81.251	91.4842
			*CONTROL_POS_SAMPLE 4800	65.9931	-87.2228	92.1734
			*CONTROL_POS_SAMPLE 4992	69.057	-93.1945	92.1735
		}
		*CONTROL_ROT_TRACK {
			*CONTROL_ROT_SAMPLE 192	-0.012208	-0.0250306	0.999612	1.79637
			*CONTROL_ROT_SAMPLE 384	-0.0125986	-0.0258316	0.999587	1.80438
			*CONTROL_ROT_SAMPLE 576	-0.0129236	-0.0264979	0.999565	1.81108
			*CONTROL_ROT_SAMPLE 768	-0.013188	-0.02704	0.999547	1.81656
			*CONTROL_ROT_SAMPLE 960	-0.0133966	-0.0274676	0.999533	1.8209
			*CONTROL_ROT_SAMPLE 1152	-0.0135539	-0.0277901	0.999522	1.82418
			*CONTROL_ROT_SAMPLE 1344	-0.0136642	-0.0280164	0.999514	1.82649
			*CONTROL_ROT_SAMPLE 1536	-0.013732	-0.0281553	0.999509	1.82791
			*CONTROL_ROT_SAMPLE 1728	-0.0137612	-0.0282152	0.999507	1.82852
			*CONTROL_ROT_SAMPLE 1920	-0.0137559	-0.0282043	0.999508	1.82841
			*CONTROL_ROT_SAMPLE 2112	-0.01372	-0.0281308	0.99951	1.82766
			*CONTROL_ROT_SAMPLE 2304	-0.0136576	-0.0280028	0.999515	1.82635
			*CONTROL_ROT_SAMPLE 2496	-0.0135725	-0.0278283	0.999521	1.82457
			*CONTROL_ROT_SAMPLE 2688	-0.0134686	-0.0276153	0.999528	1.8224
			*CONTROL_ROT_SAMPLE 2880	-0.0133498	-0.0273718	0.999536	1.81993
			*CONTROL_ROT_SAMPLE 3072	-0.0132202	-0.0271059	0.999545	1.81723
			*CONTROL_ROT_SAMPLE 3264	-0.0130835	-0.0268256	0.999555	1.81439
			*CONTROL_ROT_SAMPLE 3456	-0.0129438	-0.0265393	0.999564	1.8115
			*CONTROL_ROT_SAMPLE 3648	-0.0128052	-0.026255	0.999573	1.80863
			*CONTROL_ROT_SAMPLE 3840	-0.0126716	-0.0259812	0.999582	1.80588
			*CONTROL_ROT_SAMPLE 4032	-0.0125472	-0.0257262	0.99959	1.80332
			*CONTROL_ROT_SAMPLE 4224	-0.0124362	-0.0254984	0.999597	1.80104
			*CONTROL_ROT_SAMPLE 4416	-0.0123426	-0.0253065	0.999604	1.79912
			*CONTROL_ROT_SAMPLE 4608	-0.0122706	-0.0251589	0.999608	1.79765
			*CONTROL_ROT_SAMPLE 4800	-0.0122243	-0.0250641	0.999611	1.7967
			*CONTROL_ROT_SAMPLE 4992	-0.012208	-0.0250306	0.999612	1.79637
		}
	}
}
*HELPEROBJECT {
	*NODE_NAME "Bip01 Footsteps"
	*NODE_PARENT "Bip01"
	*NODE_TM {
		*NODE_NAME "Bip01 Footsteps"
		*TM_ROW0 1	0	0
		*TM_ROW1 0	1	0
		*TM_ROW2 0	0	1
		*TM_ROW3 -5.98919	6.59634	-2.56137
		*TM_POS -5.98919	6.59634	-2.56137
		*TM_ROTAXIS 0	0	0
		*TM_ROTANGLE 0
		*TM_SCALE 1	1	1
		*TM_SCALEAXIS 0	0	0
		*TM_SCALEAXISANG 0	0	0
	}
}
*HELPEROBJECT {
	*NODE_NAME "Bip01 Pelvis"
	*NODE_PARENT "Bip01"
	*NODE_TM {
		*NODE_NAME "Bip01 Pelvis"
		*TM_ROW0 -0.0773238	-0.0225082	0.996752
		*TM_ROW1 -0.223482	-0.973914	-0.0393292
		*TM_ROW2 0.971636	-0.225797	0.0702766
		*TM_ROW3 -4.79364	8.33362	95.9955
		*TM_POS -4.79364	8.33362	95.9955
		*TM_ROTAXIS -0.67732	0.0912295	-0.73001
		*TM_ROTANGLE 3.0035
		*TM_SCALE 1	1	1
		*TM_SCALEAXIS 0	0	0
		*TM_SCALEAXISANG 0	0	0
	}
	*TM_ANIMATION {
		*NODE_NAME "Bip01 Pelvis"
		*CONTROL_POS_TRACK {
			*CONTROL_POS_SAMPLE 192	-4.79364	8.33362	95.9955
			*CONTROL_POS_SAMPLE 384	-3.23144	5.12591	94.7012
			*CONTROL_POS_SAMPLE 576	-1.67156	1.9197	93.7821
			*CONTROL_POS_SAMPLE 768	-0.113835	-1.28508	93.0114
			*CONTROL_POS_SAMPLE 960	1.44191	-4.48849	92.1623
			*CONTROL_POS_SAMPLE 1152	2.99584	-7.6906	91.0138
			*CONTROL_POS_SAMPLE 1344	4.5481	-10.8915	89.7406
			*CONTROL_POS_SAMPLE 1536	6.09885	-14.0913	88.7086
			*CONTROL_POS_SAMPLE 1728	7.64823	-17.2901	88.2841
			*CONTROL_POS_SAMPLE 1920	11.593	-20.9856	88.484
			*CONTROL_POS_SAMPLE 2112	15.5367	-24.6804	89.0017
			*CONTROL_POS_SAMPLE 2304	19.4795	-28.3744	89.7177
			*CONTROL_POS_SAMPLE 2496	23.4214	-32.0678	90.5126
			*CONTROL_POS_SAMPLE 2688	27.3627	-35.7608	91.2669
			*CONTROL_POS_SAMPLE 2880	31.3034	-39.4534	91.8613
			*CONTROL_POS_SAMPLE 3072	35.2438	-43.1457	92.1764
			*CONTROL_POS_SAMPLE 3264	39.1839	-46.8378	92.0265
			*CONTROL_POS_SAMPLE 3456	43.1239	-50.5299	91.4734
			*CONTROL_POS_SAMPLE 3648	47.064	-54.2221	90.7688
			*CONTROL_POS_SAMPLE 3840	51.0042	-57.9144	90.1641
			*CONTROL_POS_SAMPLE 4032	54.9448	-61.6069	89.9111
			*CONTROL_POS_SAMPLE 4224	58.0048	-67.5759	90.1691
			*CONTROL_POS_SAMPLE 4416	61.0654	-73.5453	90.7863
			*CONTROL_POS_SAMPLE 4608	64.1269	-79.5153	91.5471
			*CONTROL_POS_SAMPLE 4800	67.1892	-85.4859	92.2361
			*CONTROL_POS_SAMPLE 4992	70.2526	-91.4572	92.2361
		}
		*CONTROL_ROT_TRACK {
			*CONTROL_ROT_SAMPLE 192	-0.67732	0.0912295	-0.73001	3.0035
			*CONTROL_ROT_SAMPLE 384	-0.676155	0.0943524	-0.730693	2.99832
			*CONTROL_ROT_SAMPLE 576	-0.675175	0.0969597	-0.731258	2.99398
			*CONTROL_ROT_SAMPLE 768	-0.674371	0.099087	-0.731714	2.99041
			*CONTROL_ROT_SAMPLE 960	-0.673731	0.100769	-0.732073	2.98759
			*CONTROL_ROT_SAMPLE 1152	-0.673247	0.10204	-0.732343	2.98544
			*CONTROL_ROT_SAMPLE 1344	-0.672905	0.102933	-0.732532	2.98393
			*CONTROL_ROT_SAMPLE 1536	-0.672695	0.103481	-0.732648	2.98301
			*CONTROL_ROT_SAMPLE 1728	-0.672604	0.103718	-0.732698	2.9826
			*CONTROL_ROT_SAMPLE 1920	-0.672621	0.103675	-0.732689	2.98268
			*CONTROL_ROT_SAMPLE 2112	-0.672732	0.103385	-0.732628	2.98317
			*CONTROL_ROT_SAMPLE 2304	-0.672926	0.102879	-0.732521	2.98402
			*CONTROL_ROT_SAMPLE 2496	-0.673189	0.102191	-0.732375	2.98519
			*CONTROL_ROT_SAMPLE 2688	-0.67351	0.101351	-0.732197	2.9866
			*CONTROL_ROT_SAMPLE 2880	-0.673875	0.100392	-0.731993	2.98822
			*CONTROL_ROT_SAMPLE 3072	-0.674272	0.0993459	-0.73177	2.98998
			*CONTROL_ROT_SAMPLE 3264	-0.674689	0.0982451	-0.731534	2.99183
			*CONTROL_ROT_SAMPLE 3456	-0.675114	0.0971218	-0.731292	2.99371
			*CONTROL_ROT_SAMPLE 3648	-0.675533	0.0960083	-0.731052	2.99557
			*CONTROL_ROT_SAMPLE 3840	-0.675936	0.094937	-0.73082	2.99735
			*CONTROL_ROT_SAMPLE 4032	-0.676309	0.0939408	-0.730603	2.99901
			*CONTROL_ROT_SAMPLE 4224	-0.676641	0.0930521	-0.73041	3.00048
			*CONTROL_ROT_SAMPLE 4416	-0.67692	0.0923039	-0.730246	3.00172
			*CONTROL_ROT_SAMPLE 4608	-0.677134	0.0917289	-0.73012	3.00268
			*CONTROL_ROT_SAMPLE 4800	-0.677271	0.0913598	-0.730039	3.00329
			*CONTROL_ROT_SAMPLE 4992	-0.67732	0.0912295	-0.73001	3.0035
		}
	}
}
*HELPEROBJECT {
	*NODE_NAME "Bip01 Spine"
	*NODE_PARENT "Bip01 Pelvis"
	*NODE_TM {
		*NODE_NAME "Bip01 Spine"
		*TM_ROW0 0.0614996	0.0199716	0.997907
		*TM_ROW1 -0.587698	-0.807383	0.0523775
		*TM_ROW2 0.80674	-0.589689	-0.0379165
		*TM_ROW3 -4.74815	8.31708	98.3963
		*TM_POS -4.74815	8.31708	98.3963
		*TM_ROTAXIS -0.709886	0.21136	-0.671855
		*TM_ROTANGLE 2.67233
		*TM_SCALE 1	1	1
		*TM_SCALEAXIS 0	0	0
		*TM_SCALEAXISANG 0	0	0
	}
}
*HELPEROBJECT {
	*NODE_NAME "Bip01 Spine1"
	*NODE_PARENT "Bip01 Spine"
	*NODE_TM {
		*NODE_NAME "Bip01 Spine1"
		*TM_ROW0 0.0399068	-0.0650475	0.997084
		*TM_ROW1 -0.769578	-0.638461	-0.0108506
		*TM_ROW2 0.637305	-0.7669	-0.0755381
		*TM_ROW3 -4.13594	8.51985	108.203
		*TM_POS -4.13594	8.51985	108.203
		*TM_ROTAXIS -0.690921	0.328786	-0.643839
		*TM_ROTANGLE 2.56266
		*TM_SCALE 1	1	1
		*TM_SCALEAXIS 0	0	0
		*TM_SCALEAXISANG 0	0	0
	}
}
*HELPEROBJECT {
	*NODE_NAME "Bip01 Spine2"
	*NODE_PARENT "Bip01 Spine1"
	*NODE_TM {
		*NODE_NAME "Bip01 Spine2"
		*TM_ROW0 -0.225318	-0.26445	0.937709
		*TM_ROW1 -0.897605	-0.31792	-0.30534
		*TM_ROW2 0.378864	-0.910491	-0.165738
		*TM_ROW3 -3.60411	7.6955	120.963
		*TM_POS -3.60411	7.6955	120.963
		*TM_ROTAXIS -0.582468	0.537898	-0.609423
		*TM_ROTANGLE 2.59536
		*TM_SCALE 1	1	1
		*TM_SCALEAXIS 0	0	0
		*TM_SCALEAXISANG 0	0	0
	}
}
*HELPEROBJECT {
	*NODE_NAME "Bip01 Neck"
	*NODE_PARENT "Bip01 Spine2"
	*NODE_TM {
		*NODE_NAME "Bip01 Neck"
		*TM_ROW0 -0.527762	-0.359674	0.769482
		*TM_ROW1 -0.76022	-0.204054	-0.616789
		*TM_ROW2 0.378858	-0.910493	-0.165739
		*TM_ROW3 -10.3559	-0.232653	149.082
		*TM_POS -10.3559	-0.232653	149.082
		*TM_ROTAXIS -0.464802	0.618182	-0.633885
		*TM_ROTANGLE 2.82014
		*TM_SCALE 1	1	1
		*TM_SCALEAXIS 0	0	0
		*TM_SCALEAXISANG 0	0	0
	}
}
*HELPEROBJECT {
	*NODE_NAME "Bip01 Head"
	*NODE_PARENT "Bip01 Neck"
	*NODE_TM {
		*NODE_NAME "Bip01 Head"
		*TM_ROW0 -0.0939628	-0.0912125	0.991389
		*TM_ROW1 -0.253519	-0.960775	-0.112424
		*TM_ROW2 0.962756	-0.2619	0.067153
		*TM_ROW3 -13.9654	-2.69254	154.345
		*TM_POS -13.9654	-2.69254	154.345
		*TM_ROTAXIS -0.6718	0.128686	-0.729469
		*TM_ROTANGLE 3.03011
		*TM_SCALE 1	1	1
		*TM_SCALEAXIS 0	0	0
		*TM_SCALEAXISANG 0	0	0
	}
}
*HELPEROBJECT {
	*NODE_NAME "zs_Helmet"
	*NODE_PARENT "Bip01 Head"
	*NODE_TM {
		*NODE_NAME "zs_Helmet"
		*TM_ROW0 0.962756	-0.261899	0.0671531
		*TM_ROW1 0.260109	0.96497	0.0342951
		*TM_ROW2 -0.0737826	-0.0155507	0.997153
		*TM_ROW3 -58.7288	-97.7175	425.511
		*TM_POS -58.7288	-97.7175	425.511
		*TM_ROTAXIS -0.0917984	0.259554	0.961356
		*TM_ROTANGLE 0.274947
		*TM_SCALE 1	1	1
		*TM_SCALEAXIS 0	0	0
		*TM_SCALEAXISANG 0	0	0
	}
}
*HELPEROBJECT {
	*NODE_NAME "Bip01 L Clavicle"
	*NODE_PARENT "Bip01 Neck"
	*NODE_TM {
		*NODE_NAME "Bip01 L Clavicle"
		*TM_ROW0 0.181335	-0.883752	-0.431394
		*TM_ROW1 0.964792	0.0748915	0.252125
		*TM_ROW2 -0.190508	-0.461924	0.866217
		*TM_ROW3 -3.91478	-5.27972	143.481
		*TM_POS -3.91478	-5.27972	143.481
		*TM_ROTAXIS -0.357696	-0.120669	0.926009
		*TM_ROTANGLE 1.50954
		*TM_SCALE 1	1	1
		*TM_SCALEAXIS 0	0	0
		*TM_SCALEAXISANG 0	0	0
	}
}
*HELPEROBJECT {
	*NODE_NAME "Bip01 L UpperArm"
	*NODE_PARENT "Bip01 L Clavicle"
	*NODE_TM {
		*NODE_NAME "Bip01 L UpperArm"
		*TM_ROW0 0.0116335	0.0272918	-0.99956
		*TM_ROW1 0.999905	0.00714061	0.0118325
		*TM_ROW2 0.00746041	-0.999602	-0.0272061
		*TM_ROW3 -1.49831	-17.0566	137.732
		*TM_POS -1.49831	-17.0566	137.732
		*TM_ROTAXIS -0.585607	-0.583051	0.56313
		*TM_ROTANGLE 2.09927
		*TM_SCALE 1	1	1
		*TM_SCALEAXIS 0	0	0
		*TM_SCALEAXISANG 0	0	0
	}
}
*HELPEROBJECT {
	*NODE_NAME "Bip01 L Forearm"
	*NODE_PARENT "Bip01 L UpperArm"
	*NODE_TM {
		*NODE_NAME "Bip01 L Forearm"
		*TM_ROW0 -0.822996	0.00931611	-0.567971
		*TM_ROW1 0.567998	0.0266279	-0.822599
		*TM_ROW2 0.00746043	-0.999602	-0.0272062
		*TM_ROW3 -1.17366	-16.295	109.838
		*TM_POS -1.17366	-16.295	109.838
		*TM_ROTAXIS -0.215509	-0.700612	0.680219
		*TM_ROTANGLE 2.71841
		*TM_SCALE 1	1	1
		*TM_SCALEAXIS 0	0	0
		*TM_SCALEAXISANG 0	0	0
	}
}
*HELPEROBJECT {
	*NODE_NAME "Bip01 L Hand"
	*NODE_PARENT "Bip01 L Forearm"
	*NODE_TM {
		*NODE_NAME "Bip01 L Hand"
		*TM_ROW0 -0.80886	0.390363	-0.43973
		*TM_ROW1 -0.502906	-0.0717693	0.861356
		*TM_ROW2 0.304683	0.917859	0.254367
		*TM_ROW3 -24.0664	-16.0359	94.0396
		*TM_POS -24.0664	-16.0359	94.0396
		*TM_ROTAXIS 0.0485353	-0.639441	-0.767307
		*TM_ROTANGLE 2.52031
		*TM_SCALE 1	1	1
		*TM_SCALEAXIS 0	0	0
		*TM_SCALEAXISANG 0	0	0
	}
}
*HELPEROBJECT {
	*NODE_NAME "Bip01 L Finger0"
	*NODE_PARENT "Bip01 L Hand"
	*NODE_TM {
		*NODE_NAME "Bip01 L Finger0"
		*TM_ROW0 -0.80886	0.390363	-0.439729
		*TM_ROW1 -0.503138	-0.0724715	0.861162
		*TM_ROW2 0.304298	0.917804	0.255026
		*TM_ROW3 -34.4763	-11.0119	88.3803
		*TM_POS -34.4763	-11.0119	88.3803
		*TM_ROTAXIS 0.0486573	-0.639144	-0.767547
		*TM_ROTANGLE 2.52035
		*TM_SCALE 1	1	1
		*TM_SCALEAXIS 0	0	0
		*TM_SCALEAXISANG 0	0	0
	}
}
*HELPEROBJECT {
	*NODE_NAME "zs_LeftHand"
	*NODE_PARENT "Bip01 L Hand"
	*NODE_TM {
		*NODE_NAME "zs_LeftHand"
		*TM_ROW0 0.372704	0.864914	0.336177
		*TM_ROW1 -0.71904	0.498183	-0.484557
		*TM_ROW2 -0.586578	-0.0611282	0.807583
		*TM_ROW3 -153.024	14.4022	101.158
		*TM_POS -153.024	14.4022	101.158
		*TM_ROTAXIS 0.22506	0.490461	-0.8419
		*TM_ROTANGLE 1.22469
		*TM_SCALE 1	1	1
		*TM_SCALEAXIS 0	0	0
		*TM_SCALEAXISANG 0	0	0
	}
}
*HELPEROBJECT {
	*NODE_NAME "zs_LeftArm"
	*NODE_PARENT "Bip01 L Forearm"
	*NODE_TM {
		*NODE_NAME "zs_LeftArm"
		*TM_ROW0 -0.733852	0.0549078	-0.677087
		*TM_ROW1 0.675874	-0.0410971	-0.735871
		*TM_ROW2 -0.0682313	-0.997645	-0.00695155
		*TM_ROW3 -316.336	-68.0188	103.991
		*TM_POS -316.336	-68.0188	103.991
		*TM_ROTAXIS 0.288234	0.670397	-0.683732
		*TM_ROTANGLE 3.61296
		*TM_SCALE 1	1	1
		*TM_SCALEAXIS 0	0	0
		*TM_SCALEAXISANG 0	0	0
	}
}
*HELPEROBJECT {
	*NODE_NAME "Bip01 R Clavicle"
	*NODE_PARENT "Bip01 Neck"
	*NODE_TM {
		*NODE_NAME "Bip01 R Clavicle"
		*TM_ROW0 -0.698356	0.712546	-0.0676534
		*TM_ROW1 0.653407	0.673255	0.346103
		*TM_ROW2 0.292163	0.197498	-0.935754
		*TM_ROW3 -9.94935	9.22253	146.121
		*TM_POS -9.94935	9.22253	146.121
		*TM_ROTAXIS -0.377398	-0.91379	-0.150191
		*TM_ROTANGLE 2.94342
		*TM_SCALE 1	1	1
		*TM_SCALEAXIS 0	0	0
		*TM_SCALEAXISANG 0	0	0
	}
}
*HELPEROBJECT {
	*NODE_NAME "Bip01 R UpperArm"
	*NODE_PARENT "Bip01 R Clavicle"
	*NODE_TM {
		*NODE_NAME "Bip01 R UpperArm"
		*TM_ROW0 -0.229334	0.257118	-0.938774
		*TM_ROW1 -0.0677077	0.957929	0.278905
		*TM_ROW2 0.97099	0.127525	-0.202277
		*TM_ROW3 -19.2556	18.7179	145.219
		*TM_POS -19.2556	18.7179	145.219
		*TM_ROTAXIS -0.0779066	-0.982845	-0.167169
		*TM_ROTANGLE 1.80991
		*TM_SCALE 1	1	1
		*TM_SCALEAXIS 0	0	0
		*TM_SCALEAXISANG 0	0	0
	}
}
*HELPEROBJECT {
	*NODE_NAME "Bip01 R Forearm"
	*NODE_PARENT "Bip01 R UpperArm"
	*NODE_TM {
		*NODE_NAME "Bip01 R Forearm"
		*TM_ROW0 -0.104317	-0.535271	-0.838214
		*TM_ROW1 -0.215166	0.834998	-0.50644
		*TM_ROW2 0.97099	0.127525	-0.202277
		*TM_ROW3 -25.6555	25.8931	119.022
		*TM_POS -25.6555	25.8931	119.022
		*TM_ROTAXIS 0.32618	-0.93085	0.164697
		*TM_ROTANGLE 1.80884
		*TM_SCALE 1	1	1
		*TM_SCALEAXIS 0	0	0
		*TM_SCALEAXISANG 0	0	0
	}
}
*HELPEROBJECT {
	*NODE_NAME "Bip01 R Hand"
	*NODE_PARENT "Bip01 R Forearm"
	*NODE_TM {
		*NODE_NAME "Bip01 R Hand"
		*TM_ROW0 0.49268	-0.854688	0.163628
		*TM_ROW1 -0.477013	-0.107983	0.872238
		*TM_ROW2 -0.727822	-0.507787	-0.460898
		*TM_ROW3 -28.5572	11.0038	95.7058
		*TM_POS -28.5572	11.0038	95.7058
		*TM_ROTAXIS -0.818636	0.528812	0.224039
		*TM_ROTANGLE 2.13898
		*TM_SCALE 1	1	1
		*TM_SCALEAXIS 0	0	0
		*TM_SCALEAXISANG 0	0	0
	}
}
*HELPEROBJECT {
	*NODE_NAME "Bip01 R Finger0"
	*NODE_PARENT "Bip01 R Hand"
	*NODE_TM {
		*NODE_NAME "Bip01 R Finger0"
		*TM_ROW0 0.492681	-0.854688	0.163629
		*TM_ROW1 -0.477568	-0.108371	0.871886
		*TM_ROW2 -0.727458	-0.507705	-0.461564
		*TM_ROW3 -22.2165	0.00413496	97.8116
		*TM_POS -22.2165	0.00413496	97.8116
		*TM_ROTAXIS -0.818705	0.528807	0.223798
		*TM_ROTANGLE 2.1396
		*TM_SCALE 1	1	1
		*TM_SCALEAXIS 0	0	0
		*TM_SCALEAXISANG 0	0	0
	}
}
*HELPEROBJECT {
	*NODE_NAME "zs_RightHand"
	*NODE_PARENT "Bip01 R Hand"
	*NODE_TM {
		*NODE_NAME "zs_RightHand"
		*TM_ROW0 0.202846	0.88921	0.410073
		*TM_ROW1 -0.845889	0.370084	-0.38407
		*TM_ROW2 -0.49328	-0.268969	0.827243
		*TM_ROW3 -4.49511	-93.7873	157.726
		*TM_POS -4.49511	-93.7873	157.726
		*TM_ROTAXIS 0.058738	0.460999	-0.885455
		*TM_ROTANGLE 1.36935
		*TM_SCALE 1	1	1
		*TM_SCALEAXIS 0	0	0
		*TM_SCALEAXISANG 0	0	0
	}
}
*HELPEROBJECT {
	*NODE_NAME "zs_Crossbow"
	*NODE_PARENT "Bip01 Spine2"
	*NODE_TM {
		*NODE_NAME "zs_Crossbow"
		*TM_ROW0 -0.450049	0.0709542	0.890181
		*TM_ROW1 -0.223706	0.956095	-0.189307
		*TM_ROW2 -0.86453	-0.284337	-0.414417
		*TM_ROW3 -40.6569	85.8263	1593.65
		*TM_POS -40.6569	85.8263	1593.65
		*TM_ROTAXIS -0.0533329	0.984788	-0.165371
		*TM_ROTANGLE 2.04225
		*TM_SCALE 1	1	1
		*TM_SCALEAXIS 0	0	0
		*TM_SCALEAXISANG 0	0	0
	}
}
*HELPEROBJECT {
	*NODE_NAME "zs_Longsword"
	*NODE_PARENT "Bip01 Spine2"
	*NODE_TM {
		*NODE_NAME "zs_Longsword"
		*TM_ROW0 -0.596663	0.15745	0.786894
		*TM_ROW1 -0.068976	0.966873	-0.245763
		*TM_ROW2 -0.799522	-0.200915	-0.566037
		*TM_ROW3 -188.979	181.763	1240.09
		*TM_POS -188.979	181.763	1240.09
		*TM_ROTAXIS -0.0279758	-0.98958	0.141241
		*TM_ROTANGLE 4.07149
		*TM_SCALE 1	1	1
		*TM_SCALEAXIS 0	0	0
		*TM_SCALEAXISANG 0	0	0
	}
}
*HELPEROBJECT {
	*NODE_NAME "zs_Shield"
	*NODE_PARENT "Bip01 Spine2"
	*NODE_TM {
		*NODE_NAME "zs_Shield"
		*TM_ROW0 0.471801	0.358208	-0.805662
		*TM_ROW1 -0.0187527	0.917624	0.397006
		*TM_ROW2 0.881505	-0.1722	0.439654
		*TM_ROW3 379.007	-120.916	495.839
		*TM_POS 379.007	-120.916	495.839
		*TM_ROTAXIS -0.31274	-0.926983	-0.207114
		*TM_ROTANGLE 1.14336
		*TM_SCALE 1	1	1
		*TM_SCALEAXIS 0	0	0
		*TM_SCALEAXISANG 0	0	0
	}
}
*HELPEROBJECT {
	*NODE_NAME "zs_Bow"
	*NODE_PARENT "Bip01 Spine2"
	*NODE_TM {
		*NODE_NAME "zs_Bow"
		*TM_ROW0 -0.561411	-0.00881771	0.82749
		*TM_ROW1 0.805731	0.222214	0.549016
		*TM_ROW2 -0.188721	0.974958	-0.117649
		*TM_ROW3 449.336	137.919	371.981
		*TM_POS 449.336	137.919	371.981
		*TM_ROTAXIS -0.310848	-0.741622	-0.59445
		*TM_ROTANGLE 3.89637
		*TM_SCALE 1	1	1
		*TM_SCALEAXIS 0	0	0
		*TM_SCALEAXISANG 0	0	0
	}
}
*HELPEROBJECT {
	*NODE_NAME "zs_Sword"
	*NODE_PARENT "Bip01 Spine"
	*NODE_TM {
		*NODE_NAME "zs_Sword"
		*TM_ROW0 -0.134537	-0.245779	0.959944
		*TM_ROW1 0.575392	0.769321	0.277615
		*TM_ROW2 -0.806736	0.589694	0.0379167
		*TM_ROW3 293.935	-116.076	121.307
		*TM_POS 293.935	-116.076	121.307
		*TM_ROTAXIS 0.158172	0.895412	0.416196
		*TM_ROTANGLE 1.73519
		*TM_SCALE 1	1	1
		*TM_SCALEAXIS 0	0	0
		*TM_SCALEAXISANG 0	0	0
	}
}
*HELPEROBJECT {
	*NODE_NAME "Bip01 L Thigh"
	*NODE_PARENT "Bip01 Pelvis"
	*NODE_TM {
		*NODE_NAME "Bip01 L Thigh"
		*TM_ROW0 0.0790745	-0.23406	-0.969001
		*TM_ROW1 -0.287638	-0.936058	0.20263
		*TM_ROW2 -0.954469	0.262699	-0.141343
		*TM_ROW3 3.96101	6.29913	96.6287
		*TM_POS 3.96101	6.29913	96.6287
		*TM_ROTAXIS -0.734401	0.177667	0.655049
		*TM_ROTANGLE 3.1825
		*TM_SCALE 1	1	1
		*TM_SCALEAXIS 0	0	0
		*TM_SCALEAXISANG 0	0	0
	}
	*TM_ANIMATION {
		*NODE_NAME "Bip01 L Thigh"
		*CONTROL_POS_TRACK {
			*CONTROL_POS_SAMPLE 192	3.96101	6.29913	96.6287
			*CONTROL_POS_SAMPLE 384	5.50477	3.02004	95.3553
			*CONTROL_POS_SAMPLE 576	7.04873	-0.245823	94.4537
			*CONTROL_POS_SAMPLE 768	8.59312	-3.49929	93.6971
			*CONTROL_POS_SAMPLE 960	10.1381	-6.74121	92.8592
			*CONTROL_POS_SAMPLE 1152	11.6837	-9.97244	91.7193
			*CONTROL_POS_SAMPLE 1344	13.2301	-13.1938	90.452
			*CONTROL_POS_SAMPLE 1536	14.7772	-16.4062	89.4236
			*CONTROL_POS_SAMPLE 1728	16.325	-19.6104	89.0007
			*CONTROL_POS_SAMPLE 1920	20.2701	-23.3049	89.2004
			*CONTROL_POS_SAMPLE 2112	24.2157	-26.993	89.7161
			*CONTROL_POS_SAMPLE 2304	28.1618	-30.6754	90.4287
			*CONTROL_POS_SAMPLE 2496	32.1083	-34.3531	91.219
			*CONTROL_POS_SAMPLE 2688	36.0551	-38.0268	91.9678
			*CONTROL_POS_SAMPLE 2880	40.002	-41.6974	92.5558
			*CONTROL_POS_SAMPLE 3072	43.9491	-45.3658	92.8639
			*CONTROL_POS_SAMPLE 3264	47.8962	-49.0328	92.7066
			*CONTROL_POS_SAMPLE 3456	51.8432	-52.6992	92.1461
			*CONTROL_POS_SAMPLE 3648	55.7901	-56.3658	91.434
			*CONTROL_POS_SAMPLE 3840	59.7369	-60.0336	90.8222
			*CONTROL_POS_SAMPLE 4032	63.6835	-63.7034	90.5624
			*CONTROL_POS_SAMPLE 4224	66.7488	-69.6521	90.8145
			*CONTROL_POS_SAMPLE 4416	69.8138	-75.6044	91.4267
			*CONTROL_POS_SAMPLE 4608	72.8786	-81.5612	92.1836
			*CONTROL_POS_SAMPLE 4800	75.9431	-87.5234	92.8702
			*CONTROL_POS_SAMPLE 4992	79.0072	-93.4917	92.8693
		}
		*CONTROL_ROT_TRACK {
			*CONTROL_ROT_SAMPLE 192	-0.734401	0.177667	0.655049	3.1825
			*CONTROL_ROT_SAMPLE 384	-0.727459	0.23694	0.643943	3.10345
			*CONTROL_ROT_SAMPLE 576	-0.724252	0.285159	0.627808	3.03859
			*CONTROL_ROT_SAMPLE 768	-0.724287	0.320686	0.610385	2.99369
			*CONTROL_ROT_SAMPLE 960	-0.729791	0.336567	0.595086	2.97984
			*CONTROL_ROT_SAMPLE 1152	-0.737143	0.346177	0.580329	2.97281
			*CONTROL_ROT_SAMPLE 1344	-0.745374	0.347047	0.569189	2.9774
			*CONTROL_ROT_SAMPLE 1536	-0.760552	0.316024	0.567177	3.0292
			*CONTROL_ROT_SAMPLE 1728	-0.770449	0.281411	0.572028	3.08391
			*CONTROL_ROT_SAMPLE 1920	-0.755137	0.281676	0.591968	3.07822
			*CONTROL_ROT_SAMPLE 2112	-0.741386	0.272729	0.61316	3.08204
			*CONTROL_ROT_SAMPLE 2304	-0.728692	0.256751	0.634891	3.09384
			*CONTROL_ROT_SAMPLE 2496	-0.716655	0.235365	0.656513	3.11271
			*CONTROL_ROT_SAMPLE 2688	-0.704914	0.209991	0.677495	3.13776
			*CONTROL_ROT_SAMPLE 2880	0.693124	-0.181993	-0.697465	3.11541
			*CONTROL_ROT_SAMPLE 3072	0.68095	-0.152758	-0.716221	3.08226
			*CONTROL_ROT_SAMPLE 3264	0.667845	-0.124676	-0.733784	3.05067
			*CONTROL_ROT_SAMPLE 3456	0.654109	-0.0969709	-0.750159	3.01904
			*CONTROL_ROT_SAMPLE 3648	0.640612	-0.0662562	-0.765001	2.979
			*CONTROL_ROT_SAMPLE 3840	0.628196	-0.0278434	-0.777557	2.91757
			*CONTROL_ROT_SAMPLE 4032	0.623075	-0.0139814	-0.782037	2.90403
			*CONTROL_ROT_SAMPLE 4224	0.627829	-0.105228	-0.771205	3.08272
			*CONTROL_ROT_SAMPLE 4416	0.639379	-0.180143	-0.747491	3.20637
			*CONTROL_ROT_SAMPLE 4608	0.656552	-0.229332	-0.718572	3.26278
			*CONTROL_ROT_SAMPLE 4800	0.675959	-0.267781	-0.686566	3.2889
			*CONTROL_ROT_SAMPLE 4992	-0.694743	0.302055	0.65276	2.97633
		}
	}
}
*HELPEROBJECT {
	*NODE_NAME "Bip01 L Calf"
	*NODE_PARENT "Bip01 L Thigh"
	*NODE_TM {
		*NODE_NAME "Bip01 L Calf"
		*TM_ROW0 0.170572	0.0918987	-0.98105
		*TM_ROW1 -0.244732	-0.960491	-0.132524
		*TM_ROW2 -0.954469	0.262699	-0.141343
		*TM_ROW3 7.07218	-2.90991	58.5035
		*TM_POS 7.07218	-2.90991	58.5035
		*TM_ROTAXIS -0.760286	0.0511338	0.647573
		*TM_ROTANGLE 3.40453
		*TM_SCALE 1	1	1
		*TM_SCALEAXIS 0	0	0
		*TM_SCALEAXISANG 0	0	0
	}
	*TM_ANIMATION {
		*NODE_NAME "Bip01 L Calf"
		*CONTROL_POS_TRACK {
			*CONTROL_POS_SAMPLE 192	7.07218	-2.90991	58.5035
			*CONTROL_POS_SAMPLE 384	7.81571	-11.5045	58.8627
			*CONTROL_POS_SAMPLE 576	9.07899	-18.994	59.9225
			*CONTROL_POS_SAMPLE 768	10.7324	-25.2156	60.9582
			*CONTROL_POS_SAMPLE 960	12.943	-29.7139	61.0409
			*CONTROL_POS_SAMPLE 1152	15.3526	-33.7454	60.5841
			*CONTROL_POS_SAMPLE 1344	17.839	-37.0729	59.5236
			*CONTROL_POS_SAMPLE 1536	21.0542	-37.7626	56.9811
			*CONTROL_POS_SAMPLE 1728	23.7163	-37.9547	54.9879
			*CONTROL_POS_SAMPLE 1920	25.8306	-41.5008	54.7619
			*CONTROL_POS_SAMPLE 2112	28.1544	-44.3257	54.6151
			*CONTROL_POS_SAMPLE 2304	30.6216	-46.5817	54.5267
			*CONTROL_POS_SAMPLE 2496	33.186	-48.3692	54.4712
			*CONTROL_POS_SAMPLE 2688	35.8116	-49.7769	54.4192
			*CONTROL_POS_SAMPLE 2880	38.4684	-50.9035	54.3339
			*CONTROL_POS_SAMPLE 3072	41.1292	-51.873	54.1635
			*CONTROL_POS_SAMPLE 3264	43.7383	-52.95	53.7787
			*CONTROL_POS_SAMPLE 3456	46.3353	-54.0636	53.2126
			*CONTROL_POS_SAMPLE 3648	49.0442	-54.8116	52.7029
			*CONTROL_POS_SAMPLE 3840	52.0405	-54.5965	52.6224
			*CONTROL_POS_SAMPLE 4032	55.5637	-57.1382	52.6285
			*CONTROL_POS_SAMPLE 4224	58.4623	-73.0609	52.5036
			*CONTROL_POS_SAMPLE 4416	62.6865	-86.5621	54.3168
			*CONTROL_POS_SAMPLE 4608	67.618	-96.7838	56.2864
			*CONTROL_POS_SAMPLE 4800	72.7846	-105.655	58.0952
			*CONTROL_POS_SAMPLE 4992	77.9207	-114.117	59.3817
		}
		*CONTROL_ROT_TRACK {
			*CONTROL_ROT_SAMPLE 192	-0.760286	0.0511338	0.647573	3.40453
			*CONTROL_ROT_SAMPLE 384	-0.775824	0.0162956	0.630739	3.47968
			*CONTROL_ROT_SAMPLE 576	-0.791222	-0.00644923	0.611495	3.5172
			*CONTROL_ROT_SAMPLE 768	-0.804927	-0.0203741	0.593024	3.53139
			*CONTROL_ROT_SAMPLE 960	-0.815502	-0.0200756	0.578406	3.52203
			*CONTROL_ROT_SAMPLE 1152	-0.824831	-0.0157334	0.565161	3.50386
			*CONTROL_ROT_SAMPLE 1344	-0.831577	-0.00823209	0.555348	3.48432
			*CONTROL_ROT_SAMPLE 1536	-0.831706	0.0204813	0.554838	3.44671
			*CONTROL_ROT_SAMPLE 1728	-0.827459	0.0393645	0.560145	3.42838
			*CONTROL_ROT_SAMPLE 1920	-0.816814	0.0152943	0.576698	3.47611
			*CONTROL_ROT_SAMPLE 2112	-0.803732	-0.00420195	0.594977	3.51722
			*CONTROL_ROT_SAMPLE 2304	-0.788709	-0.0203523	0.61443	3.55247
			*CONTROL_ROT_SAMPLE 2496	-0.772166	-0.0339174	0.634515	3.58213
			*CONTROL_ROT_SAMPLE 2688	-0.754486	-0.0455316	0.654735	3.60654
			*CONTROL_ROT_SAMPLE 2880	-0.73602	-0.055872	0.67465	3.6264
			*CONTROL_ROT_SAMPLE 3072	-0.717068	-0.065778	0.693893	3.64301
			*CONTROL_ROT_SAMPLE 3264	0.697901	0.0772133	-0.71202	2.62294
			*CONTROL_ROT_SAMPLE 3456	0.678516	0.0892506	-0.729144	2.60655
			*CONTROL_ROT_SAMPLE 3648	0.659009	0.0982765	-0.745687	2.59874
			*CONTROL_ROT_SAMPLE 3840	0.639795	0.0993869	-0.762092	2.61164
			*CONTROL_ROT_SAMPLE 4032	0.632118	0.0991296	-0.768505	2.62772
			*CONTROL_ROT_SAMPLE 4224	0.654576	0.135764	-0.743706	2.51835
			*CONTROL_ROT_SAMPLE 4416	0.685207	0.145164	-0.713736	2.49315
			*CONTROL_ROT_SAMPLE 4608	-0.716174	-0.12855	0.685981	3.75032
			*CONTROL_ROT_SAMPLE 4800	-0.746373	-0.0983915	0.658215	3.68615
			*CONTROL_ROT_SAMPLE 4992	-0.77423	-0.0662361	0.629429	3.61948
		}
	}
}
*HELPEROBJECT {
	*NODE_NAME "Bip01 L Foot"
	*NODE_PARENT "Bip01 L Calf"
	*NODE_TM {
		*NODE_NAME "Bip01 L Foot"
		*TM_ROW0 0.000569515	-0.000255938	-1
		*TM_ROW1 0.173637	-0.98481	0.000350937
		*TM_ROW2 -0.98481	-0.173637	-0.000516424
		*TM_ROW3 15.4469	1.6021	10.3362
		*TM_POS 15.4469	1.6021	10.3362
		*TM_ROTAXIS -0.705955	-0.0616344	0.705569
		*TM_ROTANGLE 3.01805
		*TM_SCALE 1	1	1
		*TM_SCALEAXIS 0	0	0
		*TM_SCALEAXISANG 0	0	0
	}
	*TM_ANIMATION {
		*NODE_NAME "Bip01 L Foot"
		*CONTROL_POS_TRACK {
			*CONTROL_POS_SAMPLE 192	15.4469	1.6021	10.3362
			*CONTROL_POS_SAMPLE 384	18.9285	-2.43942	11.9062
			*CONTROL_POS_SAMPLE 576	22.7348	-7.49691	14.185
			*CONTROL_POS_SAMPLE 768	26.5529	-12.6015	16.2236
			*CONTROL_POS_SAMPLE 960	30.3253	-17.6186	16.7449
			*CONTROL_POS_SAMPLE 1152	34.0803	-22.6786	16.5685
			*CONTROL_POS_SAMPLE 1344	37.5263	-27.2573	15.63
			*CONTROL_POS_SAMPLE 1536	40.5807	-31.2133	12.412
			*CONTROL_POS_SAMPLE 1728	42.4841	-33.3084	9.85737
			*CONTROL_POS_SAMPLE 1920	43.1532	-33.3974	9.542
			*CONTROL_POS_SAMPLE 2112	43.7012	-33.289	9.37056
			*CONTROL_POS_SAMPLE 2304	44.1519	-33.0221	9.31995
			*CONTROL_POS_SAMPLE 2496	44.529	-32.6358	9.3671
			*CONTROL_POS_SAMPLE 2688	44.8566	-32.1691	9.48888
			*CONTROL_POS_SAMPLE 2880	45.1584	-31.6611	9.66226
			*CONTROL_POS_SAMPLE 3072	45.4583	-31.1508	9.86411
			*CONTROL_POS_SAMPLE 3264	45.7802	-30.6772	10.0713
			*CONTROL_POS_SAMPLE 3456	46.1478	-30.2793	10.2608
			*CONTROL_POS_SAMPLE 3648	46.5851	-29.9962	10.4095
			*CONTROL_POS_SAMPLE 3840	47.1158	-29.8669	10.4944
			*CONTROL_POS_SAMPLE 4032	49.5096	-32.8354	10.3993
			*CONTROL_POS_SAMPLE 4224	56.714	-43.8427	13.0851
			*CONTROL_POS_SAMPLE 4416	64.9791	-56.6222	15.4718
			*CONTROL_POS_SAMPLE 4608	73.1809	-69.2963	15.9866
			*CONTROL_POS_SAMPLE 4800	81.5344	-82.2237	15.8458
			*CONTROL_POS_SAMPLE 4992	89.8877	-95.151	15.705
		}
		*CONTROL_ROT_TRACK {
			*CONTROL_ROT_SAMPLE 192	-0.705955	-0.0616344	0.705569	3.01805
			*CONTROL_ROT_SAMPLE 384	-0.705989	-0.0616153	0.705537	3.01801
			*CONTROL_ROT_SAMPLE 576	-0.705992	-0.0616136	0.705534	3.01801
			*CONTROL_ROT_SAMPLE 768	-0.705994	-0.061613	0.705533	3.01801
			*CONTROL_ROT_SAMPLE 960	-0.705996	-0.0616118	0.705531	3.01801
			*CONTROL_ROT_SAMPLE 1152	-0.705993	-0.0616131	0.705533	3.01801
			*CONTROL_ROT_SAMPLE 1344	-0.70599	-0.0616149	0.705536	3.01801
			*CONTROL_ROT_SAMPLE 1536	-0.705987	-0.0616169	0.70554	3.01802
			*CONTROL_ROT_SAMPLE 1728	-0.705984	-0.0616187	0.705543	3.01802
			*CONTROL_ROT_SAMPLE 1920	-0.705982	-0.0616198	0.705544	3.01802
			*CONTROL_ROT_SAMPLE 2112	-0.70598	-0.0616208	0.705546	3.01802
			*CONTROL_ROT_SAMPLE 2304	-0.705978	-0.0616218	0.705548	3.01803
			*CONTROL_ROT_SAMPLE 2496	-0.705977	-0.0616228	0.705549	3.01803
			*CONTROL_ROT_SAMPLE 2688	-0.705975	-0.0616237	0.705551	3.01803
			*CONTROL_ROT_SAMPLE 2880	-0.705973	-0.0616247	0.705552	3.01803
			*CONTROL_ROT_SAMPLE 3072	-0.705972	-0.0616256	0.705554	3.01803
			*CONTROL_ROT_SAMPLE 3264	-0.70597	-0.0616265	0.705555	3.01803
			*CONTROL_ROT_SAMPLE 3456	-0.705968	-0.0616274	0.705557	3.01804
			*CONTROL_ROT_SAMPLE 3648	-0.705967	-0.0616284	0.705558	3.01804
			*CONTROL_ROT_SAMPLE 3840	-0.705965	-0.0616293	0.70556	3.01804
			*CONTROL_ROT_SAMPLE 4032	-0.705964	-0.0616302	0.705562	3.01804
			*CONTROL_ROT_SAMPLE 4224	-0.705962	-0.0616311	0.705563	3.01804
			*CONTROL_ROT_SAMPLE 4416	-0.705961	-0.061632	0.705564	3.01804
			*CONTROL_ROT_SAMPLE 4608	-0.705959	-0.0616328	0.705566	3.01805
			*CONTROL_ROT_SAMPLE 4800	-0.705957	-0.0616336	0.705568	3.01805
			*CONTROL_ROT_SAMPLE 4992	-0.705955	-0.0616344	0.705569	3.01805
		}
	}
}
*HELPEROBJECT {
	*NODE_NAME "Bip01 L Toe0"
	*NODE_PARENT "Bip01 L Foot"
	*NODE_TM {
		*NODE_NAME "Bip01 L Toe0"
		*TM_ROW0 0.173635	-0.98481	0.000271828
		*TM_ROW1 -0.000553809	0.000178377	1
		*TM_ROW2 -0.98481	-0.173635	-0.000514411
		*TM_ROW3 19.3859	-20.701	-2.28259
		*TM_POS 19.3859	-20.701	-2.28259
		*TM_ROTAXIS -0.644449	0.540914	0.54046
		*TM_ROTANGLE 1.99693
		*TM_SCALE 1	1	1
		*TM_SCALEAXIS 0	0	0
		*TM_SCALEAXISANG 0	0	0
	}
	*TM_ANIMATION {
		*NODE_NAME "Bip01 L Toe0"
		*CONTROL_POS_TRACK {
			*CONTROL_POS_SAMPLE 192	19.3859	-20.701	-2.28259
			*CONTROL_POS_SAMPLE 384	22.8687	-24.7431	-0.711235
			*CONTROL_POS_SAMPLE 576	26.6751	-29.8006	1.56773
			*CONTROL_POS_SAMPLE 768	30.4933	-34.9052	3.60638
			*CONTROL_POS_SAMPLE 960	34.2657	-39.9223	4.12769
			*CONTROL_POS_SAMPLE 1152	38.0207	-44.9823	3.95119
			*CONTROL_POS_SAMPLE 1344	41.4665	-49.5609	3.01264
			*CONTROL_POS_SAMPLE 1536	44.5208	-53.5169	-0.205524
			*CONTROL_POS_SAMPLE 1728	46.4241	-55.612	-2.76029
			*CONTROL_POS_SAMPLE 1920	47.0932	-55.701	-3.07574
			*CONTROL_POS_SAMPLE 2112	47.6411	-55.5925	-3.24726
			*CONTROL_POS_SAMPLE 2304	48.0917	-55.3255	-3.29794
			*CONTROL_POS_SAMPLE 2496	48.4688	-54.9392	-3.25085
			*CONTROL_POS_SAMPLE 2688	48.7963	-54.4725	-3.12913
			*CONTROL_POS_SAMPLE 2880	49.0981	-53.9645	-2.95582
			*CONTROL_POS_SAMPLE 3072	49.3979	-53.4541	-2.75404
			*CONTROL_POS_SAMPLE 3264	49.7197	-52.9805	-2.54688
			*CONTROL_POS_SAMPLE 3456	50.0873	-52.5826	-2.35744
			*CONTROL_POS_SAMPLE 3648	50.5245	-52.2994	-2.2088
			*CONTROL_POS_SAMPLE 3840	51.0552	-52.1701	-2.12406
			*CONTROL_POS_SAMPLE 4032	53.4489	-55.1386	-2.21916
			*CONTROL_POS_SAMPLE 4224	60.6533	-66.1458	0.466549
			*CONTROL_POS_SAMPLE 4416	68.9183	-78.9254	2.85321
			*CONTROL_POS_SAMPLE 4608	77.1201	-91.5995	3.36794
			*CONTROL_POS_SAMPLE 4800	85.4734	-104.527	3.22709
			*CONTROL_POS_SAMPLE 4992	93.8267	-117.454	3.08621
		}
		*CONTROL_ROT_TRACK {
			*CONTROL_ROT_SAMPLE 192	-0.644449	0.540914	0.54046	1.99693
			*CONTROL_ROT_SAMPLE 384	-0.644456	0.540953	0.540413	1.99695
			*CONTROL_ROT_SAMPLE 576	-0.644456	0.540957	0.540409	1.99696
			*CONTROL_ROT_SAMPLE 768	-0.644456	0.540958	0.540408	1.99696
			*CONTROL_ROT_SAMPLE 960	-0.644457	0.54096	0.540405	1.99696
			*CONTROL_ROT_SAMPLE 1152	-0.644456	0.540958	0.540408	1.99696
			*CONTROL_ROT_SAMPLE 1344	-0.644456	0.540954	0.540413	1.99695
			*CONTROL_ROT_SAMPLE 1536	-0.644455	0.54095	0.540417	1.99695
			*CONTROL_ROT_SAMPLE 1728	-0.644455	0.540946	0.540421	1.99695
			*CONTROL_ROT_SAMPLE 1920	-0.644454	0.540944	0.540424	1.99695
			*CONTROL_ROT_SAMPLE 2112	-0.644454	0.540942	0.540426	1.99695
			*CONTROL_ROT_SAMPLE 2304	-0.644454	0.54094	0.540429	1.99694
			*CONTROL_ROT_SAMPLE 2496	-0.644453	0.540938	0.540431	1.99694
			*CONTROL_ROT_SAMPLE 2688	-0.644453	0.540936	0.540434	1.99694
			*CONTROL_ROT_SAMPLE 2880	-0.644453	0.540934	0.540436	1.99694
			*CONTROL_ROT_SAMPLE 3072	-0.644452	0.540932	0.540438	1.99694
			*CONTROL_ROT_SAMPLE 3264	-0.644452	0.54093	0.54044	1.99694
			*CONTROL_ROT_SAMPLE 3456	-0.644452	0.540929	0.540443	1.99694
			*CONTROL_ROT_SAMPLE 3648	-0.644452	0.540927	0.540445	1.99694
			*CONTROL_ROT_SAMPLE 3840	-0.644451	0.540925	0.540447	1.99693
			*CONTROL_ROT_SAMPLE 4032	-0.644451	0.540923	0.540449	1.99693
			*CONTROL_ROT_SAMPLE 4224	-0.644451	0.540921	0.540452	1.99693
			*CONTROL_ROT_SAMPLE 4416	-0.64445	0.540919	0.540454	1.99693
			*CONTROL_ROT_SAMPLE 4608	-0.64445	0.540917	0.540456	1.99693
			*CONTROL_ROT_SAMPLE 4800	-0.64445	0.540916	0.540458	1.99693
			*CONTROL_ROT_SAMPLE 4992	-0.644449	0.540914	0.54046	1.99693
		}
	}
}
*HELPEROBJECT {
	*NODE_NAME "Bip01 R Thigh"
	*NODE_PARENT "Bip01 Pelvis"
	*NODE_TM {
		*NODE_NAME "Bip01 R Thigh"
		*TM_ROW0 -0.228664	-0.105202	-0.967804
		*TM_ROW1 -0.440447	-0.875396	0.199221
		*TM_ROW2 -0.86817	0.471821	0.153836
		*TM_ROW3 -13.5483	10.3681	95.3623
		*TM_POS -13.5483	10.3681	95.3623
		*TM_ROTAXIS 0.614758	-0.224692	-0.756033
		*TM_ROTANGLE 2.91802
		*TM_SCALE 1	1	1
		*TM_SCALEAXIS 0	0	0
		*TM_SCALEAXISANG 0	0	0
	}
	*TM_ANIMATION {
		*NODE_NAME "Bip01 R Thigh"
		*CONTROL_POS_TRACK {
			*CONTROL_POS_SAMPLE 192	-13.5483	10.3681	95.3623
			*CONTROL_POS_SAMPLE 384	-11.9677	7.23178	94.0471
			*CONTROL_POS_SAMPLE 576	-10.3919	4.08521	93.1105
			*CONTROL_POS_SAMPLE 768	-8.82079	0.929127	92.3256
			*CONTROL_POS_SAMPLE 960	-7.25426	-2.23577	91.4653
			*CONTROL_POS_SAMPLE 1152	-5.69206	-5.40877	90.3084
			*CONTROL_POS_SAMPLE 1344	-4.13391	-8.58923	89.0292
			*CONTROL_POS_SAMPLE 1536	-2.57952	-11.7765	87.9936
			*CONTROL_POS_SAMPLE 1728	-1.02857	-14.9698	87.5675
			*CONTROL_POS_SAMPLE 1920	2.91592	-18.6663	87.7677
			*CONTROL_POS_SAMPLE 2112	6.85769	-22.3677	88.2873
			*CONTROL_POS_SAMPLE 2304	10.7971	-26.0733	89.0067
			*CONTROL_POS_SAMPLE 2496	14.7345	-29.7825	89.8061
			*CONTROL_POS_SAMPLE 2688	18.6703	-33.4947	90.566
			*CONTROL_POS_SAMPLE 2880	22.6048	-37.2093	91.1668
			*CONTROL_POS_SAMPLE 3072	26.5385	-40.9255	91.4889
			*CONTROL_POS_SAMPLE 3264	30.4717	-44.6429	91.3463
			*CONTROL_POS_SAMPLE 3456	34.4046	-48.3607	90.8008
			*CONTROL_POS_SAMPLE 3648	38.3378	-52.0783	90.1035
			*CONTROL_POS_SAMPLE 3840	42.2715	-55.7952	89.5061
			*CONTROL_POS_SAMPLE 4032	46.2061	-59.5105	89.2597
			*CONTROL_POS_SAMPLE 4224	49.2608	-65.4998	89.5237
			*CONTROL_POS_SAMPLE 4416	52.3171	-71.4863	90.1459
			*CONTROL_POS_SAMPLE 4608	55.3751	-77.4694	90.9106
			*CONTROL_POS_SAMPLE 4800	58.4353	-83.4484	91.602
			*CONTROL_POS_SAMPLE 4992	61.4979	-89.4228	91.6029
		}
		*CONTROL_ROT_TRACK {
			*CONTROL_ROT_SAMPLE 192	0.614758	-0.224692	-0.756033	2.91802
			*CONTROL_ROT_SAMPLE 384	0.593997	-0.240668	-0.767624	2.86895
			*CONTROL_ROT_SAMPLE 576	0.581753	-0.240673	-0.776942	2.85977
			*CONTROL_ROT_SAMPLE 768	0.574485	-0.241037	-0.78222	2.86044
			*CONTROL_ROT_SAMPLE 960	0.567821	-0.233835	-0.78924	2.85691
			*CONTROL_ROT_SAMPLE 1152	0.557365	-0.211686	-0.802828	2.83238
			*CONTROL_ROT_SAMPLE 1344	0.547458	-0.183399	-0.816489	2.79625
			*CONTROL_ROT_SAMPLE 1536	0.542271	-0.148673	-0.826945	2.73564
			*CONTROL_ROT_SAMPLE 1728	0.552729	-0.10072	-0.827252	2.60413
			*CONTROL_ROT_SAMPLE 1920	0.53191	-0.171191	-0.829316	2.80682
			*CONTROL_ROT_SAMPLE 2112	0.52472	-0.22501	-0.820999	2.95203
			*CONTROL_ROT_SAMPLE 2304	0.529888	-0.2641	-0.805897	3.04969
			*CONTROL_ROT_SAMPLE 2496	0.543063	-0.292689	-0.78703	3.11363
			*CONTROL_ROT_SAMPLE 2688	0.559213	-0.318918	-0.765227	3.16908
			*CONTROL_ROT_SAMPLE 2880	0.576881	-0.342326	-0.741634	3.21624
			*CONTROL_ROT_SAMPLE 3072	0.594696	-0.362604	-0.717534	3.25568
			*CONTROL_ROT_SAMPLE 3264	0.611175	-0.380342	-0.694121	3.28976
			*CONTROL_ROT_SAMPLE 3456	0.625977	-0.394818	-0.672511	3.31769
			*CONTROL_ROT_SAMPLE 3648	0.645556	-0.396318	-0.652832	3.31565
			*CONTROL_ROT_SAMPLE 3840	-0.666261	0.381424	0.640791	3.00609
			*CONTROL_ROT_SAMPLE 4032	-0.672038	0.367047	0.64315	3.04407
			*CONTROL_ROT_SAMPLE 4224	-0.662681	0.353269	0.660344	3.07862
			*CONTROL_ROT_SAMPLE 4416	0.64721	-0.335461	-0.684532	3.16372
			*CONTROL_ROT_SAMPLE 4608	0.629225	-0.311522	-0.71206	3.11181
			*CONTROL_ROT_SAMPLE 4800	0.611817	-0.281915	-0.739057	3.04686
			*CONTROL_ROT_SAMPLE 4992	0.595169	-0.253345	-0.76262	2.98228
		}
	}
}
*HELPEROBJECT {
	*NODE_NAME "Bip01 R Calf"
	*NODE_PARENT "Bip01 R Thigh"
	*NODE_TM {
		*NODE_NAME "Bip01 R Calf"
		*TM_ROW0 -0.00640134	0.299313	-0.954133
		*TM_ROW1 -0.496225	-0.829335	-0.256835
		*TM_ROW2 -0.86817	0.471821	0.153836
		*TM_ROW3 -22.545	6.22897	57.2842
		*TM_POS -22.545	6.22897	57.2842
		*TM_ROTAXIS 0.673294	-0.079432	-0.735096
		*TM_ROTANGLE 2.56983
		*TM_SCALE 1	1	1
		*TM_SCALEAXIS 0	0	0
		*TM_SCALEAXISANG 0	0	0
	}
	*TM_ANIMATION {
		*NODE_NAME "Bip01 R Calf"
		*CONTROL_POS_TRACK {
			*CONTROL_POS_SAMPLE 192	-22.545	6.22897	57.2842
			*CONTROL_POS_SAMPLE 384	-22.6077	4.32317	56.2801
			*CONTROL_POS_SAMPLE 576	-22.0784	1.78636	55.6118
			*CONTROL_POS_SAMPLE 768	-21.1605	-1.21406	55.0274
			*CONTROL_POS_SAMPLE 960	-20.1549	-3.75247	54.3265
			*CONTROL_POS_SAMPLE 1152	-19.3052	-4.86056	53.3977
			*CONTROL_POS_SAMPLE 1344	-18.2679	-5.38182	52.4511
			*CONTROL_POS_SAMPLE 1536	-16.5277	-5.0145	51.8309
			*CONTROL_POS_SAMPLE 1728	-12.4805	-2.37853	52.0946
			*CONTROL_POS_SAMPLE 1920	-12.5992	-14.9124	51.8066
			*CONTROL_POS_SAMPLE 2112	-10.3107	-25.4886	53.0237
			*CONTROL_POS_SAMPLE 2304	-6.33372	-34.1523	54.5207
			*CONTROL_POS_SAMPLE 2496	-1.39259	-41.422	55.8583
			*CONTROL_POS_SAMPLE 2688	3.94344	-48.3533	57.244
			*CONTROL_POS_SAMPLE 2880	9.52038	-54.9037	58.5521
			*CONTROL_POS_SAMPLE 3072	15.1886	-61.0529	59.6442
			*CONTROL_POS_SAMPLE 3264	20.7903	-66.8663	60.3559
			*CONTROL_POS_SAMPLE 3456	26.2642	-72.2937	60.6518
			*CONTROL_POS_SAMPLE 3648	32.1331	-76.5068	59.8915
			*CONTROL_POS_SAMPLE 3840	38.0579	-79.1066	58.0921
			*CONTROL_POS_SAMPLE 4032	42.5028	-81.3386	56.7353
			*CONTROL_POS_SAMPLE 4224	44.516	-85.5381	55.998
			*CONTROL_POS_SAMPLE 4416	45.9395	-89.1648	55.5798
			*CONTROL_POS_SAMPLE 4608	47.196	-92.0562	55.2967
			*CONTROL_POS_SAMPLE 4800	48.6559	-94.2399	55.0517
			*CONTROL_POS_SAMPLE 4992	50.3488	-96.4528	54.5315
		}
		*CONTROL_ROT_TRACK {
			*CONTROL_ROT_SAMPLE 192	0.673294	-0.079432	-0.735096	2.56983
			*CONTROL_ROT_SAMPLE 384	0.664589	-0.0888396	-0.741909	2.48744
			*CONTROL_ROT_SAMPLE 576	0.658673	-0.0792159	-0.748248	2.44277
			*CONTROL_ROT_SAMPLE 768	0.656918	-0.0689838	-0.7508	2.41024
			*CONTROL_ROT_SAMPLE 960	0.651719	-0.0563962	-0.756361	2.38476
			*CONTROL_ROT_SAMPLE 1152	0.634926	-0.0429756	-0.771377	2.36579
			*CONTROL_ROT_SAMPLE 1344	0.614866	-0.0306435	-0.788036	2.35626
			*CONTROL_ROT_SAMPLE 1536	0.593915	-0.0258928	-0.804111	2.3696
			*CONTROL_ROT_SAMPLE 1728	0.574104	-0.0484682	-0.817347	2.44617
			*CONTROL_ROT_SAMPLE 1920	0.6025	-0.00366132	-0.79811	2.30832
			*CONTROL_ROT_SAMPLE 2112	0.631232	0.0244734	-0.775208	2.23832
			*CONTROL_ROT_SAMPLE 2304	0.657905	0.0393535	-0.752072	2.22749
			*CONTROL_ROT_SAMPLE 2496	0.681444	0.0438203	-0.730557	2.25504
			*CONTROL_ROT_SAMPLE 2688	0.70401	0.0449152	-0.708769	2.2986
			*CONTROL_ROT_SAMPLE 2880	-0.72472	-0.0424293	0.687736	3.9296
			*CONTROL_ROT_SAMPLE 3072	-0.743057	-0.0365668	0.668229	3.86825
			*CONTROL_ROT_SAMPLE 3264	-0.758898	-0.0285417	0.650584	3.80624
			*CONTROL_ROT_SAMPLE 3456	-0.771995	-0.0185217	0.635358	3.74602
			*CONTROL_ROT_SAMPLE 3648	-0.782106	0.00446629	0.623129	3.67336
			*CONTROL_ROT_SAMPLE 3840	-0.785739	0.0401849	0.617251	3.60264
			*CONTROL_ROT_SAMPLE 4032	-0.780509	0.0650989	0.621745	3.57584
			*CONTROL_ROT_SAMPLE 4224	-0.770602	0.0572922	0.634736	3.62148
			*CONTROL_ROT_SAMPLE 4416	-0.754742	0.0473399	0.654312	3.6805
			*CONTROL_ROT_SAMPLE 4608	-0.733607	0.039598	0.678419	3.73994
			*CONTROL_ROT_SAMPLE 4800	-0.708772	0.0365763	0.704488	3.78871
