*3DSMAX_ASCIIEXPORT	110
*COMMENT "This file is part of Gothic Free Aim Copyright (C) 2016-2018  mud-freak (@szapp)"
*COMMENT "<http://github.com/szapp/GothicFreeAim>"
*COMMENT "Animations: first iteration"
*SCENE {
	*SCENE_FILENAME "magIK_FRZ_frontRight.max"
	*SCENE_FIRSTFRAME 1
	*SCENE_LASTFRAME 27
	*SCENE_FRAMESPEED 25
	*SCENE_TICKSPERFRAME 192
	*SCENE_BACKGROUND_STATIC 0	0	0
	*SCENE_AMBIENT_STATIC 0.2	0.2	0.2
}
*HELPEROBJECT {
	*NODE_NAME "Bip01"
	*NODE_TM {
		*NODE_NAME "Bip01"
		*TM_ROW0 0.580005	-0.76668	-0.27531
		*TM_ROW1 0.793097	0.608621	-0.0240355
		*TM_ROW2 0.185987	-0.204407	0.961055
		*TM_ROW3 -20.6701	11.9132	92.5512
		*TM_POS -20.6701	11.9132	92.5512
		*TM_ROTAXIS -0.110216	-0.281875	0.9531
		*TM_ROTANGLE 0.958387
		*TM_SCALE 1	1	1
		*TM_SCALEAXIS 0	0	0
		*TM_SCALEAXISANG 0	0	0
	}
	*TM_ANIMATION {
		*NODE_NAME "Bip01"
		*CONTROL_POS_TRACK {
			*CONTROL_POS_SAMPLE 192	-20.6701	11.9132	92.5512
			*CONTROL_POS_SAMPLE 384	-24.0786	10.5761	91.1654
			*CONTROL_POS_SAMPLE 576	-26.1918	7.71044	90.0494
			*CONTROL_POS_SAMPLE 768	-28.1893	4.91172	89.1674
			*CONTROL_POS_SAMPLE 960	-30.1102	2.13776	88.4838
			*CONTROL_POS_SAMPLE 1152	-31.9935	-0.653671	87.9628
			*CONTROL_POS_SAMPLE 1344	-33.8785	-3.50475	87.5687
			*CONTROL_POS_SAMPLE 1536	-35.8041	-6.45769	87.2658
			*CONTROL_POS_SAMPLE 1728	-37.8095	-9.5547	87.282
			*CONTROL_POS_SAMPLE 1920	-39.9339	-12.838	87.7195
			*CONTROL_POS_SAMPLE 2112	-42.2162	-16.3497	88.3545
			*CONTROL_POS_SAMPLE 2304	-44.6956	-20.1321	88.9631
			*CONTROL_POS_SAMPLE 2496	-47.6592	-24.7362	89.3214
			*CONTROL_POS_SAMPLE 2688	-51.2071	-30.357	89.3463
			*CONTROL_POS_SAMPLE 2880	-55.098	-36.5027	89.177
			*CONTROL_POS_SAMPLE 3072	-59.0906	-42.6813	88.9225
			*CONTROL_POS_SAMPLE 3264	-62.9439	-48.401	88.692
			*CONTROL_POS_SAMPLE 3456	-66.8293	-53.4088	88.4621
			*CONTROL_POS_SAMPLE 3648	-70.6171	-57.4163	88.2288
			*CONTROL_POS_SAMPLE 3840	-74.0235	-59.9761	88.1253
			*CONTROL_POS_SAMPLE 4032	-77.2837	-62.0106	88.1531
			*CONTROL_POS_SAMPLE 4224	-80.4822	-65.0293	88.1231
			*CONTROL_POS_SAMPLE 4416	-83.6581	-69.3621	88.1456
			*CONTROL_POS_SAMPLE 4608	-86.803	-74.1911	88.3311
			*CONTROL_POS_SAMPLE 4800	-89.9301	-79.3035	88.79
			*CONTROL_POS_SAMPLE 4992	-93.0528	-84.4868	90.3585
			*CONTROL_POS_SAMPLE 5184	-96.1844	-89.5283	92.5512
		}
		*CONTROL_ROT_TRACK {
			*CONTROL_ROT_SAMPLE 192	-0.110216	-0.281875	0.9531	0.958387
			*CONTROL_ROT_SAMPLE 384	-0.110216	-0.281875	0.9531	0.958387
			*CONTROL_ROT_SAMPLE 576	-0.110216	-0.281875	0.9531	0.958387
			*CONTROL_ROT_SAMPLE 768	-0.110216	-0.281875	0.9531	0.958387
			*CONTROL_ROT_SAMPLE 960	-0.110216	-0.281875	0.9531	0.958387
			*CONTROL_ROT_SAMPLE 1152	-0.110216	-0.281875	0.9531	0.958387
			*CONTROL_ROT_SAMPLE 1344	-0.110216	-0.281875	0.9531	0.958387
			*CONTROL_ROT_SAMPLE 1536	-0.110216	-0.281875	0.9531	0.958387
			*CONTROL_ROT_SAMPLE 1728	-0.110216	-0.281875	0.9531	0.958387
			*CONTROL_ROT_SAMPLE 1920	-0.110216	-0.281875	0.9531	0.958387
			*CONTROL_ROT_SAMPLE 2112	-0.110216	-0.281875	0.9531	0.958387
			*CONTROL_ROT_SAMPLE 2304	-0.110216	-0.281875	0.9531	0.958387
			*CONTROL_ROT_SAMPLE 2496	-0.110216	-0.281875	0.9531	0.958387
			*CONTROL_ROT_SAMPLE 2688	-0.110216	-0.281875	0.9531	0.958387
			*CONTROL_ROT_SAMPLE 2880	-0.110216	-0.281875	0.9531	0.958387
			*CONTROL_ROT_SAMPLE 3072	-0.110216	-0.281875	0.9531	0.958387
			*CONTROL_ROT_SAMPLE 3264	-0.110216	-0.281875	0.9531	0.958387
			*CONTROL_ROT_SAMPLE 3456	-0.110216	-0.281875	0.9531	0.958387
			*CONTROL_ROT_SAMPLE 3648	-0.110216	-0.281875	0.9531	0.958387
			*CONTROL_ROT_SAMPLE 3840	-0.110216	-0.281875	0.9531	0.958387
			*CONTROL_ROT_SAMPLE 4032	-0.110216	-0.281875	0.9531	0.958387
			*CONTROL_ROT_SAMPLE 4224	-0.110216	-0.281875	0.9531	0.958387
			*CONTROL_ROT_SAMPLE 4416	-0.110216	-0.281875	0.9531	0.958387
			*CONTROL_ROT_SAMPLE 4608	-0.110216	-0.281875	0.9531	0.958387
			*CONTROL_ROT_SAMPLE 4800	-0.110216	-0.281875	0.9531	0.958387
			*CONTROL_ROT_SAMPLE 4992	-0.110216	-0.281875	0.9531	0.958387
			*CONTROL_ROT_SAMPLE 5184	-0.110216	-0.281875	0.9531	0.958387
		}
	}
}
*HELPEROBJECT {
	*NODE_NAME "Bip01 Footsteps"
	*NODE_PARENT "Bip01"
	*NODE_TM {
		*NODE_NAME "Bip01 Footsteps"
		*TM_ROW0 1	0	0
		*TM_ROW1 0	1	0
		*TM_ROW2 0	0	1
		*TM_ROW3 -20.6701	11.9132	-0.59906
		*TM_POS -20.6701	11.9132	-0.59906
		*TM_ROTAXIS 0	0	0
		*TM_ROTANGLE 0
		*TM_SCALE 1	1	1
		*TM_SCALEAXIS 0	0	0
		*TM_SCALEAXISANG 0	0	0
	}
}
*HELPEROBJECT {
	*NODE_NAME "Bip01 Pelvis"
	*NODE_PARENT "Bip01"
	*NODE_TM {
		*NODE_NAME "Bip01 Pelvis"
		*TM_ROW0 0.182676	-0.206945	0.961147
		*TM_ROW1 0.580006	-0.766679	-0.27531
		*TM_ROW2 0.793866	0.607763	-0.0200242
		*TM_ROW3 -22.5843	12.1618	92.9745
		*TM_POS -22.5843	12.1618	92.9745
		*TM_ROTAXIS -0.739215	-0.14003	-0.658751
		*TM_ROTANGLE 3.78173
		*TM_SCALE 1	1	1
		*TM_SCALEAXIS 0	0	0
		*TM_SCALEAXISANG 0	0	0
	}
	*TM_ANIMATION {
		*NODE_NAME "Bip01 Pelvis"
		*CONTROL_POS_TRACK {
			*CONTROL_POS_SAMPLE 192	-22.5843	12.1618	92.9745
			*CONTROL_POS_SAMPLE 384	-25.9927	10.8247	91.5887
			*CONTROL_POS_SAMPLE 576	-28.106	7.95907	90.4727
			*CONTROL_POS_SAMPLE 768	-30.1035	5.16035	89.5907
			*CONTROL_POS_SAMPLE 960	-32.0243	2.38639	88.9071
			*CONTROL_POS_SAMPLE 1152	-33.9077	-0.405042	88.3861
			*CONTROL_POS_SAMPLE 1344	-35.7926	-3.25612	87.992
			*CONTROL_POS_SAMPLE 1536	-37.7183	-6.20906	87.6891
			*CONTROL_POS_SAMPLE 1728	-39.7237	-9.30607	87.7053
			*CONTROL_POS_SAMPLE 1920	-41.848	-12.5893	88.1428
			*CONTROL_POS_SAMPLE 2112	-44.1304	-16.1011	88.7779
			*CONTROL_POS_SAMPLE 2304	-46.6098	-19.8835	89.3865
			*CONTROL_POS_SAMPLE 2496	-49.5734	-24.4876	89.7447
			*CONTROL_POS_SAMPLE 2688	-53.1212	-30.1084	89.7697
			*CONTROL_POS_SAMPLE 2880	-57.0121	-36.2541	89.6003
			*CONTROL_POS_SAMPLE 3072	-61.0048	-42.4327	89.3458
			*CONTROL_POS_SAMPLE 3264	-64.858	-48.1524	89.1154
			*CONTROL_POS_SAMPLE 3456	-68.7435	-53.1602	88.8854
			*CONTROL_POS_SAMPLE 3648	-72.5313	-57.1677	88.6521
			*CONTROL_POS_SAMPLE 3840	-75.9377	-59.7274	88.5486
			*CONTROL_POS_SAMPLE 4032	-79.1978	-61.7619	88.5764
			*CONTROL_POS_SAMPLE 4224	-82.3964	-64.7806	88.5464
			*CONTROL_POS_SAMPLE 4416	-85.5723	-69.1135	88.569
			*CONTROL_POS_SAMPLE 4608	-88.7172	-73.9425	88.7544
			*CONTROL_POS_SAMPLE 4800	-91.8443	-79.0549	89.2133
			*CONTROL_POS_SAMPLE 4992	-94.967	-84.2381	90.7818
			*CONTROL_POS_SAMPLE 5184	-98.0985	-89.2797	92.9745
		}
		*CONTROL_ROT_TRACK {
			*CONTROL_ROT_SAMPLE 192	-0.739215	-0.14003	-0.658751	3.78173
			*CONTROL_ROT_SAMPLE 384	-0.739215	-0.14003	-0.658751	3.78173
			*CONTROL_ROT_SAMPLE 576	-0.739215	-0.14003	-0.658751	3.78173
			*CONTROL_ROT_SAMPLE 768	-0.739215	-0.14003	-0.658751	3.78173
			*CONTROL_ROT_SAMPLE 960	-0.739215	-0.14003	-0.658751	3.78173
			*CONTROL_ROT_SAMPLE 1152	-0.739215	-0.14003	-0.658751	3.78173
			*CONTROL_ROT_SAMPLE 1344	-0.739215	-0.14003	-0.658751	3.78173
			*CONTROL_ROT_SAMPLE 1536	-0.739215	-0.14003	-0.658751	3.78173
			*CONTROL_ROT_SAMPLE 1728	-0.739215	-0.14003	-0.658751	3.78173
			*CONTROL_ROT_SAMPLE 1920	-0.739215	-0.14003	-0.658751	3.78173
			*CONTROL_ROT_SAMPLE 2112	-0.739215	-0.14003	-0.658751	3.78173
			*CONTROL_ROT_SAMPLE 2304	-0.739215	-0.14003	-0.658751	3.78173
			*CONTROL_ROT_SAMPLE 2496	-0.739215	-0.14003	-0.658751	3.78173
			*CONTROL_ROT_SAMPLE 2688	-0.739215	-0.14003	-0.658751	3.78173
			*CONTROL_ROT_SAMPLE 2880	-0.739215	-0.14003	-0.658751	3.78173
			*CONTROL_ROT_SAMPLE 3072	-0.739215	-0.14003	-0.658751	3.78173
			*CONTROL_ROT_SAMPLE 3264	-0.739215	-0.14003	-0.658751	3.78173
			*CONTROL_ROT_SAMPLE 3456	-0.739215	-0.14003	-0.658751	3.78173
			*CONTROL_ROT_SAMPLE 3648	-0.739215	-0.14003	-0.658751	3.78173
			*CONTROL_ROT_SAMPLE 3840	-0.739215	-0.14003	-0.658751	3.78173
			*CONTROL_ROT_SAMPLE 4032	-0.739215	-0.14003	-0.658751	3.78173
			*CONTROL_ROT_SAMPLE 4224	-0.739215	-0.14003	-0.658751	3.78173
			*CONTROL_ROT_SAMPLE 4416	-0.739215	-0.14003	-0.658751	3.78173
			*CONTROL_ROT_SAMPLE 4608	-0.739215	-0.14003	-0.658751	3.78173
			*CONTROL_ROT_SAMPLE 4800	-0.739215	-0.14003	-0.658751	3.78173
			*CONTROL_ROT_SAMPLE 4992	-0.739215	-0.14003	-0.658751	3.78173
			*CONTROL_ROT_SAMPLE 5184	-0.739215	-0.14003	-0.658751	3.78173
		}
	}
}
*HELPEROBJECT {
	*NODE_NAME "Bip01 Spine"
	*NODE_PARENT "Bip01 Pelvis"
	*NODE_TM {
		*NODE_NAME "Bip01 Spine"
		*TM_ROW0 0.231237	-0.253382	0.939323
		*TM_ROW1 0.563733	-0.751995	-0.341627
		*TM_ROW2 0.792928	0.608523	-0.0310489
		*TM_ROW3 -22.1894	11.7394	95.3064
		*TM_POS -22.1894	11.7394	95.3064
		*TM_ROTAXIS -0.75307	-0.116029	-0.647629
		*TM_ROTANGLE 3.82424
		*TM_SCALE 1	1	1
		*TM_SCALEAXIS 0	0	0
		*TM_SCALEAXISANG 0	0	0
	}
}
*HELPEROBJECT {
	*NODE_NAME "Bip01 Spine1"
	*NODE_PARENT "Bip01 Spine"
	*NODE_TM {
		*NODE_NAME "Bip01 Spine1"
		*TM_ROW0 0.229546	-0.278916	0.932477
		*TM_ROW1 0.544765	-0.757114	-0.360567
		*TM_ROW2 0.80656	0.590748	-0.0218486
		*TM_ROW3 -19.9225	9.25708	104.541
		*TM_POS -19.9225	9.25708	104.541
		*TM_ROTAXIS -0.752243	-0.099568	-0.651319
		*TM_ROTANGLE 3.82613
		*TM_SCALE 1	1	1
		*TM_SCALEAXIS 0	0	0
		*TM_SCALEAXISANG 0	0	0
	}
}
*HELPEROBJECT {
	*NODE_NAME "Bip01 Spine2"
	*NODE_PARENT "Bip01 Spine1"
	*NODE_TM {
		*NODE_NAME "Bip01 Spine2"
		*TM_ROW0 0.33409	-0.07163	0.939815
		*TM_ROW1 0.4219	-0.880273	-0.217071
		*TM_ROW2 0.842843	0.46903	-0.263869
		*TM_ROW3 -16.9968	5.71081	116.472
		*TM_POS -16.9968	5.71081	116.472
		*TM_ROTAXIS -0.806502	-0.11399	-0.580138
		*TM_ROTANGLE 3.58095
		*TM_SCALE 1	1	1
		*TM_SCALEAXIS 0	0	0
		*TM_SCALEAXISANG 0	0	0
	}
}
*HELPEROBJECT {
	*NODE_NAME "Bip01 Neck"
	*NODE_PARENT "Bip01 Spine2"
	*NODE_TM {
		*NODE_NAME "Bip01 Neck"
		*TM_ROW0 0.422973	-0.274199	0.86366
		*TM_ROW1 0.332725	-0.839542	-0.429492
		*TM_ROW2 0.842845	0.469025	-0.263871
		*TM_ROW3 -6.98122	3.56763	144.654
		*TM_POS -6.98122	3.56763	144.654
		*TM_ROTAXIS -0.828514	-0.0191932	-0.559639
		*TM_ROTANGLE 3.7147
		*TM_SCALE 1	1	1
		*TM_SCALEAXIS 0	0	0
		*TM_SCALEAXISANG 0	0	0
	}
}
*HELPEROBJECT {
	*NODE_NAME "Bip01 Head"
	*NODE_PARENT "Bip01 Neck"
	*NODE_TM {
		*NODE_NAME "Bip01 Head"
		*TM_ROW0 0.15689	-0.123829	0.979822
		*TM_ROW1 0.319864	-0.932263	-0.169035
		*TM_ROW2 0.934383	0.33993	-0.106654
		*TM_ROW3 -4.08841	1.69232	150.561
		*TM_POS -4.08841	1.69232	150.561
		*TM_ROTAXIS -0.752087	-0.0671441	-0.655635
		*TM_ROTANGLE 3.48678
		*TM_SCALE 1	1	1
		*TM_SCALEAXIS 0	0	0
		*TM_SCALEAXISANG 0	0	0
	}
}
*HELPEROBJECT {
	*NODE_NAME "zs_Helmet"
	*NODE_PARENT "Bip01 Head"
	*NODE_TM {
		*NODE_NAME "zs_Helmet"
		*TM_ROW0 0.934383	0.339931	-0.106654
		*TM_ROW1 -0.331188	0.939104	0.0916394
		*TM_ROW2 0.13131	-0.0503038	0.990064
		*TM_ROW3 63.19	-100.463	414.383
		*TM_POS 63.19	-100.463	414.383
		*TM_ROTAXIS -0.195496	-0.327743	-0.924319
		*TM_ROTANGLE 0.371522
		*TM_SCALE 1	1	1
		*TM_SCALEAXIS 0	0	0
		*TM_SCALEAXISANG 0	0	0
	}
}
*HELPEROBJECT {
	*NODE_NAME "Bip01 L Clavicle"
	*NODE_PARENT "Bip01 Neck"
	*NODE_TM {
		*NODE_NAME "Bip01 L Clavicle"
		*TM_ROW0 0.837373	0.505391	-0.208294
		*TM_ROW1 -0.460815	0.857621	0.228332
		*TM_ROW2 0.294034	-0.0952139	0.951041
		*TM_ROW3 -3.10298	9.85869	138.043
		*TM_POS -3.10298	9.85869	138.043
		*TM_ROTAXIS -0.284803	-0.442177	-0.85051
		*TM_ROTANGLE 0.604093
		*TM_SCALE 1	1	1
		*TM_SCALEAXIS 0	0	0
		*TM_SCALEAXISANG 0	0	0
	}
}
*HELPEROBJECT {
	*NODE_NAME "Bip01 L UpperArm"
	*NODE_PARENT "Bip01 L Clavicle"
	*NODE_TM {
		*NODE_NAME "Bip01 L UpperArm"
		*TM_ROW0 0.194021	0.468937	-0.861658
		*TM_ROW1 -0.234114	0.875103	0.423539
		*TM_ROW2 0.952653	0.11955	0.279572
		*TM_ROW3 8.05586	16.5935	135.267
		*TM_POS 8.05586	16.5935	135.267
		*TM_ROTAXIS -0.154358	-0.921265	-0.356993
		*TM_ROTANGLE 1.39555
		*TM_SCALE 1	1	1
		*TM_SCALEAXIS 0	0	0
		*TM_SCALEAXISANG 0	0	0
	}
}
*HELPEROBJECT {
	*NODE_NAME "Bip01 L Forearm"
	*NODE_PARENT "Bip01 L UpperArm"
	*NODE_TM {
		*NODE_NAME "Bip01 L Forearm"
		*TM_ROW0 0.300491	-0.22968	-0.925717
		*TM_ROW1 -0.0464577	0.965896	-0.254729
		*TM_ROW2 0.952653	0.119551	0.279572
		*TM_ROW3 13.4702	29.6798	111.221
		*TM_POS 13.4702	29.6798	111.221
		*TM_ROTAXIS 0.194528	-0.976264	0.095228
		*TM_ROTANGLE 1.29431
		*TM_SCALE 1	1	1
		*TM_SCALEAXIS 0	0	0
		*TM_SCALEAXISANG 0	0	0
	}
}
*HELPEROBJECT {
	*NODE_NAME "Bip01 L Hand"
	*NODE_PARENT "Bip01 L Forearm"
	*NODE_TM {
		*NODE_NAME "Bip01 L Hand"
		*TM_ROW0 0.212381	-0.431637	-0.876689
		*TM_ROW1 -0.975406	-0.147779	-0.163537
		*TM_ROW2 -0.0589677	0.88986	-0.452407
		*TM_ROW3 21.8288	23.2909	85.4714
		*TM_POS 21.8288	23.2909	85.4714
		*TM_ROTAXIS -0.731455	0.567808	0.377581
		*TM_ROTANGLE 3.94549
		*TM_SCALE 1	1	1
		*TM_SCALEAXIS 0	0	0
		*TM_SCALEAXISANG 0	0	0
	}
}
*HELPEROBJECT {
	*NODE_NAME "Bip01 L Finger0"
	*NODE_PARENT "Bip01 L Hand"
	*NODE_TM {
		*NODE_NAME "Bip01 L Finger0"
		*TM_ROW0 0.21238	-0.431637	-0.876689
		*TM_ROW1 -0.975361	-0.148459	-0.16319
		*TM_ROW2 -0.0597133	0.889747	-0.452531
		*TM_ROW3 24.5621	17.7358	74.1886
		*TM_POS 24.5621	17.7358	74.1886
		*TM_ROTAXIS -0.73153	0.567596	0.377754
		*TM_ROTANGLE 3.94494
		*TM_SCALE 1	1	1
		*TM_SCALEAXIS 0	0	0
		*TM_SCALEAXISANG 0	0	0
	}
}
*HELPEROBJECT {
	*NODE_NAME "zs_LeftHand"
	*NODE_PARENT "Bip01 L Hand"
	*NODE_TM {
		*NODE_NAME "zs_LeftHand"
		*TM_ROW0 0.0188964	0.941057	-0.337719
		*TM_ROW1 0.419914	-0.314014	-0.851509
		*TM_ROW2 -0.907367	-0.125723	-0.401097
		*TM_ROW3 -20.7062	-44.1683	-20.5821
		*TM_POS -20.7062	-44.1683	-20.5821
		*TM_ROTAXIS -0.684931	-0.537582	0.491808
		*TM_ROTANGLE 3.69999
		*TM_SCALE 1	1	1
		*TM_SCALEAXIS 0	0	0
		*TM_SCALEAXISANG 0	0	0
	}
}
*HELPEROBJECT {
	*NODE_NAME "zs_LeftArm"
	*NODE_PARENT "Bip01 L Forearm"
	*NODE_TM {
		*NODE_NAME "zs_LeftArm"
		*TM_ROW0 0.206564	-0.0470196	-0.977303
		*TM_ROW1 -0.0356694	0.997819	-0.0555458
		*TM_ROW2 0.977783	0.0463336	0.204436
		*TM_ROW3 147.588	-194.218	-72.9503
		*TM_POS 147.588	-194.218	-72.9503
		*TM_ROTAXIS 0.0520385	-0.998628	0.00579752
		*TM_ROTANGLE 1.36494
		*TM_SCALE 1	1	1
		*TM_SCALEAXIS 0	0	0
		*TM_SCALEAXISANG 0	0	0
	}
}
*HELPEROBJECT {
	*NODE_NAME "Bip01 R Clavicle"
	*NODE_PARENT "Bip01 Neck"
	*NODE_TM {
		*NODE_NAME "Bip01 R Clavicle"
		*TM_ROW0 -0.923768	-0.376047	0.0723971
		*TM_ROW1 -0.356573	0.913575	0.195541
		*TM_ROW2 -0.139673	0.15482	-0.97802
		*TM_ROW3 -16.5277	2.38796	142.246
		*TM_POS -16.5277	2.38796	142.246
		*TM_ROTAXIS 0.187811	-0.97809	-0.0898171
		*TM_ROTANGLE 3.25022
		*TM_SCALE 1	1	1
		*TM_SCALEAXIS 0	0	0
		*TM_SCALEAXISANG 0	0	0
	}
}
*HELPEROBJECT {
	*NODE_NAME "Bip01 R UpperArm"
	*NODE_PARENT "Bip01 R Clavicle"
	*NODE_TM {
		*NODE_NAME "Bip01 R UpperArm"
		*TM_ROW0 -0.340377	-0.139343	-0.929907
		*TM_ROW1 -0.315909	0.94842	-0.0264842
		*TM_ROW2 0.885633	0.284752	-0.36684
		*TM_ROW3 -28.8379	-2.62324	143.21
		*TM_POS -28.8379	-2.62324	143.21
		*TM_ROTAXIS 0.168193	-0.981125	-0.0954169
		*TM_ROTANGLE 1.95994
		*TM_SCALE 1	1	1
		*TM_SCALEAXIS 0	0	0
		*TM_SCALEAXISANG 0	0	0
	}
}
*HELPEROBJECT {
	*NODE_NAME "Bip01 R Forearm"
	*NODE_PARENT "Bip01 R UpperArm"
	*NODE_TM {
		*NODE_NAME "Bip01 R Forearm"
		*TM_ROW0 0.29253	-0.955596	-0.0355295
		*TM_ROW1 -0.360668	-0.0758456	-0.929605
		*TM_ROW2 0.885632	0.284752	-0.36684
		*TM_ROW3 -38.3365	-6.51179	117.26
		*TM_POS -38.3365	-6.51179	117.26
		*TM_ROTAXIS -0.742182	0.56299	-0.363604
		*TM_ROTANGLE 4.09969
		*TM_SCALE 1	1	1
		*TM_SCALEAXIS 0	0	0
		*TM_SCALEAXISANG 0	0	0
	}
}
*HELPEROBJECT {
	*NODE_NAME "Bip01 R Hand"
	*NODE_PARENT "Bip01 R Forearm"
	*NODE_TM {
		*NODE_NAME "Bip01 R Hand"
		*TM_ROW0 0.290688	-0.955735	-0.045511
		*TM_ROW1 0.316638	0.0512032	0.947163
		*TM_ROW2 -0.902907	-0.28974	0.317506
		*TM_ROW3 -30.1994	-33.093	116.272
		*TM_POS -30.1994	-33.093	116.272
		*TM_ROTAXIS -0.62762	0.435053	0.645618
		*TM_ROTANGLE 1.74193
		*TM_SCALE 1	1	1
		*TM_SCALEAXIS 0	0	0
		*TM_SCALEAXISANG 0	0	0
	}
}
*HELPEROBJECT {
	*NODE_NAME "Bip01 R Finger0"
	*NODE_PARENT "Bip01 R Hand"
	*NODE_TM {
		*NODE_NAME "Bip01 R Finger0"
		*TM_ROW0 0.290695	-0.955733	-0.0455053
		*TM_ROW1 0.31595	0.0509904	0.947405
		*TM_ROW2 -0.903145	-0.289783	0.316787
		*TM_ROW3 -26.4583	-45.3931	115.686
		*TM_POS -26.4583	-45.3931	115.686
		*TM_ROTAXIS -0.627815	0.435212	0.64532
		*TM_ROTANGLE 1.7424
		*TM_SCALE 1	1	1
		*TM_SCALEAXIS 0	0	0
		*TM_SCALEAXISANG 0	0	0
	}
}
*HELPEROBJECT {
	*NODE_NAME "zs_RightHand"
	*NODE_PARENT "Bip01 R Hand"
	*NODE_TM {
		*NODE_NAME "zs_RightHand"
		*TM_ROW0 0.71784	0.290992	-0.632479
		*TM_ROW1 -0.323067	0.943956	0.0676277
		*TM_ROW2 0.616712	0.155788	0.771619
		*TM_ROW3 -108.235	-171.072	249.123
		*TM_POS -108.235	-171.072	249.123
		*TM_ROTAXIS 0.0632086	-0.89564	-0.440266
		*TM_ROTANGLE 0.771727
		*TM_SCALE 1	1	1
		*TM_SCALEAXIS 0	0	0
		*TM_SCALEAXISANG 0	0	0
	}
}
*HELPEROBJECT {
	*NODE_NAME "zs_Crossbow"
	*NODE_PARENT "Bip01 Spine2"
	*NODE_TM {
		*NODE_NAME "zs_Crossbow"
		*TM_ROW0 0.064159	-0.492557	0.867912
		*TM_ROW1 -0.950149	-0.296065	-0.0977844
		*TM_ROW2 0.305123	-0.818372	-0.486998
		*TM_ROW3 23.2252	8.30234	1497.25
		*TM_POS 23.2252	8.30234	1497.25
		*TM_ROTAXIS -0.704778	0.550441	-0.447552
		*TM_ROTANGLE 2.60499
		*TM_SCALE 1	1	1
		*TM_SCALEAXIS 0	0	0
		*TM_SCALEAXISANG 0	0	0
	}
}
*HELPEROBJECT {
	*NODE_NAME "zs_Longsword"
	*NODE_PARENT "Bip01 Spine2"
	*NODE_TM {
		*NODE_NAME "zs_Longsword"
		*TM_ROW0 -0.0485655	-0.511827	0.857715
		*TM_ROW1 -0.958942	-0.216329	-0.183388
		*TM_ROW2 0.279412	-0.831405	-0.480306
		*TM_ROW3 -114.244	-60.3816	1258.09
		*TM_POS -114.244	-60.3816	1258.09
		*TM_ROTAXIS -0.663362	0.591996	-0.457703
		*TM_ROTANGLE 2.6313
		*TM_SCALE 1	1	1
		*TM_SCALEAXIS 0	0	0
		*TM_SCALEAXISANG 0	0	0
	}
}
*HELPEROBJECT {
	*NODE_NAME "zs_Shield"
	*NODE_PARENT "Bip01 Spine2"
	*NODE_TM {
		*NODE_NAME "zs_Shield"
		*TM_ROW0 -0.457179	0.325142	-0.82781
		*TM_ROW1 -0.885778	-0.0828401	0.456656
		*TM_ROW2 0.079902	0.94203	0.325876
		*TM_ROW3 75.5752	445.124	435.551
		*TM_POS 75.5752	445.124	435.551
		*TM_ROTAXIS 0.305402	-0.571142	-0.761923
		*TM_ROTANGLE 2.22317
		*TM_SCALE 1	1	1
		*TM_SCALEAXIS 0	0	0
		*TM_SCALEAXISANG 0	0	0
	}
}
*HELPEROBJECT {
	*NODE_NAME "zs_Bow"
	*NODE_PARENT "Bip01 Spine2"
	*NODE_TM {
		*NODE_NAME "zs_Bow"
		*TM_ROW0 0.118462	-0.45432	0.882927
		*TM_ROW1 -0.300014	0.831254	0.467984
		*TM_ROW2 -0.946551	-0.320329	-0.0378304
		*TM_ROW3 -195.655	465.788	320.27
		*TM_POS -195.655	465.788	320.27
		*TM_ROTAXIS -0.394539	0.915628	0.0772279
		*TM_ROTANGLE 1.61487
		*TM_SCALE 1	1	1
		*TM_SCALEAXIS 0	0	0
		*TM_SCALEAXISANG 0	0	0
	}
}
*HELPEROBJECT {
	*NODE_NAME "zs_Sword"
	*NODE_PARENT "Bip01 Spine"
	*NODE_TM {
		*NODE_NAME "zs_Sword"
		*TM_ROW0 0.46415	-0.575937	0.67295
		*TM_ROW1 -0.391569	0.548058	0.739125
		*TM_ROW2 -0.794505	-0.606571	0.0288623
		*TM_ROW3 193.648	248.234	147.217
		*TM_POS 193.648	248.234	147.217
		*TM_ROTAXIS -0.67299	0.733882	0.0922031
		*TM_ROTANGLE 1.55026
		*TM_SCALE 1	1	1
		*TM_SCALEAXIS 0	0	0
		*TM_SCALEAXISANG 0	0	0
	}
}
*HELPEROBJECT {
	*NODE_NAME "Bip01 L Thigh"
	*NODE_PARENT "Bip01 Pelvis"
	*NODE_TM {
		*NODE_NAME "Bip01 L Thigh"
		*TM_ROW0 0.341807	-0.413595	-0.843864
		*TM_ROW1 0.570069	-0.62262	0.536065
		*TM_ROW2 -0.747121	-0.664291	0.022962
		*TM_ROW3 -15.4313	17.6379	92.7941
		*TM_POS -15.4313	17.6379	92.7941
		*TM_ROTAXIS -0.771968	-0.0622172	0.63261
		*TM_ROTANGLE 2.25097
		*TM_SCALE 1	1	1
		*TM_SCALEAXIS 0	0	0
		*TM_SCALEAXISANG 0	0	0
	}
	*TM_ANIMATION {
		*NODE_NAME "Bip01 L Thigh"
		*CONTROL_POS_TRACK {
			*CONTROL_POS_SAMPLE 192	-15.4313	17.6379	92.7941
			*CONTROL_POS_SAMPLE 384	-18.8398	16.3008	91.4083
			*CONTROL_POS_SAMPLE 576	-20.953	13.4351	90.2923
			*CONTROL_POS_SAMPLE 768	-22.9506	10.6364	89.4103
			*CONTROL_POS_SAMPLE 960	-24.8714	7.86246	88.7266
			*CONTROL_POS_SAMPLE 1152	-26.7548	5.07103	88.2056
			*CONTROL_POS_SAMPLE 1344	-28.6397	2.21995	87.8116
			*CONTROL_POS_SAMPLE 1536	-30.5654	-0.732988	87.5087
			*CONTROL_POS_SAMPLE 1728	-32.5708	-3.83	87.5249
			*CONTROL_POS_SAMPLE 1920	-34.6951	-7.11326	87.9624
			*CONTROL_POS_SAMPLE 2112	-36.9774	-10.625	88.5974
			*CONTROL_POS_SAMPLE 2304	-39.4569	-14.4074	89.206
			*CONTROL_POS_SAMPLE 2496	-42.4205	-19.0115	89.5643
			*CONTROL_POS_SAMPLE 2688	-45.9683	-24.6323	89.5892
			*CONTROL_POS_SAMPLE 2880	-49.8592	-30.778	89.4199
			*CONTROL_POS_SAMPLE 3072	-53.8519	-36.9566	89.1654
			*CONTROL_POS_SAMPLE 3264	-57.7051	-42.6763	88.9349
			*CONTROL_POS_SAMPLE 3456	-61.5906	-47.6841	88.705
			*CONTROL_POS_SAMPLE 3648	-65.3784	-51.6916	88.4717
			*CONTROL_POS_SAMPLE 3840	-68.7848	-54.2514	88.3681
			*CONTROL_POS_SAMPLE 4032	-72.0449	-56.2859	88.396
			*CONTROL_POS_SAMPLE 4224	-75.2435	-59.3046	88.366
			*CONTROL_POS_SAMPLE 4416	-78.4194	-63.6374	88.3885
			*CONTROL_POS_SAMPLE 4608	-81.5643	-68.4664	88.574
			*CONTROL_POS_SAMPLE 4800	-84.6914	-73.5788	89.0328
			*CONTROL_POS_SAMPLE 4992	-87.8141	-78.7621	90.6014
			*CONTROL_POS_SAMPLE 5184	-90.9456	-83.8036	92.7941
		}
		*CONTROL_ROT_TRACK {
			*CONTROL_ROT_SAMPLE 192	-0.771968	-0.0622172	0.63261	2.25097
			*CONTROL_ROT_SAMPLE 384	-0.787419	-0.049893	0.614396	2.22656
			*CONTROL_ROT_SAMPLE 576	-0.806568	-0.0406922	0.589739	2.22473
			*CONTROL_ROT_SAMPLE 768	-0.824591	-0.0345099	0.564675	2.23916
			*CONTROL_ROT_SAMPLE 960	-0.838239	-0.0342162	0.544228	2.26152
			*CONTROL_ROT_SAMPLE 1152	-0.847606	-0.0397191	0.529137	2.28718
			*CONTROL_ROT_SAMPLE 1344	-0.855163	-0.0471613	0.516209	2.31955
			*CONTROL_ROT_SAMPLE 1536	-0.862266	-0.0545567	0.503509	2.35758
			*CONTROL_ROT_SAMPLE 1728	-0.869323	-0.0740312	0.488669	2.43107
			*CONTROL_ROT_SAMPLE 1920	-0.873794	-0.0732086	0.480755	2.46854
			*CONTROL_ROT_SAMPLE 2112	-0.878548	-0.0125184	0.47749	2.39154
			*CONTROL_ROT_SAMPLE 2304	-0.873983	0.0591859	0.482339	2.29063
			*CONTROL_ROT_SAMPLE 2496	-0.857162	0.109597	0.503252	2.22192
			*CONTROL_ROT_SAMPLE 2688	-0.833091	0.137109	0.535873	2.18955
			*CONTROL_ROT_SAMPLE 2880	-0.803923	0.157259	0.573566	2.16794
			*CONTROL_ROT_SAMPLE 3072	-0.77182	0.167518	0.613378	2.15864
			*CONTROL_ROT_SAMPLE 3264	-0.738851	0.165883	0.653132	2.16473
			*CONTROL_ROT_SAMPLE 3456	-0.708824	0.153018	0.688589	2.18844
			*CONTROL_ROT_SAMPLE 3648	0.683162	-0.130516	-0.718509	4.05257
			*CONTROL_ROT_SAMPLE 3840	0.660993	-0.0963165	-0.744185	3.98147
			*CONTROL_ROT_SAMPLE 4032	0.651718	-0.0609344	-0.75601	3.90292
			*CONTROL_ROT_SAMPLE 4224	0.668983	-0.0777389	-0.739201	3.94735
			*CONTROL_ROT_SAMPLE 4416	0.699665	-0.105418	-0.706651	4.01838
			*CONTROL_ROT_SAMPLE 4608	-0.731332	0.11418	0.672396	2.22968
			*CONTROL_ROT_SAMPLE 4800	-0.757495	0.104453	0.64443	2.22372
			*CONTROL_ROT_SAMPLE 4992	-0.778734	0.0658697	0.623886	2.2401
			*CONTROL_ROT_SAMPLE 5184	-0.796079	0.00876446	0.605129	2.27426
		}
	}
}
*HELPEROBJECT {
	*NODE_NAME "Bip01 L Calf"
	*NODE_PARENT "Bip01 L Thigh"
	*NODE_TM {
		*NODE_NAME "Bip01 L Calf"
		*TM_ROW0 -0.0363384	0.00632644	-0.999319
		*TM_ROW1 0.663694	-0.747447	-0.0288659
		*TM_ROW2 -0.747121	-0.664291	0.0229622
		*TM_ROW3 -1.98302	1.36506	59.5924
		*TM_POS -1.98302	1.36506	59.5924
		*TM_ROTAXIS 0.669983	0.265914	-0.693118
		*TM_ROTANGLE 3.63566
		*TM_SCALE 1	1	1
		*TM_SCALEAXIS 0	0	0
		*TM_SCALEAXISANG 0	0	0
	}
	*TM_ANIMATION {
		*NODE_NAME "Bip01 L Calf"
		*CONTROL_POS_TRACK {
			*CONTROL_POS_SAMPLE 192	-1.98302	1.36506	59.5924
			*CONTROL_POS_SAMPLE 384	-3.56078	-0.370343	59.2114
			*CONTROL_POS_SAMPLE 576	-3.72088	-2.90429	58.922
			*CONTROL_POS_SAMPLE 768	-4.00146	-4.98691	58.6717
			*CONTROL_POS_SAMPLE 960	-4.67959	-6.79462	58.305
			*CONTROL_POS_SAMPLE 1152	-5.76257	-8.43581	57.7933
			*CONTROL_POS_SAMPLE 1344	-7.0632	-9.99112	57.2606
			*CONTROL_POS_SAMPLE 1536	-8.45834	-11.5602	56.8156
			*CONTROL_POS_SAMPLE 1728	-10.1225	-11.9186	56.2413
			*CONTROL_POS_SAMPLE 1920	-11.9301	-14.4197	56.7153
			*CONTROL_POS_SAMPLE 2112	-13.177	-22.6822	59.6807
			*CONTROL_POS_SAMPLE 2304	-15.5289	-32.0539	63.4364
			*CONTROL_POS_SAMPLE 2496	-19.8386	-40.6971	65.7355
			*CONTROL_POS_SAMPLE 2688	-25.6436	-48.9081	66.2309
			*CONTROL_POS_SAMPLE 2880	-32.2561	-57.2105	66.1934
			*CONTROL_POS_SAMPLE 3072	-39.2354	-64.9469	65.6938
			*CONTROL_POS_SAMPLE 3264	-46.2253	-71.4938	64.7319
			*CONTROL_POS_SAMPLE 3456	-53.1598	-76.5098	63.2882
			*CONTROL_POS_SAMPLE 3648	-59.8773	-79.686	61.378
			*CONTROL_POS_SAMPLE 3840	-66.3839	-80.229	58.9162
			*CONTROL_POS_SAMPLE 4032	-71.7187	-79.5001	56.6311
			*CONTROL_POS_SAMPLE 4224	-72.6891	-83.7475	57.6408
			*CONTROL_POS_SAMPLE 4416	-72.0053	-89.7675	59.6814
			*CONTROL_POS_SAMPLE 4608	-71.7256	-94.6808	60.9331
			*CONTROL_POS_SAMPLE 4800	-72.3025	-98.7229	61.423
			*CONTROL_POS_SAMPLE 4992	-73.5619	-101.283	61.6585
			*CONTROL_POS_SAMPLE 5184	-75.3327	-102.412	61.843
		}
		*CONTROL_ROT_TRACK {
			*CONTROL_ROT_SAMPLE 192	0.669983	0.265914	-0.693118	3.63566
			*CONTROL_ROT_SAMPLE 384	0.668652	0.286844	-0.686021	3.60843
			*CONTROL_ROT_SAMPLE 576	-0.673856	-0.309443	0.670942	2.7087
			*CONTROL_ROT_SAMPLE 768	-0.68535	-0.32504	0.651647	2.73255
			*CONTROL_ROT_SAMPLE 960	-0.695402	-0.338778	0.633755	2.75351
			*CONTROL_ROT_SAMPLE 1152	-0.701406	-0.353381	0.618992	2.7755
			*CONTROL_ROT_SAMPLE 1344	-0.708085	-0.365531	0.604155	2.7979
			*CONTROL_ROT_SAMPLE 1536	-0.717856	-0.373152	0.587742	2.81755
			*CONTROL_ROT_SAMPLE 1728	-0.743179	-0.365743	0.560284	2.82567
			*CONTROL_ROT_SAMPLE 1920	-0.7573	-0.357043	0.546825	2.8388
			*CONTROL_ROT_SAMPLE 2112	-0.735528	-0.373538	0.565215	2.87398
			*CONTROL_ROT_SAMPLE 2304	-0.707555	-0.38032	0.595586	2.90935
			*CONTROL_ROT_SAMPLE 2496	-0.688242	-0.363921	0.627603	2.93486
			*CONTROL_ROT_SAMPLE 2688	-0.676687	-0.332453	0.65694	2.94858
			*CONTROL_ROT_SAMPLE 2880	0.66569	0.292851	-0.686364	3.33122
			*CONTROL_ROT_SAMPLE 3072	0.654698	0.247567	-0.7142	3.34548
			*CONTROL_ROT_SAMPLE 3264	0.643604	0.198758	-0.7391	3.38289
			*CONTROL_ROT_SAMPLE 3456	0.634407	0.149732	-0.758359	3.44503
			*CONTROL_ROT_SAMPLE 3648	0.628362	0.101636	-0.771253	3.52928
			*CONTROL_ROT_SAMPLE 3840	0.62738	0.0498963	-0.777113	3.63978
			*CONTROL_ROT_SAMPLE 4032	0.635607	0.00967031	-0.771953	3.73714
			*CONTROL_ROT_SAMPLE 4224	0.6439	0.0307876	-0.76449	3.70122
			*CONTROL_ROT_SAMPLE 4416	0.654208	0.0814742	-0.751913	3.61794
			*CONTROL_ROT_SAMPLE 4608	0.666403	0.131525	-0.733899	3.55821
			*CONTROL_ROT_SAMPLE 4800	0.676708	0.17315	-0.715601	3.52762
			*CONTROL_ROT_SAMPLE 4992	0.684409	0.213049	-0.697277	3.52808
			*CONTROL_ROT_SAMPLE 5184	-0.694309	-0.249361	0.675096	2.73358
		}
	}
}
*HELPEROBJECT {
	*NODE_NAME "Bip01 L Foot"
	*NODE_PARENT "Bip01 L Calf"
	*NODE_TM {
		*NODE_NAME "Bip01 L Foot"
		*TM_ROW0 0.0195879	0.00534469	-0.999794
		*TM_ROW1 0.448578	-0.893735	0.00401078
		*TM_ROW2 -0.893529	-0.448564	-0.0199039
		*TM_ROW3 -3.76714	1.67567	10.5281
		*TM_POS -3.76714	1.67567	10.5281
		*TM_ROTAXIS -0.704597	-0.16544	0.690053
		*TM_ROTANGLE 2.81464
		*TM_SCALE 1	1	1
		*TM_SCALEAXIS 0	0	0
		*TM_SCALEAXISANG 0	0	0
	}
	*TM_ANIMATION {
		*NODE_NAME "Bip01 L Foot"
		*CONTROL_POS_TRACK {
			*CONTROL_POS_SAMPLE 192	-3.76714	1.67567	10.5281
			*CONTROL_POS_SAMPLE 384	-5.85098	2.29667	10.2397
			*CONTROL_POS_SAMPLE 576	-5.7574	2.80804	10.2003
			*CONTROL_POS_SAMPLE 768	-4.82841	3.26032	10.2788
			*CONTROL_POS_SAMPLE 960	-4.40612	3.70415	10.3438
			*CONTROL_POS_SAMPLE 1152	-4.89811	4.21758	10.3621
			*CONTROL_POS_SAMPLE 1344	-5.4956	4.68601	10.4343
			*CONTROL_POS_SAMPLE 1536	-5.71583	4.87078	10.6303
			*CONTROL_POS_SAMPLE 1728	-3.89764	5.565	10.7863
			*CONTROL_POS_SAMPLE 1920	-3.7598	3.52141	11.7492
			*CONTROL_POS_SAMPLE 2112	-8.34869	-3.52165	14.7347
			*CONTROL_POS_SAMPLE 2304	-14.8084	-12.7147	18.3137
			*CONTROL_POS_SAMPLE 2496	-21.8732	-22.6894	20.1047
			*CONTROL_POS_SAMPLE 2688	-29.2829	-33.2094	19.8532
			*CONTROL_POS_SAMPLE 2880	-37.349	-44.5913	19.0193
			*CONTROL_POS_SAMPLE 3072	-45.6626	-56.2963	17.7935
			*CONTROL_POS_SAMPLE 3264	-53.8147	-67.7858	16.3663
			*CONTROL_POS_SAMPLE 3456	-61.3963	-78.5209	14.9281
			*CONTROL_POS_SAMPLE 3648	-67.9985	-87.9631	13.6693
			*CONTROL_POS_SAMPLE 3840	-73.2124	-95.5735	12.7805
			*CONTROL_POS_SAMPLE 4032	-76.1081	-100.21	12.3317
			*CONTROL_POS_SAMPLE 4224	-76.6898	-101.875	12.1881
			*CONTROL_POS_SAMPLE 4416	-75.95	-101.753	12.2328
			*CONTROL_POS_SAMPLE 4608	-74.8808	-101.024	12.3492
			*CONTROL_POS_SAMPLE 4800	-74.4747	-100.869	12.4203
			*CONTROL_POS_SAMPLE 4992	-74.7382	-100.398	12.583
			*CONTROL_POS_SAMPLE 5184	-75.0064	-99.261	12.8476
		}
		*CONTROL_ROT_TRACK {
			*CONTROL_ROT_SAMPLE 192	-0.704597	-0.16544	0.690053	2.81464
			*CONTROL_ROT_SAMPLE 384	-0.703692	-0.181853	0.686838	2.78292
			*CONTROL_ROT_SAMPLE 576	-0.703426	-0.186104	0.685972	2.77473
			*CONTROL_ROT_SAMPLE 768	-0.703511	-0.184769	0.686246	2.7773
			*CONTROL_ROT_SAMPLE 960	-0.703531	-0.184455	0.68631	2.77791
			*CONTROL_ROT_SAMPLE 1152	-0.703484	-0.185182	0.686161	2.77651
			*CONTROL_ROT_SAMPLE 1344	-0.703571	-0.183809	0.686442	2.77915
			*CONTROL_ROT_SAMPLE 1536	-0.703671	-0.182197	0.686769	2.78226
			*CONTROL_ROT_SAMPLE 1728	-0.70377	-0.180571	0.687097	2.78539
			*CONTROL_ROT_SAMPLE 1920	-0.70387	-0.178899	0.687432	2.78862
			*CONTROL_ROT_SAMPLE 2112	-0.703931	-0.177863	0.687638	2.79062
			*CONTROL_ROT_SAMPLE 2304	-0.703979	-0.177025	0.687805	2.79223
			*CONTROL_ROT_SAMPLE 2496	-0.704027	-0.176187	0.687971	2.79385
			*CONTROL_ROT_SAMPLE 2688	-0.70408	-0.175259	0.688154	2.79564
			*CONTROL_ROT_SAMPLE 2880	-0.704133	-0.1743	0.688343	2.7975
			*CONTROL_ROT_SAMPLE 3072	-0.704187	-0.173332	0.688532	2.79937
			*CONTROL_ROT_SAMPLE 3264	-0.704239	-0.17238	0.688718	2.80121
			*CONTROL_ROT_SAMPLE 3456	-0.704288	-0.171468	0.688896	2.80297
			*CONTROL_ROT_SAMPLE 3648	-0.704333	-0.17062	0.68906	2.80461
			*CONTROL_ROT_SAMPLE 3840	-0.704373	-0.169858	0.689208	2.80608
			*CONTROL_ROT_SAMPLE 4032	-0.704403	-0.169276	0.68932	2.80721
			*CONTROL_ROT_SAMPLE 4224	-0.704424	-0.168876	0.689397	2.80798
			*CONTROL_ROT_SAMPLE 4416	-0.704441	-0.168548	0.68946	2.80862
			*CONTROL_ROT_SAMPLE 4608	-0.704459	-0.16818	0.68953	2.80933
			*CONTROL_ROT_SAMPLE 4800	-0.704486	-0.167661	0.68963	2.81034
			*CONTROL_ROT_SAMPLE 4992	-0.704536	-0.166671	0.689819	2.81226
			*CONTROL_ROT_SAMPLE 5184	-0.704597	-0.16544	0.690053	2.81464
		}
	}
}
*HELPEROBJECT {
	*NODE_NAME "Bip01 L Toe0"
	*NODE_PARENT "Bip01 L Foot"
	*NODE_TM {
		*NODE_NAME "Bip01 L Toe0"
		*TM_ROW0 0.448584	-0.893732	0.00393959
		*TM_ROW1 -0.0195528	-0.0054069	0.999794
		*TM_ROW2 -0.893527	-0.448569	-0.0199005
		*TM_ROW3 6.63771	-18.4944	-2.00521
		*TM_POS 6.63771	-18.4944	-2.00521
		*TM_ROTAXIS -0.756308	0.46864	0.45648
		*TM_ROTANGLE 1.86331
		*TM_SCALE 1	1	1
		*TM_SCALEAXIS 0	0	0
		*TM_SCALEAXISANG 0	0	0
	}
	*TM_ANIMATION {
		*NODE_NAME "Bip01 L Toe0"
		*CONTROL_POS_TRACK {
			*CONTROL_POS_SAMPLE 192	6.63771	-18.4944	-2.00521
			*CONTROL_POS_SAMPLE 384	5.50348	-17.3716	-2.2667
			*CONTROL_POS_SAMPLE 576	5.83874	-16.7235	-2.29862
			*CONTROL_POS_SAMPLE 768	6.69202	-16.3145	-2.22258
			*CONTROL_POS_SAMPLE 960	7.09647	-15.8808	-2.15813
			*CONTROL_POS_SAMPLE 1152	6.64578	-15.3439	-2.13854
			*CONTROL_POS_SAMPLE 1344	5.97028	-14.9197	-2.06872
			*CONTROL_POS_SAMPLE 1536	5.65824	-14.7866	-1.87556
			*CONTROL_POS_SAMPLE 1728	7.38354	-14.144	-1.72236
			*CONTROL_POS_SAMPLE 1920	7.42564	-16.2403	-0.762267
			*CONTROL_POS_SAMPLE 2112	2.77726	-23.3158	2.22147
			*CONTROL_POS_SAMPLE 2304	-3.73064	-32.5349	5.79907
			*CONTROL_POS_SAMPLE 2496	-10.8436	-42.5357	7.58866
			*CONTROL_POS_SAMPLE 2688	-18.3069	-53.0843	7.33559
			*CONTROL_POS_SAMPLE 2880	-26.4284	-64.4957	6.50012
			*CONTROL_POS_SAMPLE 3072	-34.798	-76.2303	5.27274
			*CONTROL_POS_SAMPLE 3264	-43.0052	-87.7488	3.84397
			*CONTROL_POS_SAMPLE 3456	-50.6397	-98.5116	2.40429
			*CONTROL_POS_SAMPLE 3648	-57.2912	-107.979	1.14417
			*CONTROL_POS_SAMPLE 3840	-62.5495	-115.613	0.254143
			*CONTROL_POS_SAMPLE 4032	-65.4791	-120.266	-0.195611
			*CONTROL_POS_SAMPLE 4224	-66.0841	-121.944	-0.339871
			*CONTROL_POS_SAMPLE 4416	-65.3633	-121.831	-0.295638
			*CONTROL_POS_SAMPLE 4608	-64.3156	-121.113	-0.179851
			*CONTROL_POS_SAMPLE 4800	-63.9399	-120.974	-0.109526
			*CONTROL_POS_SAMPLE 4992	-64.2613	-120.532	0.0515475
			*CONTROL_POS_SAMPLE 5184	-64.6015	-119.431	0.314336
		}
		*CONTROL_ROT_TRACK {
			*CONTROL_ROT_SAMPLE 192	-0.756308	0.46864	0.45648	1.86331
			*CONTROL_ROT_SAMPLE 384	-0.773096	0.455534	0.441374	1.84457
			*CONTROL_ROT_SAMPLE 576	-0.777389	0.452065	0.437384	1.83984
			*CONTROL_ROT_SAMPLE 768	-0.776043	0.453158	0.43864	1.84132
			*CONTROL_ROT_SAMPLE 960	-0.775726	0.453414	0.438935	1.84167
			*CONTROL_ROT_SAMPLE 1152	-0.77646	0.452819	0.438252	1.84086
			*CONTROL_ROT_SAMPLE 1344	-0.775074	0.453942	0.439542	1.84239
			*CONTROL_ROT_SAMPLE 1536	-0.773444	0.455255	0.441052	1.84419
			*CONTROL_ROT_SAMPLE 1728	-0.771797	0.456575	0.442571	1.84601
			*CONTROL_ROT_SAMPLE 1920	-0.770099	0.457927	0.444128	1.84789
			*CONTROL_ROT_SAMPLE 2112	-0.769045	0.458763	0.44509	1.84906
			*CONTROL_ROT_SAMPLE 2304	-0.768193	0.459438	0.445867	1.85001
			*CONTROL_ROT_SAMPLE 2496	-0.767338	0.460111	0.446642	1.85096
			*CONTROL_ROT_SAMPLE 2688	-0.766391	0.460856	0.4475	1.85202
			*CONTROL_ROT_SAMPLE 2880	-0.765411	0.461624	0.448385	1.85311
			*CONTROL_ROT_SAMPLE 3072	-0.764422	0.462397	0.449276	1.85421
			*CONTROL_ROT_SAMPLE 3264	-0.763447	0.463155	0.450151	1.8553
			*CONTROL_ROT_SAMPLE 3456	-0.762512	0.463881	0.450987	1.85635
			*CONTROL_ROT_SAMPLE 3648	-0.761641	0.464555	0.451765	1.85732
			*CONTROL_ROT_SAMPLE 3840	-0.760859	0.465158	0.452461	1.8582
			*CONTROL_ROT_SAMPLE 4032	-0.760261	0.465619	0.452993	1.85887
			*CONTROL_ROT_SAMPLE 4224	-0.75985	0.465935	0.453357	1.85933
			*CONTROL_ROT_SAMPLE 4416	-0.759513	0.466194	0.453656	1.85971
			*CONTROL_ROT_SAMPLE 4608	-0.759134	0.466484	0.453991	1.86013
			*CONTROL_ROT_SAMPLE 4800	-0.7586	0.466893	0.454463	1.86073
			*CONTROL_ROT_SAMPLE 4992	-0.757578	0.467673	0.455364	1.86188
			*CONTROL_ROT_SAMPLE 5184	-0.756308	0.46864	0.45648	1.86331
		}
	}
}
*HELPEROBJECT {
	*NODE_NAME "Bip01 R Thigh"
	*NODE_PARENT "Bip01 Pelvis"
	*NODE_TM {
		*NODE_NAME "Bip01 R Thigh"
		*TM_ROW0 -0.152701	-0.193727	-0.969099
		*TM_ROW1 0.0022233	-0.980664	0.195688
		*TM_ROW2 -0.98827	0.0277272	0.150179
		*TM_ROW3 -29.7372	6.68575	93.1549
		*TM_POS -29.7372	6.68575	93.1549
		*TM_ROTAXIS 0.649012	-0.0740786	-0.757163
		*TM_ROTANGLE 3.27135
		*TM_SCALE 1	1	1
		*TM_SCALEAXIS 0	0	0
		*TM_SCALEAXISANG 0	0	0
	}
	*TM_ANIMATION {
		*NODE_NAME "Bip01 R Thigh"
		*CONTROL_POS_TRACK {
			*CONTROL_POS_SAMPLE 192	-29.7372	6.68575	93.1549
			*CONTROL_POS_SAMPLE 384	-33.1456	5.34866	91.7692
			*CONTROL_POS_SAMPLE 576	-35.2589	2.48299	90.6531
			*CONTROL_POS_SAMPLE 768	-37.2564	-0.315727	89.7712
			*CONTROL_POS_SAMPLE 960	-39.1772	-3.08969	89.0875
			*CONTROL_POS_SAMPLE 1152	-41.0606	-5.88112	88.5665
			*CONTROL_POS_SAMPLE 1344	-42.9456	-8.7322	88.1724
			*CONTROL_POS_SAMPLE 1536	-44.8712	-11.6851	87.8696
			*CONTROL_POS_SAMPLE 1728	-46.8766	-14.7821	87.8857
			*CONTROL_POS_SAMPLE 1920	-49.0009	-18.0654	88.3233
			*CONTROL_POS_SAMPLE 2112	-51.2833	-21.5772	88.9583
			*CONTROL_POS_SAMPLE 2304	-53.7627	-25.3596	89.5669
			*CONTROL_POS_SAMPLE 2496	-56.7263	-29.9637	89.9251
			*CONTROL_POS_SAMPLE 2688	-60.2741	-35.5845	89.9501
			*CONTROL_POS_SAMPLE 2880	-64.165	-41.7301	89.7808
			*CONTROL_POS_SAMPLE 3072	-68.1577	-47.9088	89.5263
			*CONTROL_POS_SAMPLE 3264	-72.0109	-53.6285	89.2958
			*CONTROL_POS_SAMPLE 3456	-75.8964	-58.6363	89.0659
			*CONTROL_POS_SAMPLE 3648	-79.6842	-62.6437	88.8325
			*CONTROL_POS_SAMPLE 3840	-83.0906	-65.2035	88.729
			*CONTROL_POS_SAMPLE 4032	-86.3507	-67.238	88.7568
			*CONTROL_POS_SAMPLE 4224	-89.5493	-70.2567	88.7268
			*CONTROL_POS_SAMPLE 4416	-92.7252	-74.5896	88.7494
			*CONTROL_POS_SAMPLE 4608	-95.8701	-79.4185	88.9349
			*CONTROL_POS_SAMPLE 4800	-98.9972	-84.5309	89.3937
			*CONTROL_POS_SAMPLE 4992	-102.12	-89.7142	90.9622
			*CONTROL_POS_SAMPLE 5184	-105.251	-94.7557	93.1549
		}
		*CONTROL_ROT_TRACK {
			*CONTROL_ROT_SAMPLE 192	0.649012	-0.0740786	-0.757163	3.27135
			*CONTROL_ROT_SAMPLE 384	0.616276	-0.147225	-0.773646	3.26808
			*CONTROL_ROT_SAMPLE 576	0.595361	-0.20068	-0.777993	3.32364
			*CONTROL_ROT_SAMPLE 768	0.583729	-0.248427	-0.77301	3.403
			*CONTROL_ROT_SAMPLE 960	0.571029	-0.290967	-0.767636	3.46283
			*CONTROL_ROT_SAMPLE 1152	0.556546	-0.32867	-0.763042	3.49621
			*CONTROL_ROT_SAMPLE 1344	0.548558	-0.359895	-0.754692	3.51554
			*CONTROL_ROT_SAMPLE 1536	0.548243	-0.380775	-0.744607	3.5099
			*CONTROL_ROT_SAMPLE 1728	0.557126	-0.387007	-0.734736	3.4693
			*CONTROL_ROT_SAMPLE 1920	0.575193	-0.376804	-0.726066	3.39027
			*CONTROL_ROT_SAMPLE 2112	0.582	-0.379733	-0.719082	3.34462
			*CONTROL_ROT_SAMPLE 2304	0.582444	-0.390439	-0.712963	3.3205
			*CONTROL_ROT_SAMPLE 2496	0.582734	-0.399664	-0.707594	3.29356
			*CONTROL_ROT_SAMPLE 2688	0.584004	-0.404919	-0.703548	3.25734
			*CONTROL_ROT_SAMPLE 2880	0.588164	-0.402975	-0.701195	3.20426
			*CONTROL_ROT_SAMPLE 3072	0.595354	-0.393855	-0.700309	3.13455
			*CONTROL_ROT_SAMPLE 3264	0.604535	-0.379731	-0.700244	3.05305
			*CONTROL_ROT_SAMPLE 3456	0.615314	-0.363777	-0.699324	2.96468
			*CONTROL_ROT_SAMPLE 3648	0.625943	-0.349547	-0.697146	2.87576
			*CONTROL_ROT_SAMPLE 3840	0.633802	-0.339732	-0.694894	2.7462
			*CONTROL_ROT_SAMPLE 4032	0.626398	-0.338521	-0.70216	2.66135
			*CONTROL_ROT_SAMPLE 4224	0.598491	-0.337626	-0.72651	2.68201
			*CONTROL_ROT_SAMPLE 4416	0.567025	-0.321721	-0.758273	2.70836
			*CONTROL_ROT_SAMPLE 4608	0.536845	-0.303211	-0.787312	2.73462
			*CONTROL_ROT_SAMPLE 4800	0.511964	-0.295621	-0.806536	2.76241
			*CONTROL_ROT_SAMPLE 4992	0.502641	-0.332549	-0.797975	2.82741
			*CONTROL_ROT_SAMPLE 5184	0.518317	-0.370037	-0.770986	2.84273
		}
	}
}
*HELPEROBJECT {
	*NODE_NAME "Bip01 R Calf"
	*NODE_PARENT "Bip01 R Thigh"
	*NODE_TM {
		*NODE_NAME "Bip01 R Calf"
		*TM_ROW0 -0.124425	0.423996	-0.897076
		*TM_ROW1 -0.0885487	-0.905239	-0.415573
		*TM_ROW2 -0.98827	0.0277272	0.150179
		*TM_ROW3 -35.7452	-0.93639	55.0259
		*TM_POS -35.7452	-0.93639	55.0259
		*TM_ROTAXIS 0.648323	0.13337	-0.749593
		*TM_ROTANGLE 2.79267
		*TM_SCALE 1	1	1
		*TM_SCALEAXIS 0	0	0
		*TM_SCALEAXISANG 0	0	0
	}
	*TM_ANIMATION {
		*NODE_NAME "Bip01 R Calf"
		*CONTROL_POS_TRACK {
			*CONTROL_POS_SAMPLE 192	-35.7452	-0.93639	55.0259
			*CONTROL_POS_SAMPLE 384	-42.4095	-5.60243	55.1321
			*CONTROL_POS_SAMPLE 576	-46.292	-12.3825	55.9357
			*CONTROL_POS_SAMPLE 768	-48.9073	-19.3931	57.3933
			*CONTROL_POS_SAMPLE 960	-51.507	-25.3659	59.0915
			*CONTROL_POS_SAMPLE 1152	-54.342	-30.2518	60.6794
			*CONTROL_POS_SAMPLE 1344	-56.7106	-34.5772	61.8937
			*CONTROL_POS_SAMPLE 1536	-58.7188	-38.1092	62.2175
			*CONTROL_POS_SAMPLE 1728	-60.3531	-40.6018	61.4331
			*CONTROL_POS_SAMPLE 1920	-61.5017	-41.8888	59.6145
			*CONTROL_POS_SAMPLE 2112	-63.4396	-44.4941	59.377
			*CONTROL_POS_SAMPLE 2304	-65.9978	-48.1033	59.8845
			*CONTROL_POS_SAMPLE 2496	-69.0503	-52.3992	60.0457
			*CONTROL_POS_SAMPLE 2688	-72.6076	-57.3272	59.5666
			*CONTROL_POS_SAMPLE 2880	-76.2377	-62.0902	58.3525
			*CONTROL_POS_SAMPLE 3072	-79.6107	-66.1658	56.6093
			*CONTROL_POS_SAMPLE 3264	-82.4998	-69.2208	54.7288
			*CONTROL_POS_SAMPLE 3456	-85.0668	-71.2702	52.9507
			*CONTROL_POS_SAMPLE 3648	-87.3575	-72.3524	51.4845
			*CONTROL_POS_SAMPLE 3840	-89.0092	-70.9628	50.2606
			*CONTROL_POS_SAMPLE 4032	-92.1155	-70.2172	49.9508
			*CONTROL_POS_SAMPLE 4224	-98.088	-72.653	50.3945
			*CONTROL_POS_SAMPLE 4416	-104.304	-75.7569	51.1649
			*CONTROL_POS_SAMPLE 4608	-110.249	-79.443	52.3116
			*CONTROL_POS_SAMPLE 4800	-115.655	-84.271	53.7499
			*CONTROL_POS_SAMPLE 4992	-120.145	-92.8429	56.1293
			*CONTROL_POS_SAMPLE 5184	-122.181	-100.582	58.1196
		}
		*CONTROL_ROT_TRACK {
			*CONTROL_ROT_SAMPLE 192	0.648323	0.13337	-0.749593	2.79267
			*CONTROL_ROT_SAMPLE 384	0.642931	0.109183	-0.758102	2.64768
			*CONTROL_ROT_SAMPLE 576	0.643942	0.110123	-0.757108	2.55798
			*CONTROL_ROT_SAMPLE 768	0.651052	0.111773	-0.750758	2.52053
			*CONTROL_ROT_SAMPLE 960	0.657633	0.0935672	-0.747505	2.52203
			*CONTROL_ROT_SAMPLE 1152	0.662081	0.0517466	-0.747644	2.55997
			*CONTROL_ROT_SAMPLE 1344	0.665866	-0.000831401	-0.746071	2.6353
			*CONTROL_ROT_SAMPLE 1536	0.667532	-0.0597429	-0.742181	2.73232
			*CONTROL_ROT_SAMPLE 1728	0.665798	-0.122482	-0.73601	2.8396
			*CONTROL_ROT_SAMPLE 1920	0.659484	-0.187206	-0.728035	2.94756
			*CONTROL_ROT_SAMPLE 2112	0.666191	-0.198945	-0.718756	2.92928
			*CONTROL_ROT_SAMPLE 2304	0.681292	-0.183952	-0.708521	2.85386
