*3DSMAX_ASCIIEXPORT	110
*COMMENT "This file is part of Gothic Free Aim Copyright (C) 2016-2017  mud-freak (@szapp)"
*COMMENT "<http://github.com/szapp/GothicFreeAim>"
*COMMENT "Animations: first iteration"
*SCENE {
	*SCENE_FILENAME "magIK_FRZ_left.max"
	*SCENE_FIRSTFRAME 1
	*SCENE_LASTFRAME 26
	*SCENE_FRAMESPEED 25
	*SCENE_TICKSPERFRAME 192
	*SCENE_BACKGROUND_STATIC 0	0	0
	*SCENE_AMBIENT_STATIC 0.2	0.2	0.2
}
*HELPEROBJECT {
	*NODE_NAME "Bip01"
	*NODE_TM {
		*NODE_NAME "Bip01"
		*TM_ROW0 0.58117	-0.765955	-0.274872
		*TM_ROW1 0.792223	0.609755	-0.0241177
		*TM_ROW2 0.186077	-0.203743	0.961178
		*TM_ROW3 -20.6701	11.9132	92.5517
		*TM_POS -20.6701	11.9132	92.5517
		*TM_ROTAXIS -0.109874	-0.281956	0.953115
		*TM_ROTANGLE 0.956906
		*TM_SCALE 1	1	1
		*TM_SCALEAXIS 0	0	0
		*TM_SCALEAXISANG 0	0	0
	}
	*TM_ANIMATION {
		*NODE_NAME "Bip01"
		*CONTROL_POS_TRACK {
			*CONTROL_POS_SAMPLE 192	-20.6701	11.9132	92.5517
			*CONTROL_POS_SAMPLE 384	-19.645	13.3472	91.686
			*CONTROL_POS_SAMPLE 576	-17.8741	14.1872	91.7218
			*CONTROL_POS_SAMPLE 768	-15.4947	14.5376	91.9919
			*CONTROL_POS_SAMPLE 960	-12.644	14.5027	91.8291
			*CONTROL_POS_SAMPLE 1152	-9.4593	14.1868	91.1088
			*CONTROL_POS_SAMPLE 1344	-6.0778	13.6944	90.2031
			*CONTROL_POS_SAMPLE 1536	-2.63681	13.1298	89.2039
			*CONTROL_POS_SAMPLE 1728	0.726436	12.5973	88.1971
			*CONTROL_POS_SAMPLE 1920	3.87467	12.2013	87.269
			*CONTROL_POS_SAMPLE 2112	6.67063	12.0461	86.5056
			*CONTROL_POS_SAMPLE 2304	7.6447	11.9132	87.2657
			*CONTROL_POS_SAMPLE 2496	11.6853	11.9014	88.1177
			*CONTROL_POS_SAMPLE 2688	15.936	11.8955	89.0053
			*CONTROL_POS_SAMPLE 2880	20.3257	11.8942	89.8821
			*CONTROL_POS_SAMPLE 3072	24.7836	11.8961	90.715
			*CONTROL_POS_SAMPLE 3264	29.2388	11.8999	91.4451
			*CONTROL_POS_SAMPLE 3456	33.6202	11.9042	91.9719
			*CONTROL_POS_SAMPLE 3648	37.8569	11.9078	92.2987
			*CONTROL_POS_SAMPLE 3840	41.8781	11.9093	92.535
			*CONTROL_POS_SAMPLE 4032	44.1781	11.9111	92.7162
			*CONTROL_POS_SAMPLE 4224	46.5418	11.9132	92.5686
			*CONTROL_POS_SAMPLE 4416	51.414	11.9135	91.8792
			*CONTROL_POS_SAMPLE 4608	57.0351	11.9134	90.988
			*CONTROL_POS_SAMPLE 4800	61.9626	11.9132	90.3487
			*CONTROL_POS_SAMPLE 4992	62.941	11.9132	91.1203
		}
		*CONTROL_ROT_TRACK {
			*CONTROL_ROT_SAMPLE 192	-0.109874	-0.281956	0.953115	0.956906
			*CONTROL_ROT_SAMPLE 384	-0.112086	-0.280779	0.953205	0.957164
			*CONTROL_ROT_SAMPLE 576	-0.114296	-0.2796	0.953289	0.957427
			*CONTROL_ROT_SAMPLE 768	-0.116504	-0.278421	0.953367	0.957695
			*CONTROL_ROT_SAMPLE 960	-0.11871	-0.27724	0.953439	0.957968
			*CONTROL_ROT_SAMPLE 1152	-0.120915	-0.276059	0.953505	0.958247
			*CONTROL_ROT_SAMPLE 1344	-0.118998	-0.277086	0.953448	0.958004
			*CONTROL_ROT_SAMPLE 1536	-0.11708	-0.278113	0.953386	0.957766
			*CONTROL_ROT_SAMPLE 1728	-0.11516	-0.279139	0.95332	0.957531
			*CONTROL_ROT_SAMPLE 1920	-0.11324	-0.280164	0.95325	0.957301
			*CONTROL_ROT_SAMPLE 2112	-0.111317	-0.281188	0.953175	0.957074
			*CONTROL_ROT_SAMPLE 2304	-0.109497	-0.284268	0.952472	0.955757
			*CONTROL_ROT_SAMPLE 2496	-0.10767	-0.287351	0.951754	0.954451
			*CONTROL_ROT_SAMPLE 2688	-0.105838	-0.290438	0.951023	0.953156
			*CONTROL_ROT_SAMPLE 2880	-0.103999	-0.293529	0.950276	0.951871
			*CONTROL_ROT_SAMPLE 3072	-0.107618	-0.289919	0.950981	0.95313
			*CONTROL_ROT_SAMPLE 3264	-0.111225	-0.286309	0.95166	0.954411
			*CONTROL_ROT_SAMPLE 3456	-0.11482	-0.282701	0.952311	0.955713
			*CONTROL_ROT_SAMPLE 3648	-0.118403	-0.279095	0.952936	0.957037
			*CONTROL_ROT_SAMPLE 3840	-0.121973	-0.275491	0.953534	0.958382
			*CONTROL_ROT_SAMPLE 4032	-0.121973	-0.275491	0.953534	0.958382
			*CONTROL_ROT_SAMPLE 4224	-0.121973	-0.275491	0.953534	0.958382
			*CONTROL_ROT_SAMPLE 4416	-0.121973	-0.275491	0.953534	0.958382
			*CONTROL_ROT_SAMPLE 4608	-0.121973	-0.275491	0.953534	0.958382
			*CONTROL_ROT_SAMPLE 4800	-0.121973	-0.275491	0.953534	0.958382
			*CONTROL_ROT_SAMPLE 4992	-0.121973	-0.275491	0.953534	0.958382
		}
	}
}
*HELPEROBJECT {
	*NODE_NAME "Bip01 Footsteps"
	*NODE_PARENT "Bip01"
	*NODE_TM {
		*NODE_NAME "Bip01 Footsteps"
		*TM_ROW0 1	0	0
		*TM_ROW1 0	1	0
		*TM_ROW2 0	0	1
		*TM_ROW3 -20.6701	11.9132	-0.117554
		*TM_POS -20.6701	11.9132	-0.117554
		*TM_ROTAXIS 0	0	0
		*TM_ROTANGLE 0
		*TM_SCALE 1	1	1
		*TM_SCALEAXIS 0	0	0
		*TM_SCALEAXISANG 0	0	0
	}
}
*HELPEROBJECT {
	*NODE_NAME "Bip01 Pelvis"
	*NODE_PARENT "Bip01"
	*NODE_TM {
		*NODE_NAME "Bip01 Pelvis"
		*TM_ROW0 0.18277	-0.206286	0.961271
		*TM_ROW1 0.581171	-0.765954	-0.274872
		*TM_ROW2 0.792992	0.608901	-0.0201059
		*TM_ROW3 -22.5847	12.1592	92.9745
		*TM_POS -22.5847	12.1592	92.9745
		*TM_ROTAXIS -0.739187	-0.140749	-0.658629
		*TM_ROTANGLE 3.78235
		*TM_SCALE 1	1	1
		*TM_SCALEAXIS 0	0	0
		*TM_SCALEAXISANG 0	0	0
	}
	*TM_ANIMATION {
		*NODE_NAME "Bip01 Pelvis"
		*CONTROL_POS_TRACK {
			*CONTROL_POS_SAMPLE 192	-22.5847	12.1592	92.9745
			*CONTROL_POS_SAMPLE 384	-21.5602	13.5939	92.1057
			*CONTROL_POS_SAMPLE 576	-19.7899	14.4346	92.1385
			*CONTROL_POS_SAMPLE 768	-17.4111	14.7856	92.4055
			*CONTROL_POS_SAMPLE 960	-14.561	14.7514	92.2396
			*CONTROL_POS_SAMPLE 1152	-11.3768	14.4362	91.5162
			*CONTROL_POS_SAMPLE 1344	-7.99482	13.9432	90.6132
			*CONTROL_POS_SAMPLE 1536	-4.55332	13.378	89.6166
			*CONTROL_POS_SAMPLE 1728	-1.18957	12.8449	88.6126
			*CONTROL_POS_SAMPLE 1920	1.95917	12.4483	87.6871
			*CONTROL_POS_SAMPLE 2112	4.75564	12.2925	86.9264
			*CONTROL_POS_SAMPLE 2304	5.73038	12.1556	87.6918
			*CONTROL_POS_SAMPLE 2496	9.77168	12.1397	88.5493
			*CONTROL_POS_SAMPLE 2688	14.023	12.1298	89.4422
			*CONTROL_POS_SAMPLE 2880	18.4135	12.1244	90.3244
			*CONTROL_POS_SAMPLE 3072	22.8703	12.1302	91.15
			*CONTROL_POS_SAMPLE 3264	27.3242	12.1378	91.8728
			*CONTROL_POS_SAMPLE 3456	31.7045	12.1461	92.3924
			*CONTROL_POS_SAMPLE 3648	35.9402	12.1536	92.7119
			*CONTROL_POS_SAMPLE 3840	39.9603	12.159	92.9409
			*CONTROL_POS_SAMPLE 4032	42.2604	12.1608	93.1221
			*CONTROL_POS_SAMPLE 4224	44.624	12.1629	92.9745
			*CONTROL_POS_SAMPLE 4416	49.4962	12.1632	92.2851
			*CONTROL_POS_SAMPLE 4608	55.1173	12.1631	91.3939
			*CONTROL_POS_SAMPLE 4800	60.0448	12.1629	90.7546
			*CONTROL_POS_SAMPLE 4992	61.0232	12.1629	91.5262
		}
		*CONTROL_ROT_TRACK {
			*CONTROL_ROT_SAMPLE 192	-0.739187	-0.140749	-0.658629	3.78235
			*CONTROL_ROT_SAMPLE 384	-0.738462	-0.140371	-0.659523	3.78267
			*CONTROL_ROT_SAMPLE 576	-0.737735	-0.139993	-0.660416	3.783
			*CONTROL_ROT_SAMPLE 768	-0.737007	-0.139614	-0.661308	3.78332
			*CONTROL_ROT_SAMPLE 960	-0.736278	-0.139235	-0.6622	3.78365
			*CONTROL_ROT_SAMPLE 1152	-0.735548	-0.138857	-0.66309	3.78397
			*CONTROL_ROT_SAMPLE 1344	-0.736183	-0.139186	-0.662316	3.78369
			*CONTROL_ROT_SAMPLE 1536	-0.736817	-0.139515	-0.661541	3.78341
			*CONTROL_ROT_SAMPLE 1728	-0.73745	-0.139844	-0.660765	3.78313
			*CONTROL_ROT_SAMPLE 1920	-0.738083	-0.140173	-0.659989	3.78284
			*CONTROL_ROT_SAMPLE 2112	-0.738714	-0.140502	-0.659212	3.78256
			*CONTROL_ROT_SAMPLE 2304	-0.739746	-0.140978	-0.657952	3.78418
			*CONTROL_ROT_SAMPLE 2496	-0.740777	-0.141453	-0.656689	3.78579
			*CONTROL_ROT_SAMPLE 2688	-0.741807	-0.141928	-0.655423	3.78741
			*CONTROL_ROT_SAMPLE 2880	-0.742834	-0.142403	-0.654155	3.78902
			*CONTROL_ROT_SAMPLE 3072	-0.741315	-0.141659	-0.656037	3.78805
			*CONTROL_ROT_SAMPLE 3264	-0.739792	-0.140914	-0.657914	3.78707
			*CONTROL_ROT_SAMPLE 3456	-0.738264	-0.140168	-0.659787	3.78609
			*CONTROL_ROT_SAMPLE 3648	-0.736732	-0.139422	-0.661655	3.78511
			*CONTROL_ROT_SAMPLE 3840	-0.735197	-0.138674	-0.663517	3.78413
			*CONTROL_ROT_SAMPLE 4032	-0.735197	-0.138674	-0.663517	3.78413
			*CONTROL_ROT_SAMPLE 4224	-0.735197	-0.138674	-0.663517	3.78413
			*CONTROL_ROT_SAMPLE 4416	-0.735197	-0.138674	-0.663517	3.78413
			*CONTROL_ROT_SAMPLE 4608	-0.735197	-0.138674	-0.663517	3.78413
			*CONTROL_ROT_SAMPLE 4800	-0.735197	-0.138674	-0.663517	3.78413
			*CONTROL_ROT_SAMPLE 4992	-0.735197	-0.138674	-0.663517	3.78413
		}
	}
}
*HELPEROBJECT {
	*NODE_NAME "Bip01 Spine"
	*NODE_PARENT "Bip01 Pelvis"
	*NODE_TM {
		*NODE_NAME "Bip01 Spine"
		*TM_ROW0 0.231402	-0.252662	0.939476
		*TM_ROW1 0.56489	-0.751321	-0.341198
		*TM_ROW2 0.792056	0.609655	-0.0311311
		*TM_ROW3 -22.1897	11.7384	95.3067
		*TM_POS -22.1897	11.7384	95.3067
		*TM_ROTAXIS -0.753071	-0.116756	-0.647497
		*TM_ROTANGLE 3.82484
		*TM_SCALE 1	1	1
		*TM_SCALEAXIS 0	0	0
		*TM_SCALEAXISANG 0	0	0
	}
}
*HELPEROBJECT {
	*NODE_NAME "Bip01 Spine1"
	*NODE_PARENT "Bip01 Spine"
	*NODE_TM {
		*NODE_NAME "Bip01 Spine1"
		*TM_ROW0 0.22975	-0.278201	0.932641
		*TM_ROW1 0.545935	-0.756475	-0.36014
		*TM_ROW2 0.805711	0.591903	-0.0219205
		*TM_ROW3 -19.9213	9.26309	104.543
		*TM_POS -19.9213	9.26309	104.543
		*TM_ROTAXIS -0.752257	-0.100294	-0.651192
		*TM_ROTANGLE 3.82674
		*TM_SCALE 1	1	1
		*TM_SCALEAXIS 0	0	0
		*TM_SCALEAXISANG 0	0	0
	}
}
*HELPEROBJECT {
	*NODE_NAME "Bip01 Spine2"
	*NODE_PARENT "Bip01 Spine1"
	*NODE_TM {
		*NODE_NAME "Bip01 Spine2"
		*TM_ROW0 0.333993	-0.0707614	0.939916
		*TM_ROW1 0.423217	-0.879752	-0.216619
		*TM_ROW2 0.842221	0.470137	-0.263884
		*TM_ROW3 -16.9929	5.72596	116.476
		*TM_POS -16.9929	5.72596	116.476
		*TM_ROTAXIS -0.806447	-0.114721	-0.58007
		*TM_ROTANGLE 3.58143
		*TM_SCALE 1	1	1
		*TM_SCALEAXIS 0	0	0
		*TM_SCALEAXISANG 0	0	0
	}
}
*HELPEROBJECT {
	*NODE_NAME "Bip01 Neck"
	*NODE_PARENT "Bip01 Spine2"
	*NODE_TM {
		*NODE_NAME "Bip01 Neck"
		*TM_ROW0 0.423185	-0.273233	0.863863
		*TM_ROW1 0.334028	-0.839237	-0.429076
		*TM_ROW2 0.842223	0.470132	-0.263885
		*TM_ROW3 -6.98027	3.60882	144.661
		*TM_POS -6.98027	3.60882	144.661
		*TM_ROTAXIS -0.828558	-0.0199389	-0.559548
		*TM_ROTANGLE 3.71516
		*TM_SCALE 1	1	1
		*TM_SCALEAXIS 0	0	0
		*TM_SCALEAXISANG 0	0	0
	}
}
*HELPEROBJECT {
	*NODE_NAME "Bip01 Head"
	*NODE_PARENT "Bip01 Neck"
	*NODE_TM {
		*NODE_NAME "Bip01 Head"
		*TM_ROW0 0.15686	-0.1232	0.979906
		*TM_ROW1 0.321246	-0.931869	-0.168584
		*TM_ROW2 0.933914	0.341235	-0.106596
		*TM_ROW3 -4.08602	1.74011	150.569
		*TM_POS -4.08602	1.74011	150.569
		*TM_ROTAXIS -0.752045	-0.0678439	-0.655611
		*TM_ROTANGLE 3.4874
		*TM_SCALE 1	1	1
		*TM_SCALEAXIS 0	0	0
		*TM_SCALEAXISANG 0	0	0
	}
}
*HELPEROBJECT {
	*NODE_NAME "zs_Helmet"
	*NODE_PARENT "Bip01 Head"
	*NODE_TM {
		*NODE_NAME "zs_Helmet"
		*TM_ROW0 0.933914	0.341236	-0.106596
		*TM_ROW1 -0.332563	0.938663	0.0911829
		*TM_ROW2 0.131172	-0.0497072	0.990113
		*TM_ROW3 63.2837	-100.21	414.448
		*TM_POS 63.2837	-100.21	414.448
		*TM_ROTAXIS -0.193457	-0.32648	-0.925195
		*TM_ROTANGLE 0.372708
		*TM_SCALE 1	1	1
		*TM_SCALEAXIS 0	0	0
		*TM_SCALEAXISANG 0	0	0
	}
}
*HELPEROBJECT {
	*NODE_NAME "Bip01 L Clavicle"
	*NODE_PARENT "Bip01 Neck"
	*NODE_TM {
		*NODE_NAME "Bip01 L Clavicle"
		*TM_ROW0 0.836687	0.506514	-0.208324
		*TM_ROW1 -0.462101	0.857049	0.227881
		*TM_ROW2 0.293969	-0.0943984	0.951142
		*TM_ROW3 -3.10971	9.90275	138.048
		*TM_POS -3.10971	9.90275	138.048
		*TM_ROTAXIS -0.283271	-0.441496	-0.851375
		*TM_ROTANGLE 0.605111
		*TM_SCALE 1	1	1
		*TM_SCALEAXIS 0	0	0
		*TM_SCALEAXISANG 0	0	0
	}
}
*HELPEROBJECT {
	*NODE_NAME "Bip01 L UpperArm"
	*NODE_PARENT "Bip01 L Clavicle"
	*NODE_TM {
		*NODE_NAME "Bip01 L UpperArm"
		*TM_ROW0 0.193527	0.468862	-0.861809
		*TM_ROW1 -0.235467	0.874938	0.423129
		*TM_ROW2 0.95242	0.121041	0.279725
		*TM_ROW3 8.03998	16.6526	135.272
		*TM_POS 8.03998	16.6526	135.272
		*TM_ROTAXIS -0.153387	-0.921182	-0.357626
		*TM_ROTANGLE 1.39581
		*TM_SCALE 1	1	1
		*TM_SCALEAXIS 0	0	0
		*TM_SCALEAXISANG 0	0	0
	}
}
*HELPEROBJECT {
	*NODE_NAME "Bip01 L Forearm"
	*NODE_PARENT "Bip01 L UpperArm"
	*NODE_TM {
		*NODE_NAME "Bip01 L Forearm"
		*TM_ROW0 0.301019	-0.229627	-0.925559
		*TM_ROW1 -0.0477978	0.965723	-0.255136
		*TM_ROW2 0.95242	0.121041	0.279725
		*TM_ROW3 13.4406	29.7367	111.222
		*TM_POS 13.4406	29.7367	111.222
		*TM_ROTAXIS 0.195529	-0.976133	0.0945107
		*TM_ROTANGLE 1.29404
		*TM_SCALE 1	1	1
		*TM_SCALEAXIS 0	0	0
		*TM_SCALEAXISANG 0	0	0
	}
}
*HELPEROBJECT {
	*NODE_NAME "Bip01 L Hand"
	*NODE_PARENT "Bip01 L Forearm"
	*NODE_TM {
		*NODE_NAME "Bip01 L Hand"
		*TM_ROW0 0.21319	-0.43169	-0.876467
		*TM_ROW1 -0.975157	-0.149254	-0.163683
		*TM_ROW2 -0.0601559	0.889588	-0.452785
		*TM_ROW3 21.8138	23.3494	85.4762
		*TM_POS 21.8138	23.3494	85.4762
		*TM_ROTAXIS -0.73188	0.567225	0.377635
		*TM_ROTANGLE 3.94477
		*TM_SCALE 1	1	1
		*TM_SCALEAXIS 0	0	0
		*TM_SCALEAXISANG 0	0	0
	}
}
*HELPEROBJECT {
	*NODE_NAME "Bip01 L Finger0"
	*NODE_PARENT "Bip01 L Hand"
	*NODE_TM {
		*NODE_NAME "Bip01 L Finger0"
		*TM_ROW0 0.213189	-0.43169	-0.876467
		*TM_ROW1 -0.975111	-0.149934	-0.163336
		*TM_ROW2 -0.0609014	0.889474	-0.45291
		*TM_ROW3 24.5575	17.7936	74.1963
		*TM_POS 24.5575	17.7936	74.1963
		*TM_ROTAXIS -0.731955	0.567013	0.377808
		*TM_ROTANGLE 3.94421
		*TM_SCALE 1	1	1
		*TM_SCALEAXIS 0	0	0
		*TM_SCALEAXISANG 0	0	0
	}
}
*HELPEROBJECT {
	*NODE_NAME "zs_LeftHand"
	*NODE_PARENT "Bip01 L Hand"
	*NODE_TM {
		*NODE_NAME "zs_LeftHand"
		*TM_ROW0 -0.115746	0.925468	-0.360711
		*TM_ROW1 0.386125	-0.292666	-0.874788
		*TM_ROW2 -0.915156	-0.240533	-0.323471
		*TM_ROW3 -20.6012	-44.2148	-20.5585
		*TM_POS -20.6012	-44.2148	-20.5585
		*TM_ROTAXIS -0.634071	-0.554284	0.539187
		*TM_ROTANGLE 3.66536
		*TM_SCALE 1	1	1
		*TM_SCALEAXIS 0	0	0
		*TM_SCALEAXISANG 0	0	0
	}
}
*HELPEROBJECT {
	*NODE_NAME "zs_LeftArm"
	*NODE_PARENT "Bip01 L Forearm"
	*NODE_TM {
		*NODE_NAME "zs_LeftArm"
		*TM_ROW0 0.201736	-0.0210273	-0.979214
		*TM_ROW1 -0.0382778	0.998836	-0.0293346
		*TM_ROW2 0.978692	0.0434	0.200696
		*TM_ROW3 147.92	-194.043	-72.8293
		*TM_POS 147.92	-194.043	-72.8293
		*TM_ROTAXIS 0.0371221	-0.999272	-0.00880427
		*TM_ROTANGLE 1.36879
		*TM_SCALE 1	1	1
		*TM_SCALEAXIS 0	0	0
		*TM_SCALEAXISANG 0	0	0
	}
}
*HELPEROBJECT {
	*NODE_NAME "Bip01 R Clavicle"
	*NODE_PARENT "Bip01 Neck"
	*NODE_TM {
		*NODE_NAME "Bip01 R Clavicle"
		*TM_ROW0 -0.923239	-0.377351	0.0723558
		*TM_ROW1 -0.357933	0.91314	0.19509
		*TM_ROW2 -0.139688	0.154216	-0.978113
		*TM_ROW3 -16.5246	2.41438	142.251
		*TM_POS -16.5246	2.41438	142.251
		*TM_ROTAXIS 0.188516	-0.977978	-0.0895568
		*TM_ROTANGLE 3.25022
		*TM_SCALE 1	1	1
		*TM_SCALEAXIS 0	0	0
		*TM_SCALEAXISANG 0	0	0
	}
}
*HELPEROBJECT {
	*NODE_NAME "Bip01 R UpperArm"
	*NODE_PARENT "Bip01 R Clavicle"
	*NODE_TM {
		*NODE_NAME "Bip01 R UpperArm"
		*TM_ROW0 -0.339978	-0.140217	-0.929922
		*TM_ROW1 -0.317272	0.947952	-0.0269414
		*TM_ROW2 0.885298	0.285879	-0.366769
		*TM_ROW3 -28.8277	-2.6142	143.215
		*TM_POS -28.8277	-2.6142	143.215
		*TM_ROTAXIS 0.169049	-0.980952	-0.0956815
		*TM_ROTANGLE 1.95994
		*TM_SCALE 1	1	1
		*TM_SCALEAXIS 0	0	0
		*TM_SCALEAXISANG 0	0	0
	}
}
*HELPEROBJECT {
	*NODE_NAME "Bip01 R Forearm"
	*NODE_PARENT "Bip01 R UpperArm"
	*NODE_TM {
		*NODE_NAME "Bip01 R Forearm"
		*TM_ROW0 0.293916	-0.955187	-0.0350743
		*TM_ROW1 -0.36036	-0.0767483	-0.92965
		*TM_ROW2 0.885299	0.285879	-0.366769
		*TM_ROW3 -38.3152	-6.52712	117.265
		*TM_POS -38.3152	-6.52712	117.265
		*TM_ROTAXIS -0.742722	0.562373	-0.363456
		*TM_ROTANGLE 4.10003
		*TM_SCALE 1	1	1
		*TM_SCALEAXIS 0	0	0
		*TM_SCALEAXISANG 0	0	0
	}
}
*HELPEROBJECT {
	*NODE_NAME "Bip01 R Hand"
	*NODE_PARENT "Bip01 R Forearm"
	*NODE_TM {
		*NODE_NAME "Bip01 R Hand"
		*TM_ROW0 0.292077	-0.955333	-0.0450563
		*TM_ROW1 0.316362	0.0520495	0.947209
		*TM_ROW2 -0.902555	-0.290913	0.317434
		*TM_ROW3 -30.1395	-33.0969	116.289
		*TM_POS -30.1395	-33.0969	116.289
		*TM_ROTAXIS -0.62812	0.435023	0.645152
		*TM_ROTANGLE 1.74083
		*TM_SCALE 1	1	1
		*TM_SCALEAXIS 0	0	0
		*TM_SCALEAXISANG 0	0	0
	}
}
*HELPEROBJECT {
	*NODE_NAME "Bip01 R Finger0"
	*NODE_PARENT "Bip01 R Hand"
	*NODE_TM {
		*NODE_NAME "Bip01 R Finger0"
		*TM_ROW0 0.292084	-0.955331	-0.0450505
		*TM_ROW1 0.315675	0.051836	0.94745
		*TM_ROW2 -0.902794	-0.290957	0.316714
		*TM_ROW3 -26.3805	-45.3919	115.709
		*TM_POS -26.3805	-45.3919	115.709
		*TM_ROTAXIS -0.628315	0.435182	0.644854
		*TM_ROTANGLE 1.7413
		*TM_SCALE 1	1	1
		*TM_SCALEAXIS 0	0	0
		*TM_SCALEAXISANG 0	0	0
	}
}
*HELPEROBJECT {
	*NODE_NAME "zs_RightHand"
	*NODE_PARENT "Bip01 R Hand"
	*NODE_TM {
		*NODE_NAME "zs_RightHand"
		*TM_ROW0 0.790294	0.259619	-0.555008
		*TM_ROW1 -0.240121	0.964571	0.109287
		*TM_ROW2 0.563718	0.0468999	0.824635
		*TM_ROW3 -108.004	-171.134	249.18
		*TM_POS -108.004	-171.134	249.18
		*TM_ROTAXIS -0.0508514	-0.911863	-0.407334
		*TM_ROTANGLE 0.660395
		*TM_SCALE 1	1	1
		*TM_SCALEAXIS 0	0	0
		*TM_SCALEAXISANG 0	0	0
	}
}
*HELPEROBJECT {
	*NODE_NAME "zs_Crossbow"
	*NODE_PARENT "Bip01 Spine2"
	*NODE_TM {
		*NODE_NAME "zs_Crossbow"
		*TM_ROW0 0.0726537	-0.488975	0.869267
		*TM_ROW1 -0.948427	-0.303514	-0.0914611
		*TM_ROW2 0.308557	-0.817791	-0.485808
		*TM_ROW3 22.9317	8.94307	1497.26
		*TM_POS 22.9317	8.94307	1497.26
		*TM_ROTAXIS -0.707799	0.546404	-0.44773
		*TM_ROTANGLE 2.60281
		*TM_SCALE 1	1	1
		*TM_SCALEAXIS 0	0	0
		*TM_SCALEAXISANG 0	0	0
	}
}
*HELPEROBJECT {
	*NODE_NAME "zs_Longsword"
	*NODE_PARENT "Bip01 Spine2"
	*NODE_TM {
		*NODE_NAME "zs_Longsword"
		*TM_ROW0 -0.0507815	-0.511576	0.857736
		*TM_ROW1 -0.958381	-0.216633	-0.185946
		*TM_ROW2 0.28094	-0.831481	-0.479284
		*TM_ROW3 -114.388	-60.0375	1258.1
		*TM_POS -114.388	-60.0375	1258.1
		*TM_ROTAXIS -0.662638	0.592079	-0.458643
		*TM_ROTANGLE 2.63283
		*TM_SCALE 1	1	1
		*TM_SCALEAXIS 0	0	0
		*TM_SCALEAXISANG 0	0	0
	}
}
*HELPEROBJECT {
	*NODE_NAME "zs_Shield"
	*NODE_PARENT "Bip01 Spine2"
	*NODE_TM {
		*NODE_NAME "zs_Shield"
		*TM_ROW0 -0.454479	0.327202	-0.828485
		*TM_ROW1 -0.887235	-0.0836532	0.453669
		*TM_ROW2 0.0791362	0.941244	0.328324
		*TM_ROW3 74.8768	445.403	435.393
		*TM_POS 74.8768	445.403	435.393
		*TM_ROTAXIS 0.306151	-0.5699	-0.762552
		*TM_ROTANGLE 2.22044
		*TM_SCALE 1	1	1
		*TM_SCALEAXIS 0	0	0
		*TM_SCALEAXISANG 0	0	0
	}
}
*HELPEROBJECT {
	*NODE_NAME "zs_Bow"
	*NODE_PARENT "Bip01 Spine2"
	*NODE_TM {
		*NODE_NAME "zs_Bow"
		*TM_ROW0 0.125683	-0.449316	0.884488
		*TM_ROW1 -0.299924	0.832629	0.465591
		*TM_ROW2 -0.945648	-0.323796	-0.0301131
		*TM_ROW3 -196.359	465.628	320.047
		*TM_POS -196.359	465.628	320.047
		*TM_ROTAXIS -0.394948	0.915658	0.0747444
		*TM_ROTANGLE 1.6067
		*TM_SCALE 1	1	1
		*TM_SCALEAXIS 0	0	0
		*TM_SCALEAXISANG 0	0	0
	}
}
*HELPEROBJECT {
	*NODE_NAME "zs_Sword"
	*NODE_PARENT "Bip01 Spine"
	*NODE_TM {
		*NODE_NAME "zs_Sword"
		*TM_ROW0 0.433679	-0.538976	0.7221
		*TM_ROW1 -0.428057	0.581949	0.69145
		*TM_ROW2 -0.7929	-0.608967	0.0216669
		*TM_ROW3 193.295	248.565	147.166
		*TM_POS 193.295	248.565	147.166
		*TM_ROTAXIS -0.650321	0.757632	0.0554691
		*TM_ROTANGLE 1.55215
		*TM_SCALE 1	1	1
		*TM_SCALEAXIS 0	0	0
		*TM_SCALEAXISANG 0	0	0
	}
}
*HELPEROBJECT {
	*NODE_NAME "Bip01 L Thigh"
	*NODE_PARENT "Bip01 Pelvis"
	*NODE_TM {
		*NODE_NAME "Bip01 L Thigh"
		*TM_ROW0 0.342169	-0.413329	-0.843848
		*TM_ROW1 0.570992	-0.621762	0.536078
		*TM_ROW2 -0.746249	-0.66526	0.0232602
		*TM_ROW3 -15.4397	17.6456	92.7933
		*TM_POS -15.4397	17.6456	92.7933
		*TM_ROTAXIS -0.77199	-0.0627176	0.632533
		*TM_ROTANGLE 2.24999
		*TM_SCALE 1	1	1
		*TM_SCALEAXIS 0	0	0
		*TM_SCALEAXISANG 0	0	0
	}
	*TM_ANIMATION {
		*NODE_NAME "Bip01 L Thigh"
		*CONTROL_POS_TRACK {
			*CONTROL_POS_SAMPLE 192	-15.4397	17.6456	92.7933
			*CONTROL_POS_SAMPLE 384	-14.4114	19.0759	91.9447
			*CONTROL_POS_SAMPLE 576	-12.6373	19.9122	91.9975
			*CONTROL_POS_SAMPLE 768	-10.2548	20.2588	92.2847
			*CONTROL_POS_SAMPLE 960	-7.40093	20.2202	92.1389
			*CONTROL_POS_SAMPLE 1152	-4.21312	19.9006	91.4357
			*CONTROL_POS_SAMPLE 1344	-0.83431	19.4114	90.5152
			*CONTROL_POS_SAMPLE 1536	2.60398	18.8501	89.5011
			*CONTROL_POS_SAMPLE 1728	5.9645	18.3208	88.4795
			*CONTROL_POS_SAMPLE 1920	9.10998	17.928	87.5366
			*CONTROL_POS_SAMPLE 2112	11.9032	17.776	86.7583
			*CONTROL_POS_SAMPLE 2304	12.8654	17.6547	87.5018
			*CONTROL_POS_SAMPLE 2496	16.894	17.6544	88.3373
			*CONTROL_POS_SAMPLE 2688	21.1327	17.66	89.2082
			*CONTROL_POS_SAMPLE 2880	25.5103	17.6701	90.0686
			*CONTROL_POS_SAMPLE 3072	29.9811	17.6593	90.9311
			*CONTROL_POS_SAMPLE 3264	34.449	17.6504	91.6909
			*CONTROL_POS_SAMPLE 3456	38.843	17.642	92.2474
			*CONTROL_POS_SAMPLE 3648	43.0923	17.6327	92.604
			*CONTROL_POS_SAMPLE 3840	47.1257	17.6212	92.87
			*CONTROL_POS_SAMPLE 4032	49.4258	17.623	93.0512
			*CONTROL_POS_SAMPLE 4224	51.7894	17.6251	92.9036
			*CONTROL_POS_SAMPLE 4416	56.6617	17.6254	92.2142
			*CONTROL_POS_SAMPLE 4608	62.2828	17.6253	91.323
			*CONTROL_POS_SAMPLE 4800	67.2102	17.6251	90.6838
			*CONTROL_POS_SAMPLE 4992	68.1886	17.6251	91.4554
		}
		*CONTROL_ROT_TRACK {
			*CONTROL_ROT_SAMPLE 192	-0.77199	-0.0627176	0.632533	2.24999
			*CONTROL_ROT_SAMPLE 384	-0.7929	-0.0147269	0.609174	2.17164
			*CONTROL_ROT_SAMPLE 576	-0.818756	0.0287285	0.573422	2.12943
			*CONTROL_ROT_SAMPLE 768	-0.835838	0.0457436	0.547067	2.12717
			*CONTROL_ROT_SAMPLE 960	-0.845165	0.0440889	0.532684	2.14275
			*CONTROL_ROT_SAMPLE 1152	-0.854437	0.0427811	0.517791	2.1602
			*CONTROL_ROT_SAMPLE 1344	-0.862668	0.0375052	0.504378	2.18164
			*CONTROL_ROT_SAMPLE 1536	-0.869429	0.0284522	0.493238	2.20961
			*CONTROL_ROT_SAMPLE 1728	-0.874467	0.0147542	0.48486	2.24411
			*CONTROL_ROT_SAMPLE 1920	-0.877165	-0.00598902	0.480152	2.28635
			*CONTROL_ROT_SAMPLE 2112	-0.875045	-0.0426547	0.482159	2.34446
			*CONTROL_ROT_SAMPLE 2304	-0.867677	-0.0617346	0.49328	2.3596
			*CONTROL_ROT_SAMPLE 2496	-0.867557	-0.0285242	0.49652	2.29931
			*CONTROL_ROT_SAMPLE 2688	-0.86128	-0.0139651	0.507939	2.25752
			*CONTROL_ROT_SAMPLE 2880	-0.851755	-0.00900892	0.523864	2.22504
			*CONTROL_ROT_SAMPLE 3072	-0.839456	-0.00970435	0.54334	2.20615
			*CONTROL_ROT_SAMPLE 3264	-0.82553	-0.0149102	0.564161	2.19384
			*CONTROL_ROT_SAMPLE 3456	-0.811169	-0.0217535	0.584407	2.18569
			*CONTROL_ROT_SAMPLE 3648	-0.797246	-0.0289314	0.602961	2.18084
			*CONTROL_ROT_SAMPLE 3840	-0.784302	-0.0364978	0.619305	2.18012
			*CONTROL_ROT_SAMPLE 4032	-0.77866	-0.0431	0.625964	2.18016
			*CONTROL_ROT_SAMPLE 4224	-0.776735	-0.0433175	0.628337	2.17271
			*CONTROL_ROT_SAMPLE 4416	-0.777481	-0.0315679	0.628113	2.14973
			*CONTROL_ROT_SAMPLE 4608	-0.786838	-0.0103215	0.617073	2.1202
			*CONTROL_ROT_SAMPLE 4800	-0.801123	0.0110286	0.598398	2.09779
			*CONTROL_ROT_SAMPLE 4992	-0.819443	0.0128206	0.573017	2.11178
		}
	}
}
*HELPEROBJECT {
	*NODE_NAME "Bip01 L Calf"
	*NODE_PARENT "Bip01 L Thigh"
	*NODE_TM {
		*NODE_NAME "Bip01 L Calf"
		*TM_ROW0 -0.036459	0.00595743	-0.999317
		*TM_ROW1 0.664667	-0.746588	-0.0287004
		*TM_ROW2 -0.746249	-0.66526	0.0232602
		*TM_ROW3 -1.97709	1.38318	59.5923
		*TM_POS -1.97709	1.38318	59.5923
		*TM_ROTAXIS 0.669821	0.266292	-0.693129
		*TM_ROTANGLE 3.63675
		*TM_SCALE 1	1	1
		*TM_SCALEAXIS 0	0	0
		*TM_SCALEAXISANG 0	0	0
	}
	*TM_ANIMATION {
		*NODE_NAME "Bip01 L Calf"
		*CONTROL_POS_TRACK {
			*CONTROL_POS_SAMPLE 192	-1.97709	1.38318	59.5923
			*CONTROL_POS_SAMPLE 384	2.06517	0.0249612	61.7188
			*CONTROL_POS_SAMPLE 576	6.8638	-0.635279	64.6932
			*CONTROL_POS_SAMPLE 768	10.9705	-0.317852	66.3211
			*CONTROL_POS_SAMPLE 960	14.619	0.337759	66.2965
			*CONTROL_POS_SAMPLE 1152	18.6074	0.727892	65.7521
			*CONTROL_POS_SAMPLE 1344	22.6733	1.15226	64.7856
			*CONTROL_POS_SAMPLE 1536	26.6188	1.71701	63.4672
			*CONTROL_POS_SAMPLE 1728	30.278	2.5832	61.8488
			*CONTROL_POS_SAMPLE 1920	33.431	4.01226	59.9167
			*CONTROL_POS_SAMPLE 2112	35.5882	6.70007	57.3584
			*CONTROL_POS_SAMPLE 2304	35.5877	7.58085	57.0021
			*CONTROL_POS_SAMPLE 2496	40.0281	4.69952	59.2683
			*CONTROL_POS_SAMPLE 2688	43.8781	2.97844	60.658
			*CONTROL_POS_SAMPLE 2880	47.4816	1.80043	61.5478
			*CONTROL_POS_SAMPLE 3072	50.8114	0.964062	62.0281
			*CONTROL_POS_SAMPLE 3264	53.9504	0.391036	62.1981
			*CONTROL_POS_SAMPLE 3456	56.9693	-0.0451145	62.1373
			*CONTROL_POS_SAMPLE 3648	59.886	-0.38412	61.922
			*CONTROL_POS_SAMPLE 3840	62.6615	-0.589214	61.6445
			*CONTROL_POS_SAMPLE 4032	64.4156	-0.496428	61.5075
			*CONTROL_POS_SAMPLE 4224	66.6895	-0.678528	61.4238
			*CONTROL_POS_SAMPLE 4416	71.9304	-1.56653	61.4482
			*CONTROL_POS_SAMPLE 4608	78.8164	-2.59408	61.898
			*CONTROL_POS_SAMPLE 4800	85.3736	-3.24691	62.7112
			*CONTROL_POS_SAMPLE 4992	87.9519	-2.32692	63.8991
		}
		*CONTROL_ROT_TRACK {
			*CONTROL_ROT_SAMPLE 192	0.669821	0.266292	-0.693129	3.63675
			*CONTROL_ROT_SAMPLE 384	0.664988	0.279858	-0.692438	3.61229
			*CONTROL_ROT_SAMPLE 576	-0.68226	-0.279544	0.675556	2.66607
			*CONTROL_ROT_SAMPLE 768	-0.705044	-0.270735	0.655451	2.64097
			*CONTROL_ROT_SAMPLE 960	-0.72399	-0.260688	0.638655	2.6147
			*CONTROL_ROT_SAMPLE 1152	-0.742238	-0.25154	0.621136	2.59448
			*CONTROL_ROT_SAMPLE 1344	-0.760355	-0.241477	0.60295	2.57442
			*CONTROL_ROT_SAMPLE 1536	-0.778962	-0.228485	0.583963	2.55526
			*CONTROL_ROT_SAMPLE 1728	-0.798213	-0.211186	0.564143	2.53509
			*CONTROL_ROT_SAMPLE 1920	-0.818543	-0.187189	0.543091	2.51036
			*CONTROL_ROT_SAMPLE 2112	-0.841886	-0.149081	0.518654	2.4713
			*CONTROL_ROT_SAMPLE 2304	-0.841868	-0.141931	0.520685	2.45701
			*CONTROL_ROT_SAMPLE 2496	-0.814172	-0.184783	0.550436	2.49919
			*CONTROL_ROT_SAMPLE 2688	-0.787799	-0.214527	0.577366	2.52993
			*CONTROL_ROT_SAMPLE 2880	-0.761444	-0.237982	0.602966	2.55683
			*CONTROL_ROT_SAMPLE 3072	-0.736454	-0.254782	0.626674	2.58546
			*CONTROL_ROT_SAMPLE 3264	-0.712634	-0.267739	0.648436	2.61145
			*CONTROL_ROT_SAMPLE 3456	-0.690338	-0.277991	0.667948	2.6357
			*CONTROL_ROT_SAMPLE 3648	0.670272	0.285891	-0.684838	3.62539
			*CONTROL_ROT_SAMPLE 3840	0.653526	0.291199	-0.698646	3.6073
			*CONTROL_ROT_SAMPLE 4032	0.647122	0.293427	-0.703657	3.60603
			*CONTROL_ROT_SAMPLE 4224	0.641526	0.297109	-0.707227	3.60085
			*CONTROL_ROT_SAMPLE 4416	0.631056	0.305174	-0.713188	3.57765
			*CONTROL_ROT_SAMPLE 4608	0.628374	0.312366	-0.712442	3.55905
			*CONTROL_ROT_SAMPLE 4800	0.635648	0.315829	-0.704417	3.55692
			*CONTROL_ROT_SAMPLE 4992	0.666169	0.305404	-0.680402	3.60468
		}
	}
}
*HELPEROBJECT {
	*NODE_NAME "Bip01 L Foot"
	*NODE_PARENT "Bip01 L Calf"
	*NODE_TM {
		*NODE_NAME "Bip01 L Foot"
		*TM_ROW0 0.0195879	0.00534481	-0.999794
		*TM_ROW1 0.448578	-0.893735	0.00401068
		*TM_ROW2 -0.893529	-0.448564	-0.0199039
		*TM_ROW3 -3.76714	1.67568	10.5281
		*TM_POS -3.76714	1.67568	10.5281
		*TM_ROTAXIS -0.704597	-0.16544	0.690053
		*TM_ROTANGLE 2.81464
		*TM_SCALE 1	1	1
		*TM_SCALEAXIS 0	0	0
		*TM_SCALEAXISANG 0	0	0
	}
	*TM_ANIMATION {
		*NODE_NAME "Bip01 L Foot"
		*CONTROL_POS_TRACK {
			*CONTROL_POS_SAMPLE 192	-3.76714	1.67568	10.5281
			*CONTROL_POS_SAMPLE 384	-0.631424	1.88775	12.7306
			*CONTROL_POS_SAMPLE 576	6.38563	1.86917	15.6618
			*CONTROL_POS_SAMPLE 768	13.7145	1.8295	17.3473
			*CONTROL_POS_SAMPLE 960	20.1601	1.84636	17.5359
			*CONTROL_POS_SAMPLE 1152	26.8258	1.85816	17.3603
			*CONTROL_POS_SAMPLE 1344	33.5894	1.86581	16.9222
			*CONTROL_POS_SAMPLE 1536	40.3289	1.87017	16.3228
			*CONTROL_POS_SAMPLE 1728	46.9223	1.87208	15.6639
			*CONTROL_POS_SAMPLE 1920	53.2475	1.87247	15.0468
			*CONTROL_POS_SAMPLE 2112	59.1824	1.87215	14.573
			*CONTROL_POS_SAMPLE 2304	59.3072	1.82657	14.401
			*CONTROL_POS_SAMPLE 2496	59.3212	1.80886	14.2128
			*CONTROL_POS_SAMPLE 2688	59.1002	1.79151	13.9947
			*CONTROL_POS_SAMPLE 2880	58.7452	1.77454	13.7596
			*CONTROL_POS_SAMPLE 3072	58.3574	1.75814	13.5202
			*CONTROL_POS_SAMPLE 3264	58.0378	1.74234	13.2895
			*CONTROL_POS_SAMPLE 3456	57.8873	1.72723	13.0802
			*CONTROL_POS_SAMPLE 3648	58.0071	1.71293	12.9051
			*CONTROL_POS_SAMPLE 3840	58.4982	1.69954	12.7772
			*CONTROL_POS_SAMPLE 4032	59.4617	1.68713	12.7092
			*CONTROL_POS_SAMPLE 4224	60.9985	1.6758	12.7139
			*CONTROL_POS_SAMPLE 4416	64.702	1.66974	12.9935
			*CONTROL_POS_SAMPLE 4608	71.043	1.67044	13.6075
			*CONTROL_POS_SAMPLE 4800	78.4392	1.6738	14.3554
			*CONTROL_POS_SAMPLE 4992	85.3078	1.67584	15.0364
		}
		*CONTROL_ROT_TRACK {
			*CONTROL_ROT_SAMPLE 192	-0.704597	-0.16544	0.690053	2.81464
			*CONTROL_ROT_SAMPLE 384	-0.703732	-0.181198	0.68697	2.78418
			*CONTROL_ROT_SAMPLE 576	-0.703795	-0.180165	0.687178	2.78617
			*CONTROL_ROT_SAMPLE 768	-0.704002	-0.176629	0.687883	2.793
			*CONTROL_ROT_SAMPLE 960	-0.704029	-0.176151	0.687978	2.79392
			*CONTROL_ROT_SAMPLE 1152	-0.704099	-0.174913	0.688222	2.79631
			*CONTROL_ROT_SAMPLE 1344	-0.704197	-0.17314	0.68857	2.79974
			*CONTROL_ROT_SAMPLE 1536	-0.70431	-0.171059	0.688975	2.80376
			*CONTROL_ROT_SAMPLE 1728	-0.704423	-0.168895	0.689393	2.80795
			*CONTROL_ROT_SAMPLE 1920	-0.704526	-0.166872	0.689781	2.81187
			*CONTROL_ROT_SAMPLE 2112	-0.704608	-0.165216	0.690096	2.81507
			*CONTROL_ROT_SAMPLE 2304	-0.704597	-0.16544	0.690053	2.81464
			*CONTROL_ROT_SAMPLE 2496	-0.704596	-0.165456	0.69005	2.81461
			*CONTROL_ROT_SAMPLE 2688	-0.704595	-0.165466	0.690048	2.81459
			*CONTROL_ROT_SAMPLE 2880	-0.704595	-0.16547	0.690047	2.81458
			*CONTROL_ROT_SAMPLE 3072	-0.704595	-0.165469	0.690048	2.81458
			*CONTROL_ROT_SAMPLE 3264	-0.704595	-0.165465	0.690048	2.81459
			*CONTROL_ROT_SAMPLE 3456	-0.704596	-0.165459	0.690049	2.8146
			*CONTROL_ROT_SAMPLE 3648	-0.704596	-0.165453	0.690051	2.81462
			*CONTROL_ROT_SAMPLE 3840	-0.704596	-0.165446	0.690052	2.81463
			*CONTROL_ROT_SAMPLE 4032	-0.704597	-0.165442	0.690053	2.81464
			*CONTROL_ROT_SAMPLE 4224	-0.704597	-0.16544	0.690053	2.81464
			*CONTROL_ROT_SAMPLE 4416	-0.704597	-0.16544	0.690053	2.81464
			*CONTROL_ROT_SAMPLE 4608	-0.704597	-0.16544	0.690053	2.81464
			*CONTROL_ROT_SAMPLE 4800	-0.704597	-0.16544	0.690053	2.81464
			*CONTROL_ROT_SAMPLE 4992	-0.704597	-0.16544	0.690053	2.81464
		}
	}
}
*HELPEROBJECT {
	*NODE_NAME "Bip01 L Toe0"
	*NODE_PARENT "Bip01 L Foot"
	*NODE_TM {
		*NODE_NAME "Bip01 L Toe0"
		*TM_ROW0 0.448584	-0.893732	0.00393946
		*TM_ROW1 -0.0195528	-0.00540702	0.999794
		*TM_ROW2 -0.893527	-0.448569	-0.0199005
		*TM_ROW3 6.63771	-18.4944	-2.00519
		*TM_POS 6.63771	-18.4944	-2.00519
		*TM_ROTAXIS -0.756308	0.46864	0.45648
		*TM_ROTANGLE 1.86331
		*TM_SCALE 1	1	1
		*TM_SCALEAXIS 0	0	0
		*TM_SCALEAXISANG 0	0	0
	}
	*TM_ANIMATION {
		*NODE_NAME "Bip01 L Toe0"
		*CONTROL_POS_TRACK {
			*CONTROL_POS_SAMPLE 192	6.63771	-18.4944	-2.00519
			*CONTROL_POS_SAMPLE 384	10.6856	-17.8014	0.223081
			*CONTROL_POS_SAMPLE 576	17.6436	-17.8527	3.15249
			*CONTROL_POS_SAMPLE 768	24.7695	-18.0031	4.83195
			*CONTROL_POS_SAMPLE 960	31.1876	-18.001	5.01973
			*CONTROL_POS_SAMPLE 1152	37.7818	-18.0274	4.84215
			*CONTROL_POS_SAMPLE 1344	44.4429	-18.0741	4.40109
			*CONTROL_POS_SAMPLE 1536	51.0617	-18.1329	3.79838
			*CONTROL_POS_SAMPLE 1728	57.5291	-18.1959	3.13599
			*CONTROL_POS_SAMPLE 1920	63.7362	-18.2555	2.51569
			*CONTROL_POS_SAMPLE 2112	69.5741	-18.3045	2.03935
			*CONTROL_POS_SAMPLE 2304	69.7121	-18.3435	1.86773
			*CONTROL_POS_SAMPLE 2496	69.727	-18.3607	1.67952
			*CONTROL_POS_SAMPLE 2688	69.5065	-18.3778	1.46147
			*CONTROL_POS_SAMPLE 2880	69.1518	-18.3947	1.22632
			*CONTROL_POS_SAMPLE 3072	68.764	-18.4111	0.986969
			*CONTROL_POS_SAMPLE 3264	68.4441	-18.427	0.756225
			*CONTROL_POS_SAMPLE 3456	68.2933	-18.4423	0.546881
			*CONTROL_POS_SAMPLE 3648	68.4127	-18.4568	0.371851
			*CONTROL_POS_SAMPLE 3840	68.9035	-18.4704	0.243899
			*CONTROL_POS_SAMPLE 4032	69.8666	-18.4829	0.175861
			*CONTROL_POS_SAMPLE 4224	71.4033	-18.4943	0.180591
			*CONTROL_POS_SAMPLE 4416	75.1068	-18.5003	0.460145
			*CONTROL_POS_SAMPLE 4608	81.4479	-18.4996	1.07422
			*CONTROL_POS_SAMPLE 4800	88.844	-18.4963	1.82209
			*CONTROL_POS_SAMPLE 4992	95.7126	-18.4942	2.50306
		}
		*CONTROL_ROT_TRACK {
			*CONTROL_ROT_SAMPLE 192	-0.756308	0.46864	0.45648	1.86331
			*CONTROL_ROT_SAMPLE 384	-0.772432	0.456067	0.441986	1.84531
			*CONTROL_ROT_SAMPLE 576	-0.771385	0.456904	0.442949	1.84647
			*CONTROL_ROT_SAMPLE 768	-0.767788	0.459757	0.446234	1.85046
			*CONTROL_ROT_SAMPLE 960	-0.767301	0.46014	0.446676	1.851
			*CONTROL_ROT_SAMPLE 1152	-0.766038	0.461133	0.44782	1.85241
			*CONTROL_ROT_SAMPLE 1344	-0.764226	0.462549	0.449452	1.85443
			*CONTROL_ROT_SAMPLE 1536	-0.762093	0.464206	0.451362	1.85682
			*CONTROL_ROT_SAMPLE 1728	-0.759869	0.46592	0.45334	1.85931
			*CONTROL_ROT_SAMPLE 1920	-0.757786	0.467515	0.455181	1.86165
			*CONTROL_ROT_SAMPLE 2112	-0.756078	0.468815	0.456682	1.86357
			*CONTROL_ROT_SAMPLE 2304	-0.756308	0.46864	0.45648	1.86331
			*CONTROL_ROT_SAMPLE 2496	-0.756325	0.468627	0.456465	1.86329
			*CONTROL_ROT_SAMPLE 2688	-0.756335	0.46862	0.456456	1.86328
			*CONTROL_ROT_SAMPLE 2880	-0.756339	0.468617	0.456453	1.86328
			*CONTROL_ROT_SAMPLE 3072	-0.756339	0.468617	0.456454	1.86328
			*CONTROL_ROT_SAMPLE 3264	-0.756335	0.46862	0.456457	1.86328
			*CONTROL_ROT_SAMPLE 3456	-0.756329	0.468625	0.456462	1.86329
			*CONTROL_ROT_SAMPLE 3648	-0.756322	0.46863	0.456468	1.8633
			*CONTROL_ROT_SAMPLE 3840	-0.756315	0.468635	0.456474	1.8633
			*CONTROL_ROT_SAMPLE 4032	-0.75631	0.468639	0.456478	1.86331
			*CONTROL_ROT_SAMPLE 4224	-0.756308	0.46864	0.45648	1.86331
			*CONTROL_ROT_SAMPLE 4416	-0.756308	0.46864	0.45648	1.86331
			*CONTROL_ROT_SAMPLE 4608	-0.756308	0.46864	0.45648	1.86331
			*CONTROL_ROT_SAMPLE 4800	-0.756308	0.46864	0.45648	1.86331
			*CONTROL_ROT_SAMPLE 4992	-0.756308	0.46864	0.45648	1.86331
		}
	}
}
*HELPEROBJECT {
	*NODE_NAME "Bip01 R Thigh"
	*NODE_PARENT "Bip01 Pelvis"
	*NODE_TM {
		*NODE_NAME "Bip01 R Thigh"
		*TM_ROW0 -0.152272	-0.193441	-0.969223
		*TM_ROW1 0.00360237	-0.980761	0.195178
		*TM_ROW2 -0.988332	0.0262287	0.15004
		*TM_ROW3 -29.7297	6.67291	93.1557
		*TM_POS -29.7297	6.67291	93.1557
		*TM_ROTAXIS 0.649156	-0.073422	-0.757103
		*TM_ROTANGLE 3.27209
		*TM_SCALE 1	1	1
		*TM_SCALEAXIS 0	0	0
		*TM_SCALEAXISANG 0	0	0
	}
	*TM_ANIMATION {
		*NODE_NAME "Bip01 R Thigh"
		*CONTROL_POS_TRACK {
			*CONTROL_POS_SAMPLE 192	-29.7297	6.67291	93.1557
			*CONTROL_POS_SAMPLE 384	-28.7091	8.1119	92.2668
			*CONTROL_POS_SAMPLE 576	-26.9425	8.95693	92.2794
			*CONTROL_POS_SAMPLE 768	-24.5674	9.31236	92.5263
			*CONTROL_POS_SAMPLE 960	-21.721	9.28255	92.3403
			*CONTROL_POS_SAMPLE 1152	-18.5405	8.97184	91.5968
			*CONTROL_POS_SAMPLE 1344	-15.1553	8.47497	90.7113
			*CONTROL_POS_SAMPLE 1536	-11.7106	7.9059	89.7322
			*CONTROL_POS_SAMPLE 1728	-8.34365	7.36898	88.7456
			*CONTROL_POS_SAMPLE 1920	-5.19164	6.96857	87.8377
			*CONTROL_POS_SAMPLE 2112	-2.39188	6.80902	87.0944
			*CONTROL_POS_SAMPLE 2304	-1.4046	6.65651	87.8819
			*CONTROL_POS_SAMPLE 2496	2.64934	6.62509	88.7613
			*CONTROL_POS_SAMPLE 2688	6.91344	6.59961	89.6761
			*CONTROL_POS_SAMPLE 2880	11.3168	6.57873	90.5803
			*CONTROL_POS_SAMPLE 3072	15.7594	6.60101	91.3689
			*CONTROL_POS_SAMPLE 3264	20.1994	6.62529	92.0548
			*CONTROL_POS_SAMPLE 3456	24.566	6.65023	92.5374
			*CONTROL_POS_SAMPLE 3648	28.7881	6.67452	92.8198
			*CONTROL_POS_SAMPLE 3840	32.7949	6.6968	93.0118
			*CONTROL_POS_SAMPLE 4032	35.0949	6.69854	93.193
			*CONTROL_POS_SAMPLE 4224	37.4586	6.70066	93.0454
			*CONTROL_POS_SAMPLE 4416	42.3308	6.70101	92.356
			*CONTROL_POS_SAMPLE 4608	47.9519	6.70084	91.4648
			*CONTROL_POS_SAMPLE 4800	52.8794	6.70066	90.8255
			*CONTROL_POS_SAMPLE 4992	53.8578	6.70066	91.5971
		}
		*CONTROL_ROT_TRACK {
			*CONTROL_ROT_SAMPLE 192	0.649156	-0.073422	-0.757103	3.27209
			*CONTROL_ROT_SAMPLE 384	0.62624	-0.12118	-0.770155	3.22093
			*CONTROL_ROT_SAMPLE 576	0.618943	-0.119672	-0.776266	3.2044
			*CONTROL_ROT_SAMPLE 768	0.612704	-0.106441	-0.783112	3.19154
			*CONTROL_ROT_SAMPLE 960	0.600509	-0.0985931	-0.793516	3.18384
			*CONTROL_ROT_SAMPLE 1152	0.584341	-0.0911383	-0.806374	3.18069
			*CONTROL_ROT_SAMPLE 1344	0.566696	-0.0800424	-0.82003	3.16943
			*CONTROL_ROT_SAMPLE 1536	0.548975	-0.0666622	-0.833176	3.15156
			*CONTROL_ROT_SAMPLE 1728	0.532567	-0.0527297	-0.844744	3.13029
			*CONTROL_ROT_SAMPLE 1920	0.518737	-0.0415286	-0.853925	3.11481
			*CONTROL_ROT_SAMPLE 2112	0.508687	-0.0381389	-0.860106	3.12182
			*CONTROL_ROT_SAMPLE 2304	0.513317	-0.0363452	-0.857429	3.12625
			*CONTROL_ROT_SAMPLE 2496	0.512435	-0.0342682	-0.858042	3.1381
			*CONTROL_ROT_SAMPLE 2688	0.518562	-0.0554694	-0.853239	3.22472
			*CONTROL_ROT_SAMPLE 2880	0.531338	-0.0767128	-0.84368	3.30253
			*CONTROL_ROT_SAMPLE 3072	0.548122	-0.0925835	-0.831259	3.34505
			*CONTROL_ROT_SAMPLE 3264	0.56771	-0.103089	-0.816748	3.35683
			*CONTROL_ROT_SAMPLE 3456	0.590061	-0.113314	-0.799367	3.35832
			*CONTROL_ROT_SAMPLE 3648	0.614258	-0.122736	-0.779502	3.35013
			*CONTROL_ROT_SAMPLE 3840	0.639715	-0.129816	-0.75757	3.33123
			*CONTROL_ROT_SAMPLE 4032	0.672044	-0.13493	-0.728115	3.30092
			*CONTROL_ROT_SAMPLE 4224	-0.70225	0.135918	0.698836	3.01542
			*CONTROL_ROT_SAMPLE 4416	0.681132	-0.1382	-0.718999	3.298
			*CONTROL_ROT_SAMPLE 4608	0.656241	-0.136856	-0.742036	3.32669
			*CONTROL_ROT_SAMPLE 4800	0.634358	-0.130666	-0.761916	3.34115
			*CONTROL_ROT_SAMPLE 4992	0.631682	-0.121077	-0.765714	3.32252
		}
	}
}
*HELPEROBJECT {
	*NODE_NAME "Bip01 R Calf"
	*NODE_PARENT "Bip01 R Thigh"
	*NODE_TM {
		*NODE_NAME "Bip01 R Calf"
		*TM_ROW0 -0.12492	0.424029	-0.896992
		*TM_ROW1 -0.0871481	-0.905269	-0.415805
		*TM_ROW2 -0.988332	0.0262287	0.15004
		*TM_ROW3 -35.7209	-0.937998	55.0218
		*TM_POS -35.7209	-0.937998	55.0218
		*TM_ROTAXIS 0.648203	0.133942	-0.749595
		*TM_ROTANGLE 2.79365
		*TM_SCALE 1	1	1
		*TM_SCALEAXIS 0	0	0
		*TM_SCALEAXISANG 0	0	0
	}
	*TM_ANIMATION {
		*NODE_NAME "Bip01 R Calf"
		*CONTROL_POS_TRACK {
			*CONTROL_POS_SAMPLE 192	-35.7209	-0.937998	55.0218
			*CONTROL_POS_SAMPLE 384	-37.1184	-0.251734	54.7521
			*CONTROL_POS_SAMPLE 576	-36.0943	1.21719	54.8046
			*CONTROL_POS_SAMPLE 768	-34.3411	2.6453	55.0024
			*CONTROL_POS_SAMPLE 960	-32.667	3.30717	55.0241
			*CONTROL_POS_SAMPLE 1152	-30.9966	3.54273	54.6727
			*CONTROL_POS_SAMPLE 1344	-29.219	4.0083	54.2383
			*CONTROL_POS_SAMPLE 1536	-27.3391	4.69937	53.7671
			*CONTROL_POS_SAMPLE 1728	-25.3681	5.53485	53.3222
			*CONTROL_POS_SAMPLE 1920	-23.3517	6.17337	52.9436
			*CONTROL_POS_SAMPLE 2112	-21.3691	5.95175	52.6394
			*CONTROL_POS_SAMPLE 2304	-20.0118	5.70621	53.2281
			*CONTROL_POS_SAMPLE 2496	-16.0322	5.3613	54.1576
			*CONTROL_POS_SAMPLE 2688	-11.1719	1.55274	55.1006
			*CONTROL_POS_SAMPLE 2880	-5.44755	-1.92707	56.0169
			*CONTROL_POS_SAMPLE 3072	0.62358	-3.95943	56.6212
			*CONTROL_POS_SAMPLE 3264	6.83113	-4.79027	56.8555
			*CONTROL_POS_SAMPLE 3456	13.2187	-5.31265	56.8142
			*CONTROL_POS_SAMPLE 3648	19.6647	-5.54313	56.5499
			*CONTROL_POS_SAMPLE 3840	26.0693	-5.39806	56.1811
			*CONTROL_POS_SAMPLE 4032	31.563	-4.93689	55.7743
			*CONTROL_POS_SAMPLE 4224	37.0784	-4.24017	55.2543
			*CONTROL_POS_SAMPLE 4416	39.7508	-5.06758	54.9012
			*CONTROL_POS_SAMPLE 4608	42.8776	-5.67911	54.4647
			*CONTROL_POS_SAMPLE 4800	45.6667	-5.69984	54.1892
			*CONTROL_POS_SAMPLE 4992	46.2978	-4.6896	54.7037
		}
		*CONTROL_ROT_TRACK {
			*CONTROL_ROT_SAMPLE 192	0.648203	0.133942	-0.749595	2.79365
			*CONTROL_ROT_SAMPLE 384	0.645911	0.0915752	-0.7579	2.71166
			*CONTROL_ROT_SAMPLE 576	0.639753	0.0839976	-0.763977	2.70736
			*CONTROL_ROT_SAMPLE 768	0.630304	0.0806632	-0.772147	2.72466
			*CONTROL_ROT_SAMPLE 960	0.61661	0.0739111	-0.783791	2.73785
			*CONTROL_ROT_SAMPLE 1152	0.59902	0.0695573	-0.797708	2.7461
			*CONTROL_ROT_SAMPLE 1344	0.579306	0.0637177	-0.812616	2.76076
			*CONTROL_ROT_SAMPLE 1536	0.55918	0.0571237	-0.827076	2.78144
			*CONTROL_ROT_SAMPLE 1728	0.540407	0.0507287	-0.839873	2.80607
			*CONTROL_ROT_SAMPLE 1920	0.524764	0.0465953	-0.849972	2.82761
			*CONTROL_ROT_SAMPLE 2112	0.513977	0.0481128	-0.856453	2.83296
			*CONTROL_ROT_SAMPLE 2304	0.518104	0.051114	-0.853789	2.83682
			*CONTROL_ROT_SAMPLE 2496	0.516491	0.0554634	-0.854495	2.84034
			*CONTROL_ROT_SAMPLE 2688	0.523402	0.0811163	-0.848216	2.7811
			*CONTROL_ROT_SAMPLE 2880	0.536135	0.107406	-0.837271	2.7275
			*CONTROL_ROT_SAMPLE 3072	0.552977	0.124911	-0.82378	2.69783
			*CONTROL_ROT_SAMPLE 3264	0.573233	0.134203	-0.808328	2.688
			*CONTROL_ROT_SAMPLE 3456	0.596812	0.141614	-0.789785	2.68285
			*CONTROL_ROT_SAMPLE 3648	0.622718	0.14693	-0.768527	2.682
			*CONTROL_ROT_SAMPLE 3840	0.650063	0.149275	-0.745074	2.68693
			*CONTROL_ROT_SAMPLE 4032	0.684014	0.150578	-0.713758	2.6986
			*CONTROL_ROT_SAMPLE 4224	-0.714942	-0.149765	0.682956	3.5688
			*CONTROL_ROT_SAMPLE 4416	0.693435	0.153537	-0.703971	2.69872
			*CONTROL_ROT_SAMPLE 4608	0.667595	0.154572	-0.728302	2.68519
			*CONTROL_ROT_SAMPLE 4800	0.644418	0.151007	-0.749615	2.68172
			*CONTROL_ROT_SAMPLE 4992	0.640964	0.14227	-0.754271	2.69899
		}
	}
}
*HELPEROBJECT {
	*NODE_NAME "Bip01 R Foot"
	*NODE_PARENT "Bip01 R Calf"
	*NODE_TM {
		*NODE_NAME "Bip01 R Foot"
		*TM_ROW0 0.0308103	-0.0302854	-0.999066
