*3DSMAX_ASCIIEXPORT	110
*COMMENT "This file is part of Gothic Free Aim Copyright (C) 2016-2018  mud-freak (@szapp)"
*COMMENT "<http://github.com/szapp/GothicFreeAim>"
*COMMENT "Animations: second iteration"
*SCENE {
	*SCENE_FILENAME "magIK_WND_left.max"
	*SCENE_FIRSTFRAME 1
	*SCENE_LASTFRAME 26
	*SCENE_FRAMESPEED 25
	*SCENE_TICKSPERFRAME 192
	*SCENE_BACKGROUND_STATIC 0	0	0
	*SCENE_AMBIENT_STATIC 0.2	0.2	0.2
}
*HELPEROBJECT {
	*NODE_NAME "Bip01"
	*NODE_TM {
		*NODE_NAME "Bip01"
		*TM_ROW0 -0.0756179	-0.997135	0.00201709
		*TM_ROW1 0.997121	-0.0756051	0.0058091
		*TM_ROW2 -0.00563995	0.00245055	0.999981
		*TM_ROW3 -20.6701	11.9132	86.0767
		*TM_POS -20.6701	11.9132	86.0767
		*TM_ROTAXIS -0.0016841	0.00383952	0.999991
		*TM_ROTANGLE 1.64649
		*TM_SCALE 1	1	1
		*TM_SCALEAXIS 0	0	0
		*TM_SCALEAXISANG 0	0	0
	}
	*TM_ANIMATION {
		*NODE_NAME "Bip01"
		*CONTROL_POS_TRACK {
			*CONTROL_POS_SAMPLE 192	-20.6701	11.9132	86.0767
			*CONTROL_POS_SAMPLE 384	-19.645	13.3472	84.4339
			*CONTROL_POS_SAMPLE 576	-17.8741	14.1872	84.5562
			*CONTROL_POS_SAMPLE 768	-15.4947	14.5376	85.2583
			*CONTROL_POS_SAMPLE 960	-12.644	14.5027	85.3546
			*CONTROL_POS_SAMPLE 1152	-9.4593	14.1868	84.6345
			*CONTROL_POS_SAMPLE 1344	-6.0778	13.6944	83.7289
			*CONTROL_POS_SAMPLE 1536	-2.63681	13.1298	82.7299
			*CONTROL_POS_SAMPLE 1728	0.726436	12.5973	81.7233
			*CONTROL_POS_SAMPLE 1920	3.87467	12.2013	80.795
			*CONTROL_POS_SAMPLE 2112	6.67063	12.0461	80.0307
			*CONTROL_POS_SAMPLE 2304	7.6447	11.9132	80.79
			*CONTROL_POS_SAMPLE 2496	13.0317	11.9014	81.6395
			*CONTROL_POS_SAMPLE 2688	18.7386	11.8955	82.5258
			*CONTROL_POS_SAMPLE 2880	24.6524	11.8942	83.4063
			*CONTROL_POS_SAMPLE 3072	30.6603	11.8961	84.2357
			*CONTROL_POS_SAMPLE 3264	36.6495	11.8999	84.9657
			*CONTROL_POS_SAMPLE 3456	42.5071	11.9042	85.4942
			*CONTROL_POS_SAMPLE 3648	48.1202	11.9078	85.8231
			*CONTROL_POS_SAMPLE 3840	53.3759	11.9093	86.0607
			*CONTROL_POS_SAMPLE 4032	55.9635	11.9111	86.2419
			*CONTROL_POS_SAMPLE 4224	58.0397	11.9132	86.0943
			*CONTROL_POS_SAMPLE 4416	62.6549	11.9135	85.4049
			*CONTROL_POS_SAMPLE 4608	68.0189	11.9134	84.5137
			*CONTROL_POS_SAMPLE 4800	73.4604	11.9132	83.8744
			*CONTROL_POS_SAMPLE 4992	79.0652	11.9132	84.646
		}
		*CONTROL_ROT_TRACK {
			*CONTROL_ROT_SAMPLE 192	-0.0016841	0.00383952	0.999991	1.64649
			*CONTROL_ROT_SAMPLE 384	-0.00276095	0.00500112	0.999984	1.64649
			*CONTROL_ROT_SAMPLE 576	-0.0038378	0.0061627	0.999974	1.6465
			*CONTROL_ROT_SAMPLE 768	-0.00491464	0.00732427	0.999961	1.64651
			*CONTROL_ROT_SAMPLE 960	-0.00599144	0.0084858	0.999946	1.64653
			*CONTROL_ROT_SAMPLE 1152	-0.00706822	0.00964729	0.999928	1.64654
			*CONTROL_ROT_SAMPLE 1344	-0.00609643	0.00870457	0.999944	1.64663
			*CONTROL_ROT_SAMPLE 1536	-0.00508927	0.00782922	0.999956	1.64683
			*CONTROL_ROT_SAMPLE 1728	-0.00409999	0.00692034	0.999968	1.64698
			*CONTROL_ROT_SAMPLE 1920	-0.0031815	0.00587683	0.999978	1.64692
			*CONTROL_ROT_SAMPLE 2112	-0.0023865	0.00459717	0.999987	1.64649
			*CONTROL_ROT_SAMPLE 2304	-0.00160017	0.00244947	0.999996	1.64519
			*CONTROL_ROT_SAMPLE 2496	-0.000857613	-0.000355421	1	1.64319
			*CONTROL_ROT_SAMPLE 2688	-0.000437976	-0.00264999	0.999996	1.64135
			*CONTROL_ROT_SAMPLE 2880	-0.000621966	-0.00325963	0.999995	1.64055
			*CONTROL_ROT_SAMPLE 3072	-0.00149532	-0.00188784	0.999997	1.64098
			*CONTROL_ROT_SAMPLE 3264	-0.00282519	0.000644126	0.999996	1.64207
			*CONTROL_ROT_SAMPLE 3456	-0.00441422	0.00383564	0.999983	1.64355
			*CONTROL_ROT_SAMPLE 3648	-0.006066	0.00718793	0.999956	1.64514
			*CONTROL_ROT_SAMPLE 3840	-0.00758547	0.0102052	0.999919	1.64655
			*CONTROL_ROT_SAMPLE 4032	-0.00758547	0.0102052	0.999919	1.64655
			*CONTROL_ROT_SAMPLE 4224	-0.00758547	0.0102052	0.999919	1.64655
			*CONTROL_ROT_SAMPLE 4416	-0.00758547	0.0102052	0.999919	1.64655
			*CONTROL_ROT_SAMPLE 4608	-0.00758547	0.0102052	0.999919	1.64655
			*CONTROL_ROT_SAMPLE 4800	-0.00758547	0.0102052	0.999919	1.64655
			*CONTROL_ROT_SAMPLE 4992	-0.00758547	0.0102052	0.999919	1.64655
		}
	}
}
*HELPEROBJECT {
	*NODE_NAME "Bip01 Footsteps"
	*NODE_PARENT "Bip01"
	*NODE_TM {
		*NODE_NAME "Bip01 Footsteps"
		*TM_ROW0 1	0	0
		*TM_ROW1 0	1	0
		*TM_ROW2 0	0	1
		*TM_ROW3 -20.6701	11.9132	-1.76367
		*TM_POS -20.6701	11.9132	-1.76367
		*TM_ROTAXIS 0	0	0
		*TM_ROTANGLE 0
		*TM_SCALE 1	1	1
		*TM_SCALEAXIS 0	0	0
		*TM_SCALEAXISANG 0	0	0
	}
}
*HELPEROBJECT {
	*NODE_NAME "Bip01 Pelvis"
	*NODE_PARENT "Bip01"
	*NODE_TM {
		*NODE_NAME "Bip01 Pelvis"
		*TM_ROW0 -0.00980111	0.00276605	0.999948
		*TM_ROW1 -0.0756165	-0.997135	0.0020171
		*TM_ROW2 0.997089	-0.0755928	0.00998219
		*TM_ROW3 -21.9359	13.4306	86.0659
		*TM_POS -21.9359	13.4306	86.0659
		*TM_ROTAXIS -0.70336	0.0259135	-0.710362
		*TM_ROTANGLE 3.08639
		*TM_SCALE 1	1	1
		*TM_SCALEAXIS 0	0	0
		*TM_SCALEAXISANG 0	0	0
	}
	*TM_ANIMATION {
		*NODE_NAME "Bip01 Pelvis"
		*CONTROL_POS_TRACK {
			*CONTROL_POS_SAMPLE 192	-21.9359	13.4306	86.0659
			*CONTROL_POS_SAMPLE 384	-20.9108	14.8646	84.4199
			*CONTROL_POS_SAMPLE 576	-19.1399	15.7046	84.539
			*CONTROL_POS_SAMPLE 768	-16.7605	16.055	85.2378
			*CONTROL_POS_SAMPLE 960	-13.9097	16.0201	85.331
			*CONTROL_POS_SAMPLE 1152	-10.7249	15.7042	84.6076
			*CONTROL_POS_SAMPLE 1344	-7.34333	15.212	83.7046
			*CONTROL_POS_SAMPLE 1536	-3.90204	14.6476	82.708
			*CONTROL_POS_SAMPLE 1728	-0.538593	14.1153	81.7039
			*CONTROL_POS_SAMPLE 1920	2.60953	13.7192	80.7785
			*CONTROL_POS_SAMPLE 2112	5.40482	13.5635	80.0177
			*CONTROL_POS_SAMPLE 2304	6.37689	13.429	80.7832
			*CONTROL_POS_SAMPLE 2496	11.7609	13.4147	81.6407
			*CONTROL_POS_SAMPLE 2688	17.4649	13.4064	82.5335
			*CONTROL_POS_SAMPLE 2880	23.3776	13.4041	83.4158
			*CONTROL_POS_SAMPLE 3072	29.3861	13.4065	84.2414
			*CONTROL_POS_SAMPLE 3264	35.3769	13.4117	84.9642
			*CONTROL_POS_SAMPLE 3456	41.2368	13.4179	85.4838
			*CONTROL_POS_SAMPLE 3648	46.8523	13.4235	85.8033
			*CONTROL_POS_SAMPLE 3840	52.1103	13.4267	86.0323
			*CONTROL_POS_SAMPLE 4032	54.6978	13.4285	86.2135
			*CONTROL_POS_SAMPLE 4224	56.7741	13.4306	86.0659
			*CONTROL_POS_SAMPLE 4416	61.3892	13.4309	85.3765
			*CONTROL_POS_SAMPLE 4608	66.7533	13.4307	84.4853
			*CONTROL_POS_SAMPLE 4800	72.1948	13.4306	83.846
			*CONTROL_POS_SAMPLE 4992	77.7995	13.4306	84.6176
		}
		*CONTROL_ROT_TRACK {
			*CONTROL_ROT_SAMPLE 192	-0.70336	0.0259135	-0.710362	3.08639
			*CONTROL_ROT_SAMPLE 384	-0.702534	0.0258815	-0.711179	3.08633
			*CONTROL_ROT_SAMPLE 576	-0.701708	0.0258493	-0.711995	3.08627
			*CONTROL_ROT_SAMPLE 768	-0.700881	0.0258172	-0.71281	3.08621
			*CONTROL_ROT_SAMPLE 960	-0.700054	0.025785	-0.713625	3.08615
			*CONTROL_ROT_SAMPLE 1152	-0.699225	0.0257528	-0.714438	3.08609
			*CONTROL_ROT_SAMPLE 1344	-0.699933	0.0257803	-0.713743	3.086
			*CONTROL_ROT_SAMPLE 1536	-0.700629	0.0258072	-0.713058	3.08575
			*CONTROL_ROT_SAMPLE 1728	-0.701331	0.0258344	-0.712368	3.08557
			*CONTROL_ROT_SAMPLE 1920	-0.702056	0.0258626	-0.711652	3.0857
			*CONTROL_ROT_SAMPLE 2112	-0.702821	0.0258926	-0.710895	3.08635
			*CONTROL_ROT_SAMPLE 2304	-0.703903	0.0259353	-0.709822	3.08827
			*CONTROL_ROT_SAMPLE 2496	-0.705207	0.0259869	-0.708525	3.09119
			*CONTROL_ROT_SAMPLE 2688	-0.706201	0.0260264	-0.707533	3.09386
			*CONTROL_ROT_SAMPLE 2880	-0.706357	0.0260329	-0.707377	3.09501
			*CONTROL_ROT_SAMPLE 3072	-0.705535	0.0260008	-0.708198	3.09434
			*CONTROL_ROT_SAMPLE 3264	-0.704119	0.0259451	-0.709608	3.0927
			*CONTROL_ROT_SAMPLE 3456	-0.702359	0.025876	-0.711353	3.09048
			*CONTROL_ROT_SAMPLE 3648	-0.700509	0.0258034	-0.713176	3.08813
			*CONTROL_ROT_SAMPLE 3840	-0.698826	0.0257374	-0.714828	3.08606
			*CONTROL_ROT_SAMPLE 4032	-0.698826	0.0257374	-0.714828	3.08606
			*CONTROL_ROT_SAMPLE 4224	-0.698826	0.0257374	-0.714828	3.08606
			*CONTROL_ROT_SAMPLE 4416	-0.698826	0.0257374	-0.714828	3.08606
			*CONTROL_ROT_SAMPLE 4608	-0.698826	0.0257374	-0.714828	3.08606
			*CONTROL_ROT_SAMPLE 4800	-0.698826	0.0257374	-0.714828	3.08606
			*CONTROL_ROT_SAMPLE 4992	-0.698826	0.0257374	-0.714828	3.08606
		}
	}
}
*HELPEROBJECT {
	*NODE_NAME "Bip01 Spine"
	*NODE_PARENT "Bip01 Pelvis"
	*NODE_TM {
		*NODE_NAME "Bip01 Spine"
		*TM_ROW0 -0.00431925	-0.0676316	0.997701
		*TM_ROW1 -0.0774071	-0.994694	-0.0677629
		*TM_ROW2 0.99699	-0.0775218	-0.000938842
		*TM_ROW3 -21.9427	13.5254	88.4665
		*TM_POS -21.9427	13.5254	88.4665
		*TM_ROTAXIS -0.705574	0.051391	-0.706771
		*TM_ROTANGLE 3.13468
		*TM_SCALE 1	1	1
		*TM_SCALEAXIS 0	0	0
		*TM_SCALEAXISANG 0	0	0
	}
}
*HELPEROBJECT {
	*NODE_NAME "Bip01 Spine1"
	*NODE_PARENT "Bip01 Spine"
	*NODE_TM {
		*NODE_NAME "Bip01 Spine1"
		*TM_ROW0 -0.0225272	-0.0867934	0.995972
		*TM_ROW1 -0.0948019	-0.99155	-0.0885523
		*TM_ROW2 0.995241	-0.0964149	0.0141086
		*TM_ROW3 -21.9842	12.8708	98.272
		*TM_POS -21.9842	12.8708	98.272
		*TM_ROTAXIS -0.699094	0.0649401	-0.712075
		*TM_ROTANGLE 3.13597
		*TM_SCALE 1	1	1
		*TM_SCALEAXIS 0	0	0
		*TM_SCALEAXISANG 0	0	0
	}
}
*HELPEROBJECT {
	*NODE_NAME "Bip01 Spine2"
	*NODE_PARENT "Bip01 Spine1"
	*NODE_TM {
		*NODE_NAME "Bip01 Spine2"
		*TM_ROW0 0.193442	-0.00260667	0.981108
		*TM_ROW1 -0.2697	-0.961613	0.050621
		*TM_ROW2 0.943314	-0.274398	-0.186719
		*TM_ROW3 -22.2659	11.7837	111.009
		*TM_POS -22.2659	11.7837	111.009
		*TM_ROTAXIS -0.769494	0.0894786	-0.632355
		*TM_ROTANGLE 2.9288
		*TM_SCALE 1	1	1
		*TM_SCALEAXIS 0	0	0
		*TM_SCALEAXISANG 0	0	0
	}
}
*HELPEROBJECT {
	*NODE_NAME "Bip01 Neck"
	*NODE_PARENT "Bip01 Spine2"
	*NODE_TM {
		*NODE_NAME "Bip01 Neck"
		*TM_ROW0 0.125482	-0.225963	0.96602
		*TM_ROW1 -0.30727	-0.934689	-0.178721
		*TM_ROW2 0.943313	-0.274403	-0.186719
		*TM_ROW3 -16.464	11.7107	140.428
		*TM_POS -16.464	11.7107	140.428
		*TM_ROTAXIS -0.749864	0.177958	-0.637209
		*TM_ROTANGLE 3.07775
		*TM_SCALE 1	1	1
		*TM_SCALEAXIS 0	0	0
		*TM_SCALEAXISANG 0	0	0
	}
}
*HELPEROBJECT {
	*NODE_NAME "Bip01 Head"
	*NODE_PARENT "Bip01 Neck"
	*NODE_TM {
		*NODE_NAME "Bip01 Head"
		*TM_ROW0 0.0261602	0.0840926	0.996114
		*TM_ROW1 -0.380846	-0.920469	0.0877084
		*TM_ROW2 0.924268	-0.381661	0.00794675
		*TM_ROW3 -15.6058	10.1653	147.034
		*TM_POS -15.6058	10.1653	147.034
		*TM_ROTAXIS -0.706288	0.108111	-0.699621
		*TM_ROTANGLE 2.80287
		*TM_SCALE 1	1	1
		*TM_SCALEAXIS 0	0	0
		*TM_SCALEAXISANG 0	0	0
	}
}
*HELPEROBJECT {
	*NODE_NAME "zs_Helmet"
	*NODE_PARENT "Bip01 Head"
	*NODE_TM {
		*NODE_NAME "zs_Helmet"
		*TM_ROW0 0.924269	-0.38166	0.00794675
		*TM_ROW1 0.377619	0.911034	-0.165591
		*TM_ROW2 0.0559599	0.156052	0.986162
		*TM_ROW3 -35.7181	-32.5671	433.973
		*TM_POS -35.7181	-32.5671	433.973
		*TM_ROTAXIS 0.389402	-0.0581278	0.919232
		*TM_ROTANGLE 0.425742
		*TM_SCALE 1	1	1
		*TM_SCALEAXIS 0	0	0
		*TM_SCALEAXISANG 0	0	0
	}
}
*HELPEROBJECT {
	*NODE_NAME "Bip01 L Clavicle"
	*NODE_PARENT "Bip01 Neck"
	*NODE_TM {
		*NODE_NAME "Bip01 L Clavicle"
		*TM_ROW0 0.962975	-0.229314	-0.141756
		*TM_ROW1 0.225491	0.97331	-0.0426842
		*TM_ROW2 0.147761	0.00913899	0.988981
		*TM_ROW3 -9.32476	11.9112	133.549
		*TM_POS -9.32476	11.9112	133.549
		*TM_ROTAXIS 0.0956816	-0.534538	0.839711
		*TM_ROTANGLE 0.274235
		*TM_SCALE 1	1	1
		*TM_SCALEAXIS 0	0	0
		*TM_SCALEAXISANG 0	0	0
	}
}
*HELPEROBJECT {
	*NODE_NAME "Bip01 L UpperArm"
	*NODE_PARENT "Bip01 L Clavicle"
	*NODE_TM {
		*NODE_NAME "Bip01 L UpperArm"
		*TM_ROW0 0.464414	-0.0272125	-0.8852
		*TM_ROW1 0.40456	0.895663	0.184715
		*TM_ROW2 0.787814	-0.443901	0.426968
		*TM_ROW3 3.50785	8.85533	131.66
		*TM_POS 3.50785	8.85533	131.66
		*TM_ROTAXIS -0.341894	-0.909924	0.234834
		*TM_ROTANGLE 1.16634
		*TM_SCALE 1	1	1
		*TM_SCALEAXIS 0	0	0
		*TM_SCALEAXISANG 0	0	0
	}
}
*HELPEROBJECT {
	*NODE_NAME "Bip01 L Forearm"
	*NODE_PARENT "Bip01 L UpperArm"
	*NODE_TM {
		*NODE_NAME "Bip01 L Forearm"
		*TM_ROW0 0.0791036	-0.614562	-0.784892
		*TM_ROW1 0.610812	0.652124	-0.449047
		*TM_ROW2 0.787814	-0.443901	0.426968
		*TM_ROW3 16.4679	8.09593	106.957
		*TM_POS 16.4679	8.09593	106.957
		*TM_ROTAXIS 0.00258106	-0.788825	0.614613
		*TM_ROTANGLE 1.49162
		*TM_SCALE 1	1	1
		*TM_SCALEAXIS 0	0	0
		*TM_SCALEAXISANG 0	0	0
	}
}
*HELPEROBJECT {
	*NODE_NAME "Bip01 L Hand"
	*NODE_PARENT "Bip01 L Forearm"
	*NODE_TM {
		*NODE_NAME "Bip01 L Hand"
		*TM_ROW0 -0.121541	-0.689696	-0.713826
		*TM_ROW1 -0.82458	0.470486	-0.314183
		*TM_ROW2 0.552535	0.550421	-0.625893
		*TM_ROW3 18.6683	-8.99893	85.1243
		*TM_POS 18.6683	-8.99893	85.1243
		*TM_ROTAXIS 0.561691	-0.822693	-0.0876278
		*TM_ROTANGLE 2.26331
		*TM_SCALE 1	1	1
		*TM_SCALEAXIS 0	0	0
		*TM_SCALEAXISANG 0	0	0
	}
}
*HELPEROBJECT {
	*NODE_NAME "Bip01 L Finger0"
	*NODE_PARENT "Bip01 L Hand"
	*NODE_TM {
		*NODE_NAME "Bip01 L Finger0"
		*TM_ROW0 -0.121541	-0.689696	-0.713826
		*TM_ROW1 -0.825002	0.470065	-0.313704
		*TM_ROW2 0.551905	0.55078	-0.626133
		*TM_ROW3 17.1041	-17.8752	75.9375
		*TM_POS 17.1041	-17.8752	75.9375
		*TM_ROTAXIS 0.561813	-0.822577	-0.0879336
		*TM_ROTANGLE 2.26374
		*TM_SCALE 1	1	1
		*TM_SCALEAXIS 0	0	0
		*TM_SCALEAXISANG 0	0	0
	}
}
*HELPEROBJECT {
	*NODE_NAME "zs_LeftHand"
	*NODE_PARENT "Bip01 L Hand"
	*NODE_TM {
		*NODE_NAME "zs_LeftHand"
		*TM_ROW0 0.534258	0.637292	-0.555362
		*TM_ROW1 0.10001	-0.700022	-0.707083
		*TM_ROW2 -0.839384	0.322223	-0.437728
		*TM_ROW3 -57.0777	-59.858	-11.2252
		*TM_POS -57.0777	-59.858	-11.2252
		*TM_ROTAXIS -0.861107	-0.23761	0.449484
		*TM_ROTANGLE 3.78218
		*TM_SCALE 1	1	1
		*TM_SCALEAXIS 0	0	0
		*TM_SCALEAXISANG 0	0	0
	}
}
*HELPEROBJECT {
	*NODE_NAME "zs_LeftArm"
	*NODE_PARENT "Bip01 L Forearm"
	*NODE_TM {
		*NODE_NAME "zs_LeftArm"
		*TM_ROW0 0.144759	-0.416457	-0.897557
		*TM_ROW1 0.638032	0.732621	-0.237026
		*TM_ROW2 0.75628	-0.538359	0.371767
		*TM_ROW3 -31.0298	-289.53	1.1277
		*TM_POS -31.0298	-289.53	1.1277
		*TM_ROTAXIS -0.151849	-0.83341	0.531384
		*TM_ROTANGLE 1.4459
		*TM_SCALE 1	1	1
		*TM_SCALEAXIS 0	0	0
		*TM_SCALEAXISANG 0	0	0
	}
}
*HELPEROBJECT {
	*NODE_NAME "Bip01 R Clavicle"
	*NODE_PARENT "Bip01 Neck"
	*NODE_TM {
		*NODE_NAME "Bip01 R Clavicle"
		*TM_ROW0 -0.94011	0.339412	-0.0314991
		*TM_ROW1 0.340792	0.937854	-0.0655103
		*TM_ROW2 0.00730658	-0.0723216	-0.997355
		*TM_ROW3 -24.3499	16.2817	136.523
		*TM_POS -24.3499	16.2817	136.523
		*TM_ROTAXIS -0.172773	-0.984339	0.0350096
		*TM_ROTANGLE 3.12188
		*TM_SCALE 1	1	1
		*TM_SCALEAXIS 0	0	0
		*TM_SCALEAXISANG 0	0	0
	}
}
*HELPEROBJECT {
	*NODE_NAME "Bip01 R UpperArm"
	*NODE_PARENT "Bip01 R Clavicle"
	*NODE_TM {
		*NODE_NAME "Bip01 R UpperArm"
		*TM_ROW0 -0.338724	-0.142094	-0.930094
		*TM_ROW1 0.396232	0.875056	-0.277986
		*TM_ROW2 0.853385	-0.462694	-0.2401
		*TM_ROW3 -36.8778	20.8047	136.103
		*TM_POS -36.8778	20.8047	136.103
		*TM_ROTAXIS -0.098664	-0.952669	0.287554
		*TM_ROTANGLE 1.93038
		*TM_SCALE 1	1	1
		*TM_SCALEAXIS 0	0	0
		*TM_SCALEAXISANG 0	0	0
	}
}
*HELPEROBJECT {
	*NODE_NAME "Bip01 R Forearm"
	*NODE_PARENT "Bip01 R UpperArm"
	*NODE_TM {
		*NODE_NAME "Bip01 R Forearm"
		*TM_ROW0 -0.417919	-0.882579	0.215401
		*TM_ROW1 -0.311572	-0.0834776	-0.946549
		*TM_ROW2 0.853385	-0.462694	-0.2401
		*TM_ROW3 -46.3303	16.8394	110.148
		*TM_POS -46.3303	16.8394	110.148
		*TM_ROTAXIS 0.491994	-0.648716	0.580612
		*TM_ROTANGLE 2.62752
		*TM_SCALE 1	1	1
		*TM_SCALEAXIS 0	0	0
		*TM_SCALEAXISANG 0	0	0
	}
}
*HELPEROBJECT {
	*NODE_NAME "Bip01 R Hand"
	*NODE_PARENT "Bip01 R Forearm"
	*NODE_TM {
		*NODE_NAME "Bip01 R Hand"
		*TM_ROW0 -0.4193	-0.884286	0.20549
		*TM_ROW1 0.262168	0.098763	0.959955
		*TM_ROW2 -0.86917	0.456382	0.19042
		*TM_ROW3 -57.9552	-7.71067	116.139
		*TM_POS -57.9552	-7.71067	116.139
		*TM_ROTAXIS 0.305177	-0.651269	-0.694777
		*TM_ROTANGLE 4.11189
		*TM_SCALE 1	1	1
		*TM_SCALEAXIS 0	0	0
		*TM_SCALEAXISANG 0	0	0
	}
}
*HELPEROBJECT {
	*NODE_NAME "Bip01 R Finger0"
	*NODE_PARENT "Bip01 R Hand"
	*NODE_TM {
		*NODE_NAME "Bip01 R Finger0"
		*TM_ROW0 -0.419293	-0.884287	0.205497
		*TM_ROW1 0.261511	0.0991161	0.960098
		*TM_ROW2 -0.86937	0.456302	0.189692
		*TM_ROW3 -63.3516	-19.0913	118.784
		*TM_POS -63.3516	-19.0913	118.784
		*TM_ROTAXIS 0.305358	-0.651494	-0.694487
		*TM_ROTANGLE 4.11166
		*TM_SCALE 1	1	1
		*TM_SCALEAXIS 0	0	0
		*TM_SCALEAXISANG 0	0	0
	}
}
*HELPEROBJECT {
	*NODE_NAME "zs_RightHand"
	*NODE_PARENT "Bip01 R Hand"
	*NODE_TM {
		*NODE_NAME "zs_RightHand"
		*TM_ROW0 0.766729	-0.473203	-0.433826
		*TM_ROW1 0.463609	0.875587	-0.135695
		*TM_ROW2 0.444064	-0.0970846	0.89072
		*TM_ROW3 -209.195	-19.9756	256.687
		*TM_POS -209.195	-19.9756	256.687
		*TM_ROTAXIS 0.0300598	-0.683478	0.729352
		*TM_ROTANGLE 0.697394
		*TM_SCALE 1	1	1
		*TM_SCALEAXIS 0	0	0
		*TM_SCALEAXISANG 0	0	0
	}
}
*HELPEROBJECT {
	*NODE_NAME "zs_Crossbow"
	*NODE_PARENT "Bip01 Spine2"
	*NODE_TM {
		*NODE_NAME "zs_Crossbow"
		*TM_ROW0 -0.279606	-0.155211	0.947486
		*TM_ROW1 -0.908197	0.362874	-0.208568
		*TM_ROW2 -0.311446	-0.918821	-0.242423
		*TM_ROW3 -2.36898	372.803	1444.22
		*TM_POS -2.36898	372.803	1444.22
		*TM_ROTAXIS 0.435783	-0.77243	0.462002
		*TM_ROTANGLE 4.09418
		*TM_SCALE 1	1	1
		*TM_SCALEAXIS 0	0	0
		*TM_SCALEAXISANG 0	0	0
	}
}
*HELPEROBJECT {
	*NODE_NAME "zs_Longsword"
	*NODE_PARENT "Bip01 Spine2"
	*NODE_TM {
		*NODE_NAME "zs_Longsword"
		*TM_ROW0 -0.386535	-0.0957596	0.91729
		*TM_ROW1 -0.856836	0.40525	-0.318754
		*TM_ROW2 -0.341208	-0.909177	-0.238693
		*TM_ROW3 -148.602	344.521	1202.08
		*TM_POS -148.602	344.521	1202.08
		*TM_ROTAXIS 0.372549	-0.794095	0.480229
		*TM_ROTANGLE 4.05634
		*TM_SCALE 1	1	1
		*TM_SCALEAXIS 0	0	0
		*TM_SCALEAXISANG 0	0	0
	}
}
*HELPEROBJECT {
	*NODE_NAME "zs_Shield"
	*NODE_PARENT "Bip01 Spine2"
	*NODE_TM {
		*NODE_NAME "zs_Shield"
		*TM_ROW0 -0.113101	0.294507	-0.948933
		*TM_ROW1 -0.720684	0.633141	0.282396
		*TM_ROW2 0.683976	0.71582	0.140638
		*TM_ROW3 336.698	357.146	346.242
		*TM_POS 336.698	357.146	346.242
		*TM_ROTAXIS 0.2199	-0.828465	-0.515063
		*TM_ROTANGLE 1.74128
		*TM_SCALE 1	1	1
		*TM_SCALEAXIS 0	0	0
		*TM_SCALEAXISANG 0	0	0
	}
}
*HELPEROBJECT {
	*NODE_NAME "zs_Bow"
	*NODE_PARENT "Bip01 Spine2"
	*NODE_TM {
		*NODE_NAME "zs_Bow"
		*TM_ROW0 -0.213779	-0.156417	0.964278
		*TM_ROW1 0.327951	0.91832	0.221668
		*TM_ROW2 -0.920189	0.363623	-0.14502
		*TM_ROW3 149.135	512.859	179.339
		*TM_POS 149.135	512.859	179.339
		*TM_ROTAXIS 0.0727646	0.965952	0.24828
		*TM_ROTANGLE 1.79286
		*TM_SCALE 1	1	1
		*TM_SCALEAXIS 0	0	0
		*TM_SCALEAXISANG 0	0	0
	}
}
*HELPEROBJECT {
	*NODE_NAME "zs_Sword"
	*NODE_PARENT "Bip01 Spine"
	*NODE_TM {
		*NODE_NAME "zs_Sword"
		*TM_ROW0 -0.0427375	-0.462695	0.885487
		*TM_ROW1 0.0633167	0.88326	0.464588
		*TM_ROW2 -0.997078	0.0759214	-0.00845198
		*TM_ROW3 296.111	60.1163	131.838
		*TM_POS 296.111	60.1163	131.838
		*TM_ROTAXIS -0.195022	0.944618	0.263938
		*TM_ROTANGLE 1.65486
		*TM_SCALE 1	1	1
		*TM_SCALEAXIS 0	0	0
		*TM_SCALEAXISANG 0	0	0
	}
}
*HELPEROBJECT {
	*NODE_NAME "Bip01 L Thigh"
	*NODE_PARENT "Bip01 Pelvis"
	*NODE_TM {
		*NODE_NAME "Bip01 L Thigh"
		*TM_ROW0 0.111068	-0.662967	-0.740364
		*TM_ROW1 -0.0482154	-0.74769	0.662295
		*TM_ROW2 -0.992643	-0.0378629	-0.11501
		*TM_ROW3 -12.9519	12.7495	86.1558
		*TM_POS -12.9519	12.7495	86.1558
		*TM_ROTAXIS -0.725334	0.26135	0.636857
		*TM_ROTANGLE 2.63792
		*TM_SCALE 1	1	1
		*TM_SCALEAXIS 0	0	0
		*TM_SCALEAXISANG 0	0	0
	}
	*TM_ANIMATION {
		*NODE_NAME "Bip01 L Thigh"
		*CONTROL_POS_TRACK {
			*CONTROL_POS_SAMPLE 192	-12.9519	12.7495	86.1558
			*CONTROL_POS_SAMPLE 384	-11.9271	14.1835	84.5307
			*CONTROL_POS_SAMPLE 576	-10.1564	15.0236	84.6708
			*CONTROL_POS_SAMPLE 768	-7.77731	15.374	85.3905
			*CONTROL_POS_SAMPLE 960	-4.92694	15.3392	85.5046
			*CONTROL_POS_SAMPLE 1152	-1.74258	15.0234	84.8022
			*CONTROL_POS_SAMPLE 1344	1.63932	14.5302	83.8813
			*CONTROL_POS_SAMPLE 1536	5.08079	13.9639	82.8672
			*CONTROL_POS_SAMPLE 1728	8.44442	13.4301	81.8455
			*CONTROL_POS_SAMPLE 1920	11.5928	13.0344	80.9016
			*CONTROL_POS_SAMPLE 2112	14.3887	12.8824	80.1213
			*CONTROL_POS_SAMPLE 2304	15.3619	12.7594	80.8589
			*CONTROL_POS_SAMPLE 2496	20.7474	12.7629	81.6825
			*CONTROL_POS_SAMPLE 2688	26.4527	12.7711	82.5495
			*CONTROL_POS_SAMPLE 2880	32.3658	12.776	83.4276
			*CONTROL_POS_SAMPLE 3072	38.3741	12.7746	84.2742
			*CONTROL_POS_SAMPLE 3264	44.364	12.77	85.0334
			*CONTROL_POS_SAMPLE 3456	50.2224	12.7632	85.5981
			*CONTROL_POS_SAMPLE 3648	55.8363	12.7549	85.9649
			*CONTROL_POS_SAMPLE 3840	61.0925	12.746	86.2369
			*CONTROL_POS_SAMPLE 4032	63.68	12.7477	86.4181
			*CONTROL_POS_SAMPLE 4224	65.7562	12.7498	86.2705
			*CONTROL_POS_SAMPLE 4416	70.3714	12.7502	85.5811
			*CONTROL_POS_SAMPLE 4608	75.7355	12.75	84.6899
			*CONTROL_POS_SAMPLE 4800	81.177	12.7498	84.0507
			*CONTROL_POS_SAMPLE 4992	86.7817	12.7498	84.8222
		}
		*CONTROL_ROT_TRACK {
			*CONTROL_ROT_SAMPLE 192	-0.725334	0.26135	0.636857	2.63792
			*CONTROL_ROT_SAMPLE 384	-0.732695	0.294799	0.613393	2.55204
			*CONTROL_ROT_SAMPLE 576	-0.75339	0.317714	0.575727	2.5216
			*CONTROL_ROT_SAMPLE 768	-0.774967	0.317856	0.546254	2.5265
			*CONTROL_ROT_SAMPLE 960	-0.792443	0.305632	0.527848	2.53555
			*CONTROL_ROT_SAMPLE 1152	-0.808502	0.295967	0.508653	2.54242
			*CONTROL_ROT_SAMPLE 1344	-0.823692	0.283987	0.490798	2.55254
			*CONTROL_ROT_SAMPLE 1536	-0.837867	0.269923	0.474468	2.5662
			*CONTROL_ROT_SAMPLE 1728	-0.850987	0.254113	0.459618	2.58249
			*CONTROL_ROT_SAMPLE 1920	-0.863054	0.236738	0.446197	2.60047
			*CONTROL_ROT_SAMPLE 2112	-0.874109	0.217757	0.434184	2.61926
			*CONTROL_ROT_SAMPLE 2304	-0.87136	0.212625	0.442179	2.62458
			*CONTROL_ROT_SAMPLE 2496	-0.853918	0.23365	0.465007	2.60165
			*CONTROL_ROT_SAMPLE 2688	-0.834372	0.249788	0.491355	2.58192
			*CONTROL_ROT_SAMPLE 2880	-0.812788	0.261456	0.520592	2.56686
			*CONTROL_ROT_SAMPLE 3072	-0.789312	0.269261	0.551801	2.55754
			*CONTROL_ROT_SAMPLE 3264	-0.764303	0.273918	0.583789	2.55391
			*CONTROL_ROT_SAMPLE 3456	-0.738209	0.276774	0.615177	2.55465
			*CONTROL_ROT_SAMPLE 3648	-0.71171	0.278098	0.645082	2.55917
			*CONTROL_ROT_SAMPLE 3840	-0.684303	0.276031	0.674934	2.56554
			*CONTROL_ROT_SAMPLE 4032	0.668578	-0.273917	-0.691356	3.70838
			*CONTROL_ROT_SAMPLE 4224	0.657433	-0.275242	-0.701444	3.71195
			*CONTROL_ROT_SAMPLE 4416	0.675796	-0.288352	-0.678345	3.736
			*CONTROL_ROT_SAMPLE 4608	-0.696808	0.301644	0.650745	2.52373
			*CONTROL_ROT_SAMPLE 4800	-0.720574	0.310239	0.620101	2.51065
			*CONTROL_ROT_SAMPLE 4992	-0.744185	0.302112	0.595749	2.52083
		}
	}
}
*HELPEROBJECT {
	*NODE_NAME "Bip01 L Calf"
	*NODE_PARENT "Bip01 L Thigh"
	*NODE_TM {
		*NODE_NAME "Bip01 L Calf"
		*TM_ROW0 0.0980664	0.305728	-0.947055
		*TM_ROW1 0.07102	-0.951366	-0.299765
		*TM_ROW2 -0.992643	-0.0378629	-0.11501
		*TM_ROW3 -8.58197	-13.3348	57.0263
		*TM_POS -8.58197	-13.3348	57.0263
		*TM_ROTAXIS -0.738534	-0.128551	0.661848
		*TM_ROTANGLE 3.31985
		*TM_SCALE 1	1	1
		*TM_SCALEAXIS 0	0	0
		*TM_SCALEAXISANG 0	0	0
	}
	*TM_ANIMATION {
		*NODE_NAME "Bip01 L Calf"
		*CONTROL_POS_TRACK {
			*CONTROL_POS_SAMPLE 192	-8.58197	-13.3348	57.0263
			*CONTROL_POS_SAMPLE 384	-5.95178	-14.7967	58.599
			*CONTROL_POS_SAMPLE 576	-1.67094	-15.2204	60.9787
			*CONTROL_POS_SAMPLE 768	3.01718	-14.6349	62.3481
			*CONTROL_POS_SAMPLE 960	7.74944	-13.852	62.3702
			*CONTROL_POS_SAMPLE 1152	12.7237	-13.4526	61.8271
			*CONTROL_POS_SAMPLE 1344	17.815	-13.0539	60.9579
			*CONTROL_POS_SAMPLE 1536	22.8655	-12.5582	59.8824
			*CONTROL_POS_SAMPLE 1728	27.7374	-11.8828	58.7142
			*CONTROL_POS_SAMPLE 1920	32.2952	-10.9376	57.5613
			*CONTROL_POS_SAMPLE 2112	36.4057	-9.6198	56.5223
			*CONTROL_POS_SAMPLE 2304	37.0016	-9.46616	56.6564
			*CONTROL_POS_SAMPLE 2496	40.2971	-11.2258	57.3851
			*CONTROL_POS_SAMPLE 2688	43.7137	-12.6417	57.9677
			*CONTROL_POS_SAMPLE 2880	47.1506	-13.7375	58.3984
			*CONTROL_POS_SAMPLE 3072	50.5128	-14.5347	58.6838
			*CONTROL_POS_SAMPLE 3264	53.7315	-15.0571	58.8434
			*CONTROL_POS_SAMPLE 3456	56.7562	-15.3738	58.8841
			*CONTROL_POS_SAMPLE 3648	59.5512	-15.4965	58.8342
			*CONTROL_POS_SAMPLE 3840	61.9719	-15.3834	58.7418
			*CONTROL_POS_SAMPLE 4032	62.9114	-15.1414	58.6761
			*CONTROL_POS_SAMPLE 4224	63.9586	-15.2635	58.7017
			*CONTROL_POS_SAMPLE 4416	70.6306	-16.2154	58.9552
			*CONTROL_POS_SAMPLE 4608	78.34	-17.0927	59.1821
			*CONTROL_POS_SAMPLE 4800	86.3318	-17.5403	59.4752
			*CONTROL_POS_SAMPLE 4992	94.2913	-16.9253	60.1036
		}
		*CONTROL_ROT_TRACK {
			*CONTROL_ROT_SAMPLE 192	-0.738534	-0.128551	0.661848	3.31985
			*CONTROL_ROT_SAMPLE 384	-0.742262	-0.15584	0.651737	3.3114
			*CONTROL_ROT_SAMPLE 576	-0.761543	-0.171525	0.625005	3.28307
			*CONTROL_ROT_SAMPLE 768	-0.779691	-0.17623	0.600854	3.2437
			*CONTROL_ROT_SAMPLE 960	-0.791201	-0.178401	0.584957	3.20613
			*CONTROL_ROT_SAMPLE 1152	-0.802194	-0.182696	0.568425	3.17469
			*CONTROL_ROT_SAMPLE 1344	-0.812799	-0.185769	0.55213	3.14502
			*CONTROL_ROT_SAMPLE 1536	-0.823282	-0.186573	0.536094	3.1168
			*CONTROL_ROT_SAMPLE 1728	-0.833766	-0.184489	0.520383	3.08915
			*CONTROL_ROT_SAMPLE 1920	-0.844338	-0.178879	0.505069	3.06099
			*CONTROL_ROT_SAMPLE 2112	-0.855062	-0.169032	0.490201	3.03097
			*CONTROL_ROT_SAMPLE 2304	-0.852281	-0.166291	0.495948	3.03524
			*CONTROL_ROT_SAMPLE 2496	-0.834796	-0.178404	0.520853	3.07989
			*CONTROL_ROT_SAMPLE 2688	-0.816293	-0.185512	0.547039	3.12532
			*CONTROL_ROT_SAMPLE 2880	-0.797128	-0.187504	0.573959	3.17133
			*CONTROL_ROT_SAMPLE 3072	-0.777659	-0.184461	0.601016	3.21715
			*CONTROL_ROT_SAMPLE 3264	-0.758134	-0.176897	0.627646	3.26125
			*CONTROL_ROT_SAMPLE 3456	-0.73874	-0.165892	0.653255	3.30274
			*CONTROL_ROT_SAMPLE 3648	-0.719644	-0.152198	0.677457	3.34012
			*CONTROL_ROT_SAMPLE 3840	0.698959	0.136486	-0.702017	2.91224
			*CONTROL_ROT_SAMPLE 4032	0.68762	0.125135	-0.715206	2.89703
			*CONTROL_ROT_SAMPLE 4224	0.678985	0.120613	-0.724177	2.88483
			*CONTROL_ROT_SAMPLE 4416	0.694361	0.138634	-0.706147	2.89137
			*CONTROL_ROT_SAMPLE 4608	-0.711035	-0.158225	0.685123	3.37786
			*CONTROL_ROT_SAMPLE 4800	-0.729119	-0.175552	0.661488	3.35208
			*CONTROL_ROT_SAMPLE 4992	-0.745497	-0.182715	0.640975	3.31152
		}
	}
}
*HELPEROBJECT {
	*NODE_NAME "Bip01 L Foot"
	*NODE_PARENT "Bip01 L Calf"
	*NODE_TM {
		*NODE_NAME "Bip01 L Foot"
		*TM_ROW0 0.0195879	0.00534481	-0.999794
		*TM_ROW1 0.448578	-0.893735	0.00401068
		*TM_ROW2 -0.893529	-0.448564	-0.0199039
		*TM_ROW3 -3.76714	1.67568	10.5281
		*TM_POS -3.76714	1.67568	10.5281
		*TM_ROTAXIS -0.704597	-0.16544	0.690053
		*TM_ROTANGLE 2.81464
		*TM_SCALE 1	1	1
		*TM_SCALEAXIS 0	0	0
		*TM_SCALEAXISANG 0	0	0
	}
	*TM_ANIMATION {
		*NODE_NAME "Bip01 L Foot"
		*CONTROL_POS_TRACK {
			*CONTROL_POS_SAMPLE 192	-3.76714	1.67568	10.5281
			*CONTROL_POS_SAMPLE 384	-0.631408	1.88774	12.7307
			*CONTROL_POS_SAMPLE 576	6.38563	1.86917	15.6618
			*CONTROL_POS_SAMPLE 768	13.7145	1.82951	17.3473
			*CONTROL_POS_SAMPLE 960	20.1601	1.84636	17.5359
			*CONTROL_POS_SAMPLE 1152	26.8258	1.85816	17.3603
			*CONTROL_POS_SAMPLE 1344	33.5894	1.86582	16.9222
			*CONTROL_POS_SAMPLE 1536	40.3289	1.87015	16.3229
			*CONTROL_POS_SAMPLE 1728	46.9223	1.87209	15.6639
			*CONTROL_POS_SAMPLE 1920	53.2475	1.87247	15.0468
			*CONTROL_POS_SAMPLE 2112	59.1824	1.87216	14.573
			*CONTROL_POS_SAMPLE 2304	59.3072	1.82659	14.401
			*CONTROL_POS_SAMPLE 2496	59.6585	1.8076	14.1896
			*CONTROL_POS_SAMPLE 2688	60.049	1.79018	13.9738
			*CONTROL_POS_SAMPLE 2880	60.4555	1.77397	13.7558
			*CONTROL_POS_SAMPLE 3072	60.8545	1.75852	13.5378
			*CONTROL_POS_SAMPLE 3264	61.2226	1.74345	13.3219
			*CONTROL_POS_SAMPLE 3456	61.5364	1.7284	13.1103
			*CONTROL_POS_SAMPLE 3648	61.7726	1.71294	12.9051
			*CONTROL_POS_SAMPLE 3840	61.5045	1.69784	12.7136
			*CONTROL_POS_SAMPLE 4032	61.0128	1.68445	12.5907
			*CONTROL_POS_SAMPLE 4224	60.9985	1.67579	12.7139
			*CONTROL_POS_SAMPLE 4416	69.6684	1.67483	13.2431
			*CONTROL_POS_SAMPLE 4608	79.5614	1.67496	13.8294
			*CONTROL_POS_SAMPLE 4800	89.9437	1.67552	14.4386
			*CONTROL_POS_SAMPLE 4992	100.081	1.67587	15.0364
		}
		*CONTROL_ROT_TRACK {
			*CONTROL_ROT_SAMPLE 192	-0.704597	-0.16544	0.690053	2.81464
			*CONTROL_ROT_SAMPLE 384	-0.703732	-0.181198	0.68697	2.78418
			*CONTROL_ROT_SAMPLE 576	-0.703795	-0.180165	0.687178	2.78617
			*CONTROL_ROT_SAMPLE 768	-0.704002	-0.176629	0.687883	2.793
			*CONTROL_ROT_SAMPLE 960	-0.704029	-0.176151	0.687978	2.79392
			*CONTROL_ROT_SAMPLE 1152	-0.704099	-0.174913	0.688222	2.79631
			*CONTROL_ROT_SAMPLE 1344	-0.704197	-0.17314	0.68857	2.79974
			*CONTROL_ROT_SAMPLE 1536	-0.70431	-0.171059	0.688975	2.80376
			*CONTROL_ROT_SAMPLE 1728	-0.704423	-0.168895	0.689393	2.80795
			*CONTROL_ROT_SAMPLE 1920	-0.704526	-0.166872	0.689781	2.81187
			*CONTROL_ROT_SAMPLE 2112	-0.704608	-0.165216	0.690095	2.81507
			*CONTROL_ROT_SAMPLE 2304	-0.704597	-0.16544	0.690053	2.81464
			*CONTROL_ROT_SAMPLE 2496	-0.704596	-0.165462	0.690049	2.8146
			*CONTROL_ROT_SAMPLE 2688	-0.704595	-0.165472	0.690047	2.81458
			*CONTROL_ROT_SAMPLE 2880	-0.704595	-0.165473	0.690047	2.81457
			*CONTROL_ROT_SAMPLE 3072	-0.704595	-0.165469	0.690048	2.81458
			*CONTROL_ROT_SAMPLE 3264	-0.704596	-0.165462	0.690049	2.8146
			*CONTROL_ROT_SAMPLE 3456	-0.704596	-0.165455	0.69005	2.81461
			*CONTROL_ROT_SAMPLE 3648	-0.704596	-0.165453	0.690051	2.81462
			*CONTROL_ROT_SAMPLE 3840	-0.704596	-0.165449	0.690051	2.81462
			*CONTROL_ROT_SAMPLE 4032	-0.704597	-0.165444	0.690052	2.81463
			*CONTROL_ROT_SAMPLE 4224	-0.704597	-0.16544	0.690053	2.81464
			*CONTROL_ROT_SAMPLE 4416	-0.704597	-0.165439	0.690053	2.81464
			*CONTROL_ROT_SAMPLE 4608	-0.704597	-0.165439	0.690053	2.81464
			*CONTROL_ROT_SAMPLE 4800	-0.704597	-0.16544	0.690053	2.81464
			*CONTROL_ROT_SAMPLE 4992	-0.704597	-0.16544	0.690053	2.81464
		}
	}
}
*HELPEROBJECT {
	*NODE_NAME "Bip01 L Toe0"
	*NODE_PARENT "Bip01 L Foot"
	*NODE_TM {
		*NODE_NAME "Bip01 L Toe0"
		*TM_ROW0 0.448584	-0.893732	0.0039395
		*TM_ROW1 -0.0195529	-0.00540699	0.999794
		*TM_ROW2 -0.893527	-0.448569	-0.0199005
		*TM_ROW3 6.63771	-18.4944	-2.00521
		*TM_POS 6.63771	-18.4944	-2.00521
		*TM_ROTAXIS -0.756308	0.46864	0.45648
		*TM_ROTANGLE 1.86331
		*TM_SCALE 1	1	1
		*TM_SCALEAXIS 0	0	0
		*TM_SCALEAXISANG 0	0	0
	}
	*TM_ANIMATION {
		*NODE_NAME "Bip01 L Toe0"
		*CONTROL_POS_TRACK {
			*CONTROL_POS_SAMPLE 192	6.63771	-18.4944	-2.00521
			*CONTROL_POS_SAMPLE 384	10.6856	-17.8014	0.223085
			*CONTROL_POS_SAMPLE 576	17.6436	-17.8527	3.15248
			*CONTROL_POS_SAMPLE 768	24.7695	-18.0031	4.83194
			*CONTROL_POS_SAMPLE 960	31.1876	-18.001	5.01973
			*CONTROL_POS_SAMPLE 1152	37.7818	-18.0274	4.84215
			*CONTROL_POS_SAMPLE 1344	44.4429	-18.0741	4.40107
			*CONTROL_POS_SAMPLE 1536	51.0617	-18.1329	3.7984
			*CONTROL_POS_SAMPLE 1728	57.5291	-18.1959	3.13599
			*CONTROL_POS_SAMPLE 1920	63.7362	-18.2555	2.51569
			*CONTROL_POS_SAMPLE 2112	69.5741	-18.3045	2.03934
			*CONTROL_POS_SAMPLE 2304	69.7121	-18.3435	1.86772
			*CONTROL_POS_SAMPLE 2496	70.0646	-18.3618	1.65636
			*CONTROL_POS_SAMPLE 2688	70.4558	-18.379	1.44058
			*CONTROL_POS_SAMPLE 2880	70.8623	-18.3951	1.22257
			*CONTROL_POS_SAMPLE 3072	71.261	-18.4107	1.00451
			*CONTROL_POS_SAMPLE 3264	71.6287	-18.426	0.788586
			*CONTROL_POS_SAMPLE 3456	71.9422	-18.4412	0.576966
			*CONTROL_POS_SAMPLE 3648	72.1782	-18.4568	0.371832
			*CONTROL_POS_SAMPLE 3840	71.91	-18.472	0.180252
			*CONTROL_POS_SAMPLE 4032	71.4178	-18.4855	0.0573656
			*CONTROL_POS_SAMPLE 4224	71.4033	-18.4943	0.180602
			*CONTROL_POS_SAMPLE 4416	80.0732	-18.4953	0.709765
			*CONTROL_POS_SAMPLE 4608	89.9663	-18.4951	1.2961
			*CONTROL_POS_SAMPLE 4800	100.349	-18.4946	1.90533
			*CONTROL_POS_SAMPLE 4992	110.486	-18.4942	2.50311
		}
		*CONTROL_ROT_TRACK {
			*CONTROL_ROT_SAMPLE 192	-0.756308	0.46864	0.45648	1.86331
			*CONTROL_ROT_SAMPLE 384	-0.772432	0.456067	0.441986	1.84531
			*CONTROL_ROT_SAMPLE 576	-0.771385	0.456904	0.442949	1.84647
			*CONTROL_ROT_SAMPLE 768	-0.767788	0.459757	0.446234	1.85046
			*CONTROL_ROT_SAMPLE 960	-0.767301	0.46014	0.446676	1.851
			*CONTROL_ROT_SAMPLE 1152	-0.766038	0.461133	0.44782	1.85241
			*CONTROL_ROT_SAMPLE 1344	-0.764226	0.462549	0.449452	1.85443
			*CONTROL_ROT_SAMPLE 1536	-0.762093	0.464206	0.451362	1.85682
			*CONTROL_ROT_SAMPLE 1728	-0.759869	0.46592	0.45334	1.85931
			*CONTROL_ROT_SAMPLE 1920	-0.757786	0.467515	0.455181	1.86165
			*CONTROL_ROT_SAMPLE 2112	-0.756078	0.468815	0.456683	1.86357
			*CONTROL_ROT_SAMPLE 2304	-0.756308	0.46864	0.45648	1.86331
			*CONTROL_ROT_SAMPLE 2496	-0.756331	0.468623	0.45646	1.86329
			*CONTROL_ROT_SAMPLE 2688	-0.756342	0.468615	0.456451	1.86327
			*CONTROL_ROT_SAMPLE 2880	-0.756343	0.468614	0.45645	1.86327
			*CONTROL_ROT_SAMPLE 3072	-0.756338	0.468617	0.456454	1.86328
			*CONTROL_ROT_SAMPLE 3264	-0.756331	0.468623	0.45646	1.86329
			*CONTROL_ROT_SAMPLE 3456	-0.756324	0.468628	0.456466	1.86329
			*CONTROL_ROT_SAMPLE 3648	-0.756322	0.46863	0.456468	1.8633
			*CONTROL_ROT_SAMPLE 3840	-0.756318	0.468633	0.456471	1.8633
			*CONTROL_ROT_SAMPLE 4032	-0.756313	0.468637	0.456476	1.86331
			*CONTROL_ROT_SAMPLE 4224	-0.756308	0.46864	0.45648	1.86331
			*CONTROL_ROT_SAMPLE 4416	-0.756308	0.468641	0.456481	1.86331
			*CONTROL_ROT_SAMPLE 4608	-0.756308	0.46864	0.45648	1.86331
			*CONTROL_ROT_SAMPLE 4800	-0.756308	0.46864	0.45648	1.86331
			*CONTROL_ROT_SAMPLE 4992	-0.756308	0.46864	0.45648	1.86331
		}
	}
}
*HELPEROBJECT {
	*NODE_NAME "Bip01 R Thigh"
	*NODE_PARENT "Bip01 Pelvis"
	*NODE_TM {
		*NODE_NAME "Bip01 R Thigh"
		*TM_ROW0 -0.510144	-0.350642	-0.785368
		*TM_ROW1 -0.483062	-0.638693	0.598934
		*TM_ROW2 -0.711621	0.684924	0.156444
		*TM_ROW3 -30.9199	14.1117	85.9759
		*TM_POS -30.9199	14.1117	85.9759
		*TM_ROTAXIS 0.493446	-0.423193	-0.759881
		*TM_ROTANGLE 3.05435
		*TM_SCALE 1	1	1
		*TM_SCALEAXIS 0	0	0
		*TM_SCALEAXISANG 0	0	0
	}
	*TM_ANIMATION {
		*NODE_NAME "Bip01 R Thigh"
		*CONTROL_POS_TRACK {
			*CONTROL_POS_SAMPLE 192	-30.9199	14.1117	85.9759
			*CONTROL_POS_SAMPLE 384	-29.8946	15.5457	84.309
			*CONTROL_POS_SAMPLE 576	-28.1234	16.3856	84.4072
			*CONTROL_POS_SAMPLE 768	-25.7436	16.7359	85.0851
			*CONTROL_POS_SAMPLE 960	-22.8925	16.7009	85.1573
			*CONTROL_POS_SAMPLE 1152	-19.7073	16.385	84.413
			*CONTROL_POS_SAMPLE 1344	-16.326	15.8937	83.5279
			*CONTROL_POS_SAMPLE 1536	-12.8849	15.3313	82.5488
			*CONTROL_POS_SAMPLE 1728	-9.52161	14.8005	81.5624
			*CONTROL_POS_SAMPLE 1920	-6.37378	14.404	80.6553
			*CONTROL_POS_SAMPLE 2112	-3.57902	14.2446	79.9142
			*CONTROL_POS_SAMPLE 2304	-2.60809	14.0985	80.7075
			*CONTROL_POS_SAMPLE 2496	2.77435	14.0664	81.5988
			*CONTROL_POS_SAMPLE 2688	8.47717	14.0417	82.5176
			*CONTROL_POS_SAMPLE 2880	14.3893	14.0321	83.404
			*CONTROL_POS_SAMPLE 3072	20.3981	14.0384	84.2085
			*CONTROL_POS_SAMPLE 3264	26.3899	14.0534	84.895
			*CONTROL_POS_SAMPLE 3456	32.2511	14.0727	85.3694
			*CONTROL_POS_SAMPLE 3648	37.8684	14.0922	85.6416
			*CONTROL_POS_SAMPLE 3840	43.1282	14.1075	85.8277
			*CONTROL_POS_SAMPLE 4032	45.7157	14.1092	86.0088
			*CONTROL_POS_SAMPLE 4224	47.7919	14.1113	85.8612
			*CONTROL_POS_SAMPLE 4416	52.4071	14.1117	85.1718
			*CONTROL_POS_SAMPLE 4608	57.7712	14.1115	84.2806
			*CONTROL_POS_SAMPLE 4800	63.2127	14.1113	83.6414
			*CONTROL_POS_SAMPLE 4992	68.8174	14.1113	84.413
		}
		*CONTROL_ROT_TRACK {
			*CONTROL_ROT_SAMPLE 192	0.493446	-0.423193	-0.759881	3.05435
			*CONTROL_ROT_SAMPLE 384	0.447506	-0.469536	-0.761101	3.01232
			*CONTROL_ROT_SAMPLE 576	0.438869	-0.470535	-0.7655	3.00328
			*CONTROL_ROT_SAMPLE 768	0.438106	-0.461182	-0.771605	2.99952
			*CONTROL_ROT_SAMPLE 960	0.429553	-0.456529	-0.779144	3.00727
			*CONTROL_ROT_SAMPLE 1152	0.414245	-0.45274	-0.789574	3.0269
			*CONTROL_ROT_SAMPLE 1344	0.398286	-0.44725	-0.800834	3.04351
			*CONTROL_ROT_SAMPLE 1536	0.382959	-0.440764	-0.811831	3.05686
			*CONTROL_ROT_SAMPLE 1728	0.369364	-0.434162	-0.821628	3.06777
			*CONTROL_ROT_SAMPLE 1920	0.358114	-0.428614	-0.829484	3.07919
			*CONTROL_ROT_SAMPLE 2112	0.349487	-0.425475	-0.834763	3.09562
			*CONTROL_ROT_SAMPLE 2304	0.355658	-0.423089	-0.833369	3.097
			*CONTROL_ROT_SAMPLE 2496	0.353938	-0.416857	-0.837233	3.09649
			*CONTROL_ROT_SAMPLE 2688	0.349181	-0.41896	-0.838179	3.12514
			*CONTROL_ROT_SAMPLE 2880	0.347473	-0.424908	-0.835892	3.15927
			*CONTROL_ROT_SAMPLE 3072	0.355171	-0.429839	-0.830116	3.17488
			*CONTROL_ROT_SAMPLE 3264	0.373215	-0.432497	-0.820766	3.16803
			*CONTROL_ROT_SAMPLE 3456	0.39782	-0.434736	-0.807926	3.14962
			*CONTROL_ROT_SAMPLE 3648	0.428582	-0.435432	-0.791654	3.11817
			*CONTROL_ROT_SAMPLE 3840	0.465353	-0.432958	-0.772007	3.0719
			*CONTROL_ROT_SAMPLE 4032	0.517358	-0.426231	-0.74207	3.00017
			*CONTROL_ROT_SAMPLE 4224	0.572145	-0.412833	-0.708674	2.91599
			*CONTROL_ROT_SAMPLE 4416	0.545414	-0.419537	-0.725612	2.96215
			*CONTROL_ROT_SAMPLE 4608	0.514515	-0.425231	-0.744616	3.01076
			*CONTROL_ROT_SAMPLE 4800	0.485433	-0.427309	-0.762733	3.04757
			*CONTROL_ROT_SAMPLE 4992	0.465556	-0.420692	-0.778637	3.04909
		}
	}
}
*HELPEROBJECT {
	*NODE_NAME "Bip01 R Calf"
	*NODE_PARENT "Bip01 R Thigh"
	*NODE_TM {
		*NODE_NAME "Bip01 R Calf"
		*TM_ROW0 0.186105	0.398492	-0.898092
		*TM_ROW1 -0.677467	-0.609986	-0.411043
		*TM_ROW2 -0.711621	0.684924	0.156444
		*TM_ROW3 -50.9915	0.315795	55.0758
		*TM_POS -50.9915	0.315795	55.0758
		*TM_ROTAXIS -0.708388	0.120527	0.695456
		*TM_ROTANGLE 4.02604
		*TM_SCALE 1	1	1
		*TM_SCALEAXIS 0	0	0
		*TM_SCALEAXISANG 0	0	0
	}
	*TM_ANIMATION {
		*NODE_NAME "Bip01 R Calf"
		*CONTROL_POS_TRACK {
			*CONTROL_POS_SAMPLE 192	-50.9915	0.315795	55.0758
			*CONTROL_POS_SAMPLE 384	-53.2183	2.94082	55.2377
			*CONTROL_POS_SAMPLE 576	-52.0088	4.36593	55.5449
			*CONTROL_POS_SAMPLE 768	-49.6646	5.21575	56.0491
			*CONTROL_POS_SAMPLE 960	-47.4288	5.44443	56.5343
			*CONTROL_POS_SAMPLE 1152	-45.3349	5.23084	56.7214
			*CONTROL_POS_SAMPLE 1344	-43.029	4.99564	56.7661
			*CONTROL_POS_SAMPLE 1536	-40.5688	4.77594	56.6606
			*CONTROL_POS_SAMPLE 1728	-38.0383	4.58286	56.4543
			*CONTROL_POS_SAMPLE 1920	-35.5602	4.3728	56.2516
			*CONTROL_POS_SAMPLE 2112	-33.2761	4.05904	56.2002
			*CONTROL_POS_SAMPLE 2304	-31.9651	3.7253	56.6539
			*CONTROL_POS_SAMPLE 2496	-26.6779	3.94752	57.5532
			*CONTROL_POS_SAMPLE 2688	-21.2686	3.07313	59.2174
			*CONTROL_POS_SAMPLE 2880	-15.4494	1.83354	60.8459
			*CONTROL_POS_SAMPLE 3072	-9.00124	0.941608	61.5774
			*CONTROL_POS_SAMPLE 3264	-1.98248	0.500371	61.2446
			*CONTROL_POS_SAMPLE 3456	5.36086	0.208646	60.2156
			*CONTROL_POS_SAMPLE 3648	12.9863	0.138856	58.5454
			*CONTROL_POS_SAMPLE 3840	20.8987	0.387502	56.4061
			*CONTROL_POS_SAMPLE 4032	27.7206	0.959052	53.5856
			*CONTROL_POS_SAMPLE 4224	34.8768	1.99749	50.7262
			*CONTROL_POS_SAMPLE 4416	36.9144	1.34579	51.3337
			*CONTROL_POS_SAMPLE 4608	39.5048	0.790889	52.0795
			*CONTROL_POS_SAMPLE 4800	42.5435	0.642109	52.992
			*CONTROL_POS_SAMPLE 4992	46.6597	1.56239	54.42
		}
		*CONTROL_ROT_TRACK {
			*CONTROL_ROT_SAMPLE 192	-0.708388	0.120527	0.695456	4.02604
			*CONTROL_ROT_SAMPLE 384	-0.708118	0.17608	0.683787	4.10126
			*CONTROL_ROT_SAMPLE 576	-0.699475	0.187659	0.689579	4.10442
			*CONTROL_ROT_SAMPLE 768	0.68542	-0.193369	-0.702002	2.19878
			*CONTROL_ROT_SAMPLE 960	0.667844	-0.203589	-0.715916	2.22043
			*CONTROL_ROT_SAMPLE 1152	0.647098	-0.212247	-0.732267	2.23773
			*CONTROL_ROT_SAMPLE 1344	0.623224	-0.221988	-0.749875	2.25876
			*CONTROL_ROT_SAMPLE 1536	0.59843	-0.231562	-0.766982	2.28244
			*CONTROL_ROT_SAMPLE 1728	0.575173	-0.239756	-0.782108	2.30673
			*CONTROL_ROT_SAMPLE 1920	0.556168	-0.245266	-0.794054	2.32813
			*CONTROL_ROT_SAMPLE 2112	0.544249	-0.246774	-0.801808	2.34206
			*CONTROL_ROT_SAMPLE 2304	0.549154	-0.240987	-0.800222	2.34345
			*CONTROL_ROT_SAMPLE 2496	0.53687	-0.244808	-0.807366	2.37023
			*CONTROL_ROT_SAMPLE 2688	0.539178	-0.238217	-0.8078	2.36322
			*CONTROL_ROT_SAMPLE 2880	0.552127	-0.225496	-0.802688	2.33774
			*CONTROL_ROT_SAMPLE 3072	0.572276	-0.20989	-0.792746	2.30918
			*CONTROL_ROT_SAMPLE 3264	0.598525	-0.191636	-0.777845	2.28136
			*CONTROL_ROT_SAMPLE 3456	0.63058	-0.169429	-0.757405	2.25105
			*CONTROL_ROT_SAMPLE 3648	0.666085	-0.144534	-0.731738	2.22285
			*CONTROL_ROT_SAMPLE 3840	-0.702423	0.119127	0.701719	4.08142
			*CONTROL_ROT_SAMPLE 4032	-0.747898	0.0880749	0.657944	4.09767
			*CONTROL_ROT_SAMPLE 4224	-0.787573	0.0632941	0.612962	4.10035
			*CONTROL_ROT_SAMPLE 4416	-0.770097	0.0694453	0.634136	4.10443
			*CONTROL_ROT_SAMPLE 4608	-0.747627	0.0802795	0.659248	4.1067
			*CONTROL_ROT_SAMPLE 4800	-0.721714	0.0972559	0.685325	4.10126
			*CONTROL_ROT_SAMPLE 4992	0.689715	-0.12638	-0.712967	2.21196
		}
	}
}
*HELPEROBJECT {
	*NODE_NAME "Bip01 R Foot"
	*NODE_PARENT "Bip01 R Calf"
	*NODE_TM {
		*NODE_NAME "Bip01 R Foot"
