*3DSMAX_ASCIIEXPORT	110
*COMMENT "This file is part of Gothic Free Aim Copyright (C) 2016-2018  mud-freak (@szapp)"
*COMMENT "<http://github.com/szapp/GothicFreeAim>"
*COMMENT "Animations: first iteration"
*SCENE {
	*SCENE_FILENAME "bowIK_T2_frontRight.max"
	*SCENE_FIRSTFRAME 1
	*SCENE_LASTFRAME 26
	*SCENE_FRAMESPEED 25
	*SCENE_TICKSPERFRAME 192
	*SCENE_BACKGROUND_STATIC 0	0	0
	*SCENE_AMBIENT_STATIC 0.2	0.2	0.2
}
*HELPEROBJECT {
	*NODE_NAME "Bip01"
	*NODE_TM {
		*NODE_NAME "Bip01"
		*TM_ROW0 -0.836419	-0.547972	0.0113689
		*TM_ROW1 0.547171	-0.836037	-0.040567
		*TM_ROW2 0.0317344	-0.0277103	0.999112
		*TM_ROW3 -75.1058	-92.0509	75.5428
		*TM_POS -75.1058	-92.0509	75.5428
		*TM_ROTAXIS -0.0117369	0.0185917	-0.999758
		*TM_ROTANGLE 3.72121
		*TM_SCALE 1	1	1
		*TM_SCALEAXIS 0	0	0
		*TM_SCALEAXISANG 0	0	0
	}
	*TM_ANIMATION {
		*NODE_NAME "Bip01"
		*CONTROL_POS_TRACK {
			*CONTROL_POS_SAMPLE 192	-0.0498829	24.2813	74.638
			*CONTROL_POS_SAMPLE 384	-1.67378	18.1218	76.0372
			*CONTROL_POS_SAMPLE 576	-3.10354	11.7502	76.5042
			*CONTROL_POS_SAMPLE 768	-4.45565	5.29371	75.8686
			*CONTROL_POS_SAMPLE 960	-5.84658	-1.12034	74.6457
			*CONTROL_POS_SAMPLE 1152	-7.39282	-7.36468	73.286
			*CONTROL_POS_SAMPLE 1344	-9.21085	-13.312	71.7199
			*CONTROL_POS_SAMPLE 1536	-11.4171	-18.8351	70.1986
			*CONTROL_POS_SAMPLE 1728	-14.1282	-23.8066	68.9733
			*CONTROL_POS_SAMPLE 1920	-17.1972	-28.3869	68.2951
			*CONTROL_POS_SAMPLE 2112	-20.3916	-32.8302	68.9194
			*CONTROL_POS_SAMPLE 2304	-23.6993	-37.1496	70.5984
			*CONTROL_POS_SAMPLE 2496	-27.1082	-41.3586	72.0792
			*CONTROL_POS_SAMPLE 2688	-30.6061	-45.4702	73.0441
			*CONTROL_POS_SAMPLE 2880	-34.1809	-49.4978	73.8108
			*CONTROL_POS_SAMPLE 3072	-37.8204	-53.4547	74.0791
			*CONTROL_POS_SAMPLE 3264	-41.5125	-57.3541	73.7309
			*CONTROL_POS_SAMPLE 3456	-45.2451	-61.2093	73.0258
			*CONTROL_POS_SAMPLE 3648	-49.006	-65.0336	72.2301
			*CONTROL_POS_SAMPLE 3840	-52.7831	-68.8401	71.6099
			*CONTROL_POS_SAMPLE 4032	-56.5643	-72.6423	71.4314
			*CONTROL_POS_SAMPLE 4224	-60.3373	-76.4532	71.9491
			*CONTROL_POS_SAMPLE 4416	-64.0901	-80.2863	72.9998
			*CONTROL_POS_SAMPLE 4608	-67.8106	-84.1548	74.2233
			*CONTROL_POS_SAMPLE 4800	-71.4865	-88.0719	75.2594
			*CONTROL_POS_SAMPLE 4992	-75.1058	-92.0509	75.5428
		}
		*CONTROL_ROT_TRACK {
			*CONTROL_ROT_SAMPLE 192	-0.0117386	0.0185945	-0.999758	3.72221
			*CONTROL_ROT_SAMPLE 384	-0.0117385	0.0185943	-0.999758	3.72213
			*CONTROL_ROT_SAMPLE 576	-0.0117384	0.0185941	-0.999758	3.72206
			*CONTROL_ROT_SAMPLE 768	-0.0117382	0.0185939	-0.999758	3.722
			*CONTROL_ROT_SAMPLE 960	-0.0117381	0.0185937	-0.999758	3.72194
			*CONTROL_ROT_SAMPLE 1152	-0.011738	0.0185936	-0.999758	3.72188
			*CONTROL_ROT_SAMPLE 1344	-0.011738	0.0185934	-0.999758	3.72183
			*CONTROL_ROT_SAMPLE 1536	-0.0117379	0.0185933	-0.999758	3.72178
			*CONTROL_ROT_SAMPLE 1728	-0.0117378	0.0185932	-0.999758	3.72174
			*CONTROL_ROT_SAMPLE 1920	-0.0117377	0.0185931	-0.999758	3.7217
			*CONTROL_ROT_SAMPLE 2112	-0.0117377	0.018593	-0.999758	3.72167
			*CONTROL_ROT_SAMPLE 2304	-0.0117376	0.0185929	-0.999758	3.72163
			*CONTROL_ROT_SAMPLE 2496	-0.0117376	0.0185928	-0.999758	3.7216
			*CONTROL_ROT_SAMPLE 2688	-0.0117375	0.0185927	-0.999758	3.72157
			*CONTROL_ROT_SAMPLE 2880	-0.0117375	0.0185926	-0.999758	3.72154
			*CONTROL_ROT_SAMPLE 3072	-0.0117374	0.0185926	-0.999758	3.72151
			*CONTROL_ROT_SAMPLE 3264	-0.0117374	0.0185925	-0.999758	3.72149
			*CONTROL_ROT_SAMPLE 3456	-0.0117373	0.0185924	-0.999758	3.72146
			*CONTROL_ROT_SAMPLE 3648	-0.0117373	0.0185923	-0.999758	3.72143
			*CONTROL_ROT_SAMPLE 3840	-0.0117372	0.0185923	-0.999758	3.72141
			*CONTROL_ROT_SAMPLE 4032	-0.0117372	0.0185922	-0.999758	3.72138
			*CONTROL_ROT_SAMPLE 4224	-0.0117371	0.0185921	-0.999758	3.72135
			*CONTROL_ROT_SAMPLE 4416	-0.0117371	0.018592	-0.999758	3.72132
			*CONTROL_ROT_SAMPLE 4608	-0.011737	0.0185919	-0.999758	3.72128
			*CONTROL_ROT_SAMPLE 4800	-0.011737	0.0185918	-0.999758	3.72125
			*CONTROL_ROT_SAMPLE 4992	-0.0117369	0.0185917	-0.999758	3.72121
		}
	}
}
*HELPEROBJECT {
	*NODE_NAME "Bip01 Footsteps"
	*NODE_PARENT "Bip01"
	*NODE_TM {
		*NODE_NAME "Bip01 Footsteps"
		*TM_ROW0 1	0	0
		*TM_ROW1 0	1	0
		*TM_ROW2 0	0	1
		*TM_ROW3 -75.1058	-92.0509	-1.15237
		*TM_POS -75.1058	-92.0509	-1.15237
		*TM_ROTAXIS 0	0	0
		*TM_ROTANGLE 0
		*TM_SCALE 1	1	1
		*TM_SCALEAXIS 0	0	0
		*TM_SCALEAXISANG 0	0	0
	}
}
*HELPEROBJECT {
	*NODE_NAME "Bip01 Pelvis"
	*NODE_PARENT "Bip01"
	*NODE_TM {
		*NODE_NAME "Bip01 Pelvis"
		*TM_ROW0 0.0317337	-0.0277091	0.999112
		*TM_ROW1 -0.836418	-0.547974	0.0113689
		*TM_ROW2 0.547172	-0.836037	-0.0405656
		*TM_ROW3 -72.7573	-91.5793	75.4813
		*TM_POS -72.7573	-91.5793	75.4813
		*TM_ROTAXIS -0.674938	0.35996	-0.644118
		*TM_ROTANGLE 2.46291
		*TM_SCALE 1	1	1
		*TM_SCALEAXIS 0	0	0
		*TM_SCALEAXISANG 0	0	0
	}
	*TM_ANIMATION {
		*NODE_NAME "Bip01 Pelvis"
		*CONTROL_POS_TRACK {
			*CONTROL_POS_SAMPLE 192	2.29816	24.7552	74.5766
			*CONTROL_POS_SAMPLE 384	0.6743	18.5955	75.9757
			*CONTROL_POS_SAMPLE 576	-0.755427	12.2237	76.4427
			*CONTROL_POS_SAMPLE 768	-2.1075	5.76709	75.8071
			*CONTROL_POS_SAMPLE 960	-3.49841	-0.6471	74.5842
			*CONTROL_POS_SAMPLE 1152	-5.04462	-6.89157	73.2246
			*CONTROL_POS_SAMPLE 1344	-6.86263	-12.839	71.6585
			*CONTROL_POS_SAMPLE 1536	-9.0689	-18.3622	70.1371
			*CONTROL_POS_SAMPLE 1728	-11.7799	-23.3338	68.9118
			*CONTROL_POS_SAMPLE 1920	-14.8489	-27.9142	68.2336
			*CONTROL_POS_SAMPLE 2112	-18.0433	-32.3576	68.8579
			*CONTROL_POS_SAMPLE 2304	-21.351	-36.6771	70.5369
			*CONTROL_POS_SAMPLE 2496	-24.7599	-40.8861	72.0177
			*CONTROL_POS_SAMPLE 2688	-28.2578	-44.9978	72.9826
			*CONTROL_POS_SAMPLE 2880	-31.8326	-49.0255	73.7493
			*CONTROL_POS_SAMPLE 3072	-35.472	-52.9825	74.0176
			*CONTROL_POS_SAMPLE 3264	-39.1642	-56.8819	73.6694
			*CONTROL_POS_SAMPLE 3456	-42.8967	-60.7372	72.9643
			*CONTROL_POS_SAMPLE 3648	-46.6576	-64.5615	72.1686
			*CONTROL_POS_SAMPLE 3840	-50.4347	-68.3681	71.5483
			*CONTROL_POS_SAMPLE 4032	-54.2158	-72.1703	71.3699
			*CONTROL_POS_SAMPLE 4224	-57.9889	-75.9814	71.8876
			*CONTROL_POS_SAMPLE 4416	-61.7417	-79.8145	72.9383
			*CONTROL_POS_SAMPLE 4608	-65.4621	-83.6831	74.1618
			*CONTROL_POS_SAMPLE 4800	-69.138	-87.6002	75.1979
			*CONTROL_POS_SAMPLE 4992	-72.7573	-91.5793	75.4813
		}
		*CONTROL_ROT_TRACK {
			*CONTROL_ROT_SAMPLE 192	-0.675038	0.359588	-0.644221	2.46357
			*CONTROL_ROT_SAMPLE 384	-0.67503	0.359616	-0.644213	2.46352
			*CONTROL_ROT_SAMPLE 576	-0.675023	0.359643	-0.644206	2.46348
			*CONTROL_ROT_SAMPLE 768	-0.675017	0.359667	-0.644199	2.46343
			*CONTROL_ROT_SAMPLE 960	-0.675011	0.359689	-0.644193	2.46339
			*CONTROL_ROT_SAMPLE 1152	-0.675005	0.35971	-0.644187	2.46336
			*CONTROL_ROT_SAMPLE 1344	-0.675	0.359729	-0.644182	2.46332
			*CONTROL_ROT_SAMPLE 1536	-0.674995	0.359746	-0.644177	2.46329
			*CONTROL_ROT_SAMPLE 1728	-0.674991	0.359762	-0.644173	2.46326
			*CONTROL_ROT_SAMPLE 1920	-0.674987	0.359777	-0.644168	2.46324
			*CONTROL_ROT_SAMPLE 2112	-0.674984	0.35979	-0.644165	2.46321
			*CONTROL_ROT_SAMPLE 2304	-0.67498	0.359803	-0.644161	2.46319
			*CONTROL_ROT_SAMPLE 2496	-0.674977	0.359815	-0.644158	2.46317
			*CONTROL_ROT_SAMPLE 2688	-0.674974	0.359826	-0.644155	2.46315
			*CONTROL_ROT_SAMPLE 2880	-0.674971	0.359836	-0.644152	2.46313
			*CONTROL_ROT_SAMPLE 3072	-0.674968	0.359847	-0.644149	2.46311
			*CONTROL_ROT_SAMPLE 3264	-0.674966	0.359857	-0.644146	2.4631
			*CONTROL_ROT_SAMPLE 3456	-0.674963	0.359866	-0.644144	2.46308
			*CONTROL_ROT_SAMPLE 3648	-0.67496	0.359876	-0.644141	2.46306
			*CONTROL_ROT_SAMPLE 3840	-0.674958	0.359887	-0.644138	2.46304
			*CONTROL_ROT_SAMPLE 4032	-0.674955	0.359897	-0.644135	2.46302
			*CONTROL_ROT_SAMPLE 4224	-0.674952	0.359908	-0.644132	2.46301
			*CONTROL_ROT_SAMPLE 4416	-0.674949	0.35992	-0.644129	2.46298
			*CONTROL_ROT_SAMPLE 4608	-0.674946	0.359932	-0.644125	2.46296
			*CONTROL_ROT_SAMPLE 4800	-0.674942	0.359945	-0.644122	2.46294
			*CONTROL_ROT_SAMPLE 4992	-0.674938	0.35996	-0.644118	2.46291
		}
	}
}
*HELPEROBJECT {
	*NODE_NAME "Bip01 Spine"
	*NODE_PARENT "Bip01 Pelvis"
	*NODE_TM {
		*NODE_NAME "Bip01 Spine"
		*TM_ROW0 -0.0267031	-0.0658734	0.997471
		*TM_ROW1 -0.836595	-0.544703	-0.0583687
		*TM_ROW2 0.54717	-0.836038	-0.0405641
		*TM_ROW3 -72.6066	-91.597	77.879
		*TM_POS -72.6066	-91.597	77.879
		*TM_ROTAXIS -0.656886	0.380362	-0.651018
		*TM_ROTANGLE 2.50813
		*TM_SCALE 1	1	1
		*TM_SCALEAXIS 0	0	0
		*TM_SCALEAXISANG 0	0	0
	}
}
*HELPEROBJECT {
	*NODE_NAME "Bip01 Spine1"
	*NODE_PARENT "Bip01 Spine"
	*NODE_TM {
		*NODE_NAME "Bip01 Spine1"
		*TM_ROW0 -0.039189	-0.0785687	0.996138
		*TM_ROW1 -0.938645	-0.338958	-0.0636619
		*TM_ROW2 0.342651	-0.937515	-0.0604648
		*TM_ROW3 -72.8594	-92.2409	87.682
		*TM_POS -72.8594	-92.2409	87.682
		*TM_ROTAXIS -0.628949	0.470342	-0.619033
		*TM_ROTANGLE 2.3736
		*TM_SCALE 1	1	1
		*TM_SCALEAXIS 0	0	0
		*TM_SCALEAXISANG 0	0	0
	}
}
*HELPEROBJECT {
	*NODE_NAME "Bip01 Spine2"
	*NODE_PARENT "Bip01 Spine1"
	*NODE_TM {
		*NODE_NAME "Bip01 Spine2"
		*TM_ROW0 -0.130752	0.0235634	0.991135
		*TM_ROW1 -0.984906	-0.117454	-0.127138
		*TM_ROW2 0.113417	-0.992799	0.0385652
		*TM_ROW3 -73.3371	-93.243	100.425
		*TM_POS -73.3371	-93.243	100.425
		*TM_ROTAXIS -0.54351	0.55108	-0.633173
		*TM_ROTANGLE 2.22034
		*TM_SCALE 1	1	1
		*TM_SCALEAXIS 0	0	0
		*TM_SCALEAXISANG 0	0	0
	}
}
*HELPEROBJECT {
	*NODE_NAME "Bip01 Neck"
	*NODE_PARENT "Bip01 Spine2"
	*NODE_TM {
		*NODE_NAME "Bip01 Neck"
		*TM_ROW0 -0.418706	-0.323974	0.848367
		*TM_ROW1 -0.134049	-0.901916	-0.410582
		*TM_ROW2 0.898174	-0.285635	0.334209
		*TM_ROW3 -77.2569	-92.5316	130.146
		*TM_POS -77.2569	-92.5316	130.146
		*TM_ROTAXIS -0.53687	0.214011	-0.81607
		*TM_ROTANGLE 3.25822
		*TM_SCALE 1	1	1
		*TM_SCALEAXIS 0	0	0
		*TM_SCALEAXISANG 0	0	0
	}
}
*HELPEROBJECT {
	*NODE_NAME "Bip01 Head"
	*NODE_PARENT "Bip01 Neck"
	*NODE_TM {
		*NODE_NAME "Bip01 Head"
		*TM_ROW0 -0.477585	0.0247585	0.878237
		*TM_ROW1 0.327773	-0.922414	0.204247
		*TM_ROW2 0.815155	0.385407	0.432416
		*TM_ROW3 -80.1205	-94.7473	135.948
		*TM_POS -80.1205	-94.7473	135.948
		*TM_ROTAXIS -0.505145	-0.175896	-0.84492
		*TM_ROTANGLE 3.32188
		*TM_SCALE 1	1	1
		*TM_SCALEAXIS 0	0	0
		*TM_SCALEAXISANG 0	0	0
	}
}
*HELPEROBJECT {
	*NODE_NAME "zs_Helmet"
	*NODE_PARENT "Bip01 Head"
	*NODE_TM {
		*NODE_NAME "zs_Helmet"
		*TM_ROW0 0.815155	0.385408	0.432416
		*TM_ROW1 -0.289293	0.917628	-0.272522
		*TM_ROW2 -0.501829	0.0970531	0.859505
		*TM_ROW3 -191.006	-154.334	398.09
		*TM_POS -191.006	-154.334	398.09
		*TM_ROTAXIS 0.30538	0.771966	-0.557505
		*TM_ROTANGLE 0.649901
		*TM_SCALE 1	1	1
		*TM_SCALEAXIS 0	0	0
		*TM_SCALEAXISANG 0	0	0
	}
}
*HELPEROBJECT {
	*NODE_NAME "Bip01 L Clavicle"
	*NODE_PARENT "Bip01 Neck"
	*NODE_TM {
		*NODE_NAME "Bip01 L Clavicle"
		*TM_ROW0 0.344645	-0.887358	0.306294
		*TM_ROW1 0.913023	0.3927	0.110341
		*TM_ROW2 -0.218194	0.241626	0.94552
		*TM_ROW3 -73.2181	-100.279	125.445
		*TM_POS -73.2181	-100.279	125.445
		*TM_ROTAXIS 0.0698392	0.279011	0.957745
		*TM_ROTANGLE 1.22236
		*TM_SCALE 1	1	1
		*TM_SCALEAXIS 0	0	0
		*TM_SCALEAXISANG 0	0	0
	}
}
*HELPEROBJECT {
	*NODE_NAME "Bip01 L UpperArm"
	*NODE_PARENT "Bip01 L Clavicle"
	*NODE_TM {
		*NODE_NAME "Bip01 L UpperArm"
		*TM_ROW0 0.293336	-0.955738	0.022757
		*TM_ROW1 0.939992	0.284001	-0.189101
		*TM_ROW2 0.174268	0.0768615	0.981694
		*TM_ROW3 -68.6254	-112.104	129.527
		*TM_POS -68.6254	-112.104	129.527
		*TM_ROTAXIS 0.138502	-0.0789004	0.987214
		*TM_ROTANGLE 1.28751
		*TM_SCALE 1	1	1
		*TM_SCALEAXIS 0	0	0
		*TM_SCALEAXISANG 0	0	0
	}
}
*HELPEROBJECT {
	*NODE_NAME "Bip01 L Forearm"
	*NODE_PARENT "Bip01 L UpperArm"
	*NODE_TM {
		*NODE_NAME "Bip01 L Forearm"
		*TM_ROW0 0.182564	-0.982187	0.0444917
		*TM_ROW1 0.967626	0.171469	-0.185196
		*TM_ROW2 0.174268	0.0768616	0.981694
		*TM_ROW3 -60.4395	-138.775	130.162
		*TM_POS -60.4395	-138.775	130.162
		*TM_ROTAXIS 0.132915	-0.0658221	0.988939
		*TM_ROTANGLE 1.40213
		*TM_SCALE 1	1	1
		*TM_SCALEAXIS 0	0	0
		*TM_SCALEAXISANG 0	0	0
	}
}
*HELPEROBJECT {
	*NODE_NAME "Bip01 L Hand"
	*NODE_PARENT "Bip01 L Forearm"
	*NODE_TM {
		*NODE_NAME "Bip01 L Hand"
		*TM_ROW0 0.237827	-0.963752	0.120911
		*TM_ROW1 -0.30357	-0.191999	-0.933264
		*TM_ROW2 0.92265	0.18525	-0.338229
		*TM_ROW3 -55.3612	-166.096	131.4
		*TM_POS -55.3612	-166.096	131.4
		*TM_ROTAXIS -0.73281	0.52527	-0.432528
		*TM_ROTANGLE 4.00979
		*TM_SCALE 1	1	1
		*TM_SCALEAXIS 0	0	0
		*TM_SCALEAXISANG 0	0	0
	}
}
*HELPEROBJECT {
	*NODE_NAME "Bip01 L Finger0"
	*NODE_PARENT "Bip01 L Hand"
	*NODE_TM {
		*NODE_NAME "Bip01 L Finger0"
		*TM_ROW0 0.237824	-0.963753	0.120916
		*TM_ROW1 -0.304278	-0.192145	-0.933003
		*TM_ROW2 0.922418	0.185098	-0.338945
		*TM_ROW3 -52.3004	-178.499	132.956
		*TM_POS -52.3004	-178.499	132.956
		*TM_ROTAXIS -0.732892	0.525367	-0.432272
		*TM_ROTANGLE 4.00923
		*TM_SCALE 1	1	1
		*TM_SCALEAXIS 0	0	0
		*TM_SCALEAXISANG 0	0	0
	}
}
*HELPEROBJECT {
	*NODE_NAME "zs_LeftHand"
	*NODE_PARENT "Bip01 L Hand"
	*NODE_TM {
		*NODE_NAME "zs_LeftHand"
		*TM_ROW0 0.877487	0.283784	-0.386631
		*TM_ROW1 0.368928	-0.914501	0.166071
		*TM_ROW2 -0.306446	-0.288365	-0.907158
		*TM_ROW3 -5.03059	-273.123	49.0534
		*TM_POS -5.03059	-273.123	49.0534
		*TM_ROTAXIS -0.96844	-0.170881	0.181448
		*TM_ROTANGLE 2.90476
		*TM_SCALE 1	1	1
		*TM_SCALEAXIS 0	0	0
		*TM_SCALEAXISANG 0	0	0
	}
}
*HELPEROBJECT {
	*NODE_NAME "zs_LeftArm"
	*NODE_PARENT "Bip01 L Forearm"
	*NODE_TM {
		*NODE_NAME "zs_LeftArm"
		*TM_ROW0 0.310276	-0.950359	-0.0233932
		*TM_ROW1 0.942348	0.310718	-0.124234
		*TM_ROW2 0.125336	0.0165024	0.991977
		*TM_ROW3 -173.834	-422.622	222.95
		*TM_POS -173.834	-422.622	222.95
		*TM_ROTAXIS 0.0739261	-0.0781243	0.994199
		*TM_ROTANGLE 1.2593
		*TM_SCALE 1	1	1
		*TM_SCALEAXIS 0	0	0
		*TM_SCALEAXISANG 0	0	0
	}
}
*HELPEROBJECT {
	*NODE_NAME "Bip01 R Clavicle"
	*NODE_PARENT "Bip01 Neck"
	*NODE_TM {
		*NODE_NAME "Bip01 R Clavicle"
		*TM_ROW0 -0.738	0.595433	-0.317515
		*TM_ROW1 0.61066	0.789522	0.0612252
		*TM_ROW2 0.287141	-0.14871	-0.946275
		*TM_ROW3 -75.0247	-84.466	124.831
		*TM_POS -75.0247	-84.466	124.831
		*TM_ROTAXIS -0.327898	-0.944414	0.0237842
		*TM_ROTANGLE 2.81573
		*TM_SCALE 1	1	1
		*TM_SCALEAXIS 0	0	0
		*TM_SCALEAXISANG 0	0	0
	}
}
*HELPEROBJECT {
	*NODE_NAME "Bip01 R UpperArm"
	*NODE_PARENT "Bip01 R Clavicle"
	*NODE_TM {
		*NODE_NAME "Bip01 R UpperArm"
		*TM_ROW0 -0.583798	-0.785265	-0.206249
		*TM_ROW1 -0.587068	0.583762	-0.560868
		*TM_ROW2 0.560831	-0.206352	-0.801803
		*TM_ROW3 -84.8593	-76.5313	120.6
		*TM_POS -84.8593	-76.5313	120.6
		*TM_ROTAXIS 0.408442	-0.883761	0.228345
		*TM_ROTANGLE 2.69268
		*TM_SCALE 1	1	1
		*TM_SCALEAXIS 0	0	0
		*TM_SCALEAXISANG 0	0	0
	}
}
*HELPEROBJECT {
	*NODE_NAME "Bip01 R Forearm"
	*NODE_PARENT "Bip01 R UpperArm"
	*NODE_TM {
		*NODE_NAME "Bip01 R Forearm"
		*TM_ROW0 0.683609	-0.430916	0.589059
		*TM_ROW1 -0.467063	-0.878482	-0.100607
		*TM_ROW2 0.560831	-0.206352	-0.801803
		*TM_ROW3 -101.151	-98.445	114.844
		*TM_POS -101.151	-98.445	114.844
		*TM_ROTAXIS -0.917427	0.244904	-0.313607
		*TM_ROTANGLE 3.08393
		*TM_SCALE 1	1	1
		*TM_SCALEAXIS 0	0	0
		*TM_SCALEAXISANG 0	0	0
	}
}
*HELPEROBJECT {
	*NODE_NAME "Bip01 R Hand"
	*NODE_PARENT "Bip01 R Forearm"
	*NODE_TM {
		*NODE_NAME "Bip01 R Hand"
		*TM_ROW0 0.393533	-0.90321	0.171298
		*TM_ROW1 0.775966	0.226437	-0.58873
		*TM_ROW2 0.492959	0.364606	0.789971
		*TM_ROW3 -82.1354	-110.432	131.23
		*TM_POS -82.1354	-110.432	131.23
		*TM_ROTAXIS 0.487008	-0.164319	0.857801
		*TM_ROTANGLE 1.36436
		*TM_SCALE 1	1	1
		*TM_SCALEAXIS 0	0	0
		*TM_SCALEAXISANG 0	0	0
	}
}
*HELPEROBJECT {
	*NODE_NAME "Bip01 R Finger0"
	*NODE_PARENT "Bip01 R Hand"
	*NODE_TM {
		*NODE_NAME "Bip01 R Finger0"
		*TM_ROW0 0.393527	-0.903212	0.1713
		*TM_ROW1 0.776344	0.226709	-0.588127
		*TM_ROW2 0.492368	0.364431	0.79042
		*TM_ROW3 -77.0707	-122.056	133.434
		*TM_POS -77.0707	-122.056	133.434
		*TM_ROTAXIS 0.486648	-0.164029	0.858061
		*TM_ROTANGLE 1.364
		*TM_SCALE 1	1	1
		*TM_SCALEAXIS 0	0	0
		*TM_SCALEAXISANG 0	0	0
	}
}
*HELPEROBJECT {
	*NODE_NAME "zs_RightHand"
	*NODE_PARENT "Bip01 R Hand"
	*NODE_TM {
		*NODE_NAME "zs_RightHand"
		*TM_ROW0 -0.371451	0.919948	-0.125378
		*TM_ROW1 -0.856133	-0.391632	-0.337137
		*TM_ROW2 -0.359251	-0.0178894	0.93307
		*TM_ROW3 106.273	-565.312	210.755
		*TM_POS 106.273	-565.312	210.755
		*TM_ROTAXIS 0.175446	0.128527	-0.976063
		*TM_ROTANGLE 1.99875
		*TM_SCALE 1	1	1
		*TM_SCALEAXIS 0	0	0
		*TM_SCALEAXISANG 0	0	0
	}
}
*HELPEROBJECT {
	*NODE_NAME "zs_Crossbow"
	*NODE_PARENT "Bip01 Spine2"
	*NODE_TM {
		*NODE_NAME "zs_Crossbow"
		*TM_ROW0 -0.429523	0.368421	0.824485
		*TM_ROW1 0.055157	0.921993	-0.383258
		*TM_ROW2 -0.90137	-0.119142	-0.416338
		*TM_ROW3 -1.34835	297.984	1423.28
		*TM_POS -1.34835	297.984	1423.28
		*TM_ROTAXIS 0.148896	0.972955	-0.176603
		*TM_ROTANGLE 2.05097
		*TM_SCALE 1	1	1
		*TM_SCALEAXIS 0	0	0
		*TM_SCALEAXISANG 0	0	0
	}
}
*HELPEROBJECT {
	*NODE_NAME "zs_Longsword"
	*NODE_PARENT "Bip01 Spine2"
	*NODE_TM {
		*NODE_NAME "zs_Longsword"
		*TM_ROW0 -0.406842	0.486999	0.772859
		*TM_ROW1 0.131206	0.868423	-0.478148
		*TM_ROW2 -0.904027	-0.093127	-0.417208
		*TM_ROW3 -29.7916	369.695	1149.66
		*TM_POS -29.7916	369.695	1149.66
		*TM_ROTAXIS 0.219145	0.954445	-0.202509
		*TM_ROTANGLE 2.06896
		*TM_SCALE 1	1	1
		*TM_SCALEAXIS 0	0	0
		*TM_SCALEAXISANG 0	0	0
	}
}
*HELPEROBJECT {
	*NODE_NAME "zs_Shield"
	*NODE_PARENT "Bip01 Spine2"
	*NODE_TM {
		*NODE_NAME "zs_Shield"
		*TM_ROW0 0.410467	0.025452	-0.91152
		*TM_ROW1 0.269615	0.95153	0.14798
		*TM_ROW2 0.871105	-0.306501	0.38371
		*TM_ROW3 320.916	-235.697	457.827
		*TM_POS 320.916	-235.697	457.827
		*TM_ROTAXIS -0.2449	-0.96058	0.131569
		*TM_ROTANGLE 1.18871
		*TM_SCALE 1	1	1
		*TM_SCALEAXIS 0	0	0
		*TM_SCALEAXISANG 0	0	0
	}
}
*HELPEROBJECT {
	*NODE_NAME "zs_Bow"
	*NODE_PARENT "Bip01 Spine2"
	*NODE_TM {
		*NODE_NAME "zs_Bow"
		*TM_ROW0 -0.178247	0.275147	0.944734
		*TM_ROW1 0.95222	0.290217	0.0951357
		*TM_ROW2 -0.248002	0.916552	-0.313731
		*TM_ROW3 439.249	45.2998	145.535
		*TM_POS 439.249	45.2998	145.535
		*TM_ROTAXIS -0.51381	-0.746076	-0.423521
		*TM_ROTANGLE 4.06779
		*TM_SCALE 1	1	1
		*TM_SCALEAXIS 0	0	0
		*TM_SCALEAXISANG 0	0	0
	}
}
*HELPEROBJECT {
	*NODE_NAME "zs_Sword"
	*NODE_PARENT "Bip01 Spine"
	*NODE_TM {
		*NODE_NAME "zs_Sword"
		*TM_ROW0 -0.299451	-0.240778	0.923231
		*TM_ROW1 0.781625	0.493013	0.382099
		*TM_ROW2 -0.547166	0.836041	0.0405649
		*TM_ROW3 159.692	-315.945	108.127
		*TM_POS 159.692	-315.945	108.127
		*TM_ROTAXIS 0.245699	0.795863	0.553384
		*TM_ROTANGLE 1.96377
		*TM_SCALE 1	1	1
		*TM_SCALEAXIS 0	0	0
		*TM_SCALEAXISANG 0	0	0
	}
}
*HELPEROBJECT {
	*NODE_NAME "Bip01 L Thigh"
	*NODE_PARENT "Bip01 Pelvis"
	*NODE_TM {
		*NODE_NAME "Bip01 L Thigh"
		*TM_ROW0 0.092706	-0.734245	-0.672525
		*TM_ROW1 -0.146914	-0.678128	0.72011
		*TM_ROW2 -0.984795	0.0320451	-0.170738
		*TM_ROW3 -67.8272	-99.1122	75.1157
		*TM_POS -67.8272	-99.1122	75.1157
		*TM_ROTAXIS -0.71896	0.326291	0.613702
		*TM_ROTANGLE 2.64263
		*TM_SCALE 1	1	1
		*TM_SCALEAXIS 0	0	0
		*TM_SCALEAXISANG 0	0	0
	}
	*TM_ANIMATION {
		*NODE_NAME "Bip01 L Thigh"
		*CONTROL_POS_TRACK {
			*CONTROL_POS_SAMPLE 192	7.23582	17.2272	74.211
			*CONTROL_POS_SAMPLE 384	5.61138	11.0672	75.6101
			*CONTROL_POS_SAMPLE 576	4.18112	4.69505	76.0771
			*CONTROL_POS_SAMPLE 768	2.82855	-1.7619	75.4416
			*CONTROL_POS_SAMPLE 960	1.4372	-8.17639	74.2187
			*CONTROL_POS_SAMPLE 1152	-0.109434	-14.4211	72.859
			*CONTROL_POS_SAMPLE 1344	-1.92782	-20.3688	71.2929
			*CONTROL_POS_SAMPLE 1536	-4.13444	-25.8922	69.7716
			*CONTROL_POS_SAMPLE 1728	-6.84578	-30.8641	68.5462
			*CONTROL_POS_SAMPLE 1920	-9.91506	-35.4447	67.8681
			*CONTROL_POS_SAMPLE 2112	-13.1098	-39.8882	68.4923
			*CONTROL_POS_SAMPLE 2304	-16.4177	-44.2079	70.1714
			*CONTROL_POS_SAMPLE 2496	-19.8268	-48.4171	71.6521
			*CONTROL_POS_SAMPLE 2688	-23.3249	-52.5289	72.6171
			*CONTROL_POS_SAMPLE 2880	-26.8999	-56.5568	73.3838
			*CONTROL_POS_SAMPLE 3072	-30.5396	-60.5139	73.652
			*CONTROL_POS_SAMPLE 3264	-34.2319	-64.4135	73.3039
			*CONTROL_POS_SAMPLE 3456	-37.9647	-68.2689	72.5988
			*CONTROL_POS_SAMPLE 3648	-41.7258	-72.0933	71.803
			*CONTROL_POS_SAMPLE 3840	-45.5031	-75.9	71.1828
			*CONTROL_POS_SAMPLE 4032	-49.2844	-79.7024	71.0043
			*CONTROL_POS_SAMPLE 4224	-53.0577	-83.5136	71.5221
			*CONTROL_POS_SAMPLE 4416	-56.8107	-87.3469	72.5728
			*CONTROL_POS_SAMPLE 4608	-60.5314	-91.2156	73.7963
			*CONTROL_POS_SAMPLE 4800	-64.2076	-95.1329	74.8323
			*CONTROL_POS_SAMPLE 4992	-67.8272	-99.1122	75.1157
		}
		*CONTROL_ROT_TRACK {
			*CONTROL_ROT_SAMPLE 192	-0.669485	0.432166	0.60417	2.58979
			*CONTROL_ROT_SAMPLE 384	-0.715665	0.357688	0.599903	2.57552
			*CONTROL_ROT_SAMPLE 576	-0.74144	0.310287	0.594969	2.61166
			*CONTROL_ROT_SAMPLE 768	-0.755448	0.281945	0.591444	2.67461
			*CONTROL_ROT_SAMPLE 960	-0.765752	0.257779	0.589215	2.75075
			*CONTROL_ROT_SAMPLE 1152	-0.779968	0.224887	0.584016	2.82392
			*CONTROL_ROT_SAMPLE 1344	-0.794498	0.188716	0.577199	2.90611
			*CONTROL_ROT_SAMPLE 1536	-0.80568	0.155171	0.571666	3.00008
			*CONTROL_ROT_SAMPLE 1728	-0.81585	0.12592	0.564387	3.0806
			*CONTROL_ROT_SAMPLE 1920	-0.808243	0.168748	0.564152	3.00668
			*CONTROL_ROT_SAMPLE 2112	-0.794578	0.216571	0.567224	2.90955
			*CONTROL_ROT_SAMPLE 2304	-0.776761	0.255141	0.5758	2.81249
			*CONTROL_ROT_SAMPLE 2496	-0.757338	0.286589	0.586776	2.7219
			*CONTROL_ROT_SAMPLE 2688	-0.735562	0.319097	0.5976	2.62822
			*CONTROL_ROT_SAMPLE 2880	-0.711941	0.349565	0.609053	2.53672
			*CONTROL_ROT_SAMPLE 3072	-0.687003	0.378504	0.620292	2.44923
			*CONTROL_ROT_SAMPLE 3264	-0.661378	0.405739	0.630837	2.36746
			*CONTROL_ROT_SAMPLE 3456	0.636594	-0.428562	-0.641157	3.98633
			*CONTROL_ROT_SAMPLE 3648	0.616579	-0.434901	-0.656271	4.02919
			*CONTROL_ROT_SAMPLE 3840	0.607474	-0.420786	-0.673731	4.03029
			*CONTROL_ROT_SAMPLE 4032	0.608777	-0.403084	-0.683311	4.00464
			*CONTROL_ROT_SAMPLE 4224	0.625251	-0.394622	-0.673301	3.9496
			*CONTROL_ROT_SAMPLE 4416	0.651481	-0.381589	-0.655715	3.8674
			*CONTROL_ROT_SAMPLE 4608	-0.67546	0.363138	0.641782	2.49288
			*CONTROL_ROT_SAMPLE 4800	-0.698442	0.343455	0.627867	2.56994
			*CONTROL_ROT_SAMPLE 4992	-0.71896	0.326291	0.613702	2.64263
		}
	}
}
*HELPEROBJECT {
	*NODE_NAME "Bip01 L Calf"
	*NODE_PARENT "Bip01 L Thigh"
	*NODE_TM {
		*NODE_NAME "Bip01 L Calf"
		*TM_ROW0 0.151933	0.635419	-0.757072
		*TM_ROW1 0.0842296	-0.771502	-0.630627
		*TM_ROW2 -0.984795	0.0320451	-0.170738
		*TM_ROW3 -64.1797	-128.001	48.6554
		*TM_POS -64.1797	-128.001	48.6554
		*TM_ROTAXIS -0.743308	-0.255433	0.618261
		*TM_ROTANGLE 3.60361
		*TM_SCALE 1	1	1
		*TM_SCALEAXIS 0	0	0
		*TM_SCALEAXISANG 0	0	0
	}
	*TM_ANIMATION {
		*NODE_NAME "Bip01 L Calf"
		*CONTROL_POS_TRACK {
			*CONTROL_POS_SAMPLE 192	6.38269	-16.3117	53.6579
			*CONTROL_POS_SAMPLE 384	9.56342	-20.1639	52.0089
			*CONTROL_POS_SAMPLE 576	10.5245	-23.9994	49.916
			*CONTROL_POS_SAMPLE 768	10.2004	-28.1012	47.1588
			*CONTROL_POS_SAMPLE 960	9.46137	-31.9555	43.9172
			*CONTROL_POS_SAMPLE 1152	9.18765	-35.0557	40.6752
			*CONTROL_POS_SAMPLE 1344	8.79886	-37.3028	37.4374
			*CONTROL_POS_SAMPLE 1536	7.7378	-38.8531	34.571
			*CONTROL_POS_SAMPLE 1728	6.21064	-40.294	32.6489
			*CONTROL_POS_SAMPLE 1920	2.2686	-49.1138	33.0438
			*CONTROL_POS_SAMPLE 2112	-2.3848	-58.3802	35.4615
			*CONTROL_POS_SAMPLE 2304	-7.44702	-66.7064	39.1655
			*CONTROL_POS_SAMPLE 2496	-12.5823	-74.1624	42.7954
			*CONTROL_POS_SAMPLE 2688	-17.767	-81.3555	46.4226
			*CONTROL_POS_SAMPLE 2880	-22.9176	-88.0297	50.1113
			*CONTROL_POS_SAMPLE 3072	-27.9614	-94.1993	53.4862
			*CONTROL_POS_SAMPLE 3264	-32.8485	-99.8725	56.311
			*CONTROL_POS_SAMPLE 3456	-37.5561	-104.994	58.4873
			*CONTROL_POS_SAMPLE 3648	-42.1631	-109.329	59.1028
			*CONTROL_POS_SAMPLE 3840	-46.6345	-112.874	57.7798
			*CONTROL_POS_SAMPLE 4032	-50.802	-116.062	56.0474
			*CONTROL_POS_SAMPLE 4224	-54.2336	-119.08	54.7383
			*CONTROL_POS_SAMPLE 4416	-57.0499	-121.568	53.1589
			*CONTROL_POS_SAMPLE 4608	-59.6284	-123.812	51.7813
			*CONTROL_POS_SAMPLE 4800	-61.9619	-125.874	50.3789
			*CONTROL_POS_SAMPLE 4992	-64.1797	-128.001	48.6554
		}
		*CONTROL_ROT_TRACK {
			*CONTROL_ROT_SAMPLE 192	-0.770635	-0.120086	0.62586	3.51032
			*CONTROL_ROT_SAMPLE 384	-0.754852	-0.192447	0.627027	3.47436
			*CONTROL_ROT_SAMPLE 576	-0.749789	-0.241773	0.615924	3.49268
			*CONTROL_ROT_SAMPLE 768	-0.750357	-0.280457	0.598589	3.54935
			*CONTROL_ROT_SAMPLE 960	-0.752298	-0.315078	0.578596	3.61787
			*CONTROL_ROT_SAMPLE 1152	-0.75226	-0.350729	0.557758	3.66704
			*CONTROL_ROT_SAMPLE 1344	-0.753695	-0.381753	0.534985	3.71017
			*CONTROL_ROT_SAMPLE 1536	-0.758911	-0.401389	0.512777	3.75519
			*CONTROL_ROT_SAMPLE 1728	-0.76593	-0.411534	0.493955	3.78321
			*CONTROL_ROT_SAMPLE 1920	-0.752101	-0.44148	0.489325	3.8104
			*CONTROL_ROT_SAMPLE 2112	-0.737185	-0.457895	0.49688	3.82238
			*CONTROL_ROT_SAMPLE 2304	-0.726218	-0.449821	0.519874	3.81308
			*CONTROL_ROT_SAMPLE 2496	-0.717995	-0.427921	0.548968	3.79235
			*CONTROL_ROT_SAMPLE 2688	-0.709756	-0.400891	0.579252	3.76774
			*CONTROL_ROT_SAMPLE 2880	-0.701609	-0.367211	0.610656	3.7364
			*CONTROL_ROT_SAMPLE 3072	-0.69316	-0.329781	0.640916	3.70044
			*CONTROL_ROT_SAMPLE 3264	-0.684298	-0.290599	0.668796	3.66102
			*CONTROL_ROT_SAMPLE 3456	0.675291	0.25056	-0.693687	2.66556
			*CONTROL_ROT_SAMPLE 3648	0.665585	0.205093	-0.717589	2.72527
			*CONTROL_ROT_SAMPLE 3840	0.657416	0.163362	-0.735606	2.79418
			*CONTROL_ROT_SAMPLE 4032	0.655974	0.140661	-0.741561	2.8385
			*CONTROL_ROT_SAMPLE 4224	0.670877	0.159791	-0.724148	2.80404
			*CONTROL_ROT_SAMPLE 4416	0.692666	0.195773	-0.694181	2.74696
			*CONTROL_ROT_SAMPLE 4608	-0.710596	-0.217603	0.669106	3.56085
			*CONTROL_ROT_SAMPLE 4800	-0.727659	-0.236326	0.643942	3.58028
			*CONTROL_ROT_SAMPLE 4992	-0.743308	-0.255433	0.618261	3.60361
		}
	}
}
*HELPEROBJECT {
	*NODE_NAME "Bip01 L Foot"
	*NODE_PARENT "Bip01 L Calf"
	*NODE_TM {
		*NODE_NAME "Bip01 L Foot"
		*TM_ROW0 0.000337569	-0.00015917	-1
		*TM_ROW1 -0.108085	-0.994142	0.000121749
		*TM_ROW2 -0.994142	0.108085	-0.000352795
		*TM_ROW3 -56.7201	-96.8034	11.4849
		*TM_POS -56.7201	-96.8034	11.4849
		*TM_ROTAXIS -0.706709	0.0383477	0.706464
		*TM_ROTANGLE 3.21805
		*TM_SCALE 1	1	1
		*TM_SCALEAXIS 0	0	0
		*TM_SCALEAXISANG 0	0	0
	}
	*TM_ANIMATION {
		*NODE_NAME "Bip01 L Foot"
		*CONTROL_POS_TRACK {
			*CONTROL_POS_SAMPLE 192	16.9413	3.54541	10.014
			*CONTROL_POS_SAMPLE 384	17.5763	3.76586	9.89312
			*CONTROL_POS_SAMPLE 576	17.9418	3.65857	10.0336
			*CONTROL_POS_SAMPLE 768	18.1492	3.37059	10.3223
			*CONTROL_POS_SAMPLE 960	18.3093	3.04895	10.6458
			*CONTROL_POS_SAMPLE 1152	18.5335	2.84068	10.8909
			*CONTROL_POS_SAMPLE 1344	18.8182	2.87062	11.0502
			*CONTROL_POS_SAMPLE 1536	18.9933	2.82753	11.191
			*CONTROL_POS_SAMPLE 1728	18.7552	2.09469	11.285
			*CONTROL_POS_SAMPLE 1920	13.31	-5.1249	14.2384
			*CONTROL_POS_SAMPLE 2112	6.87804	-13.5737	17.6523
			*CONTROL_POS_SAMPLE 2304	0.280444	-22.231	19.8574
			*CONTROL_POS_SAMPLE 2496	-6.1971	-30.7474	20.7738
			*CONTROL_POS_SAMPLE 2688	-12.7762	-39.3992	21.4158
			*CONTROL_POS_SAMPLE 2880	-19.3967	-48.103	21.7556
			*CONTROL_POS_SAMPLE 3072	-25.9985	-56.7758	21.7654
			*CONTROL_POS_SAMPLE 3264	-32.5215	-65.3342	21.4171
			*CONTROL_POS_SAMPLE 3456	-38.9056	-73.6951	20.6831
			*CONTROL_POS_SAMPLE 3648	-45.4239	-82.2496	18.2784
			*CONTROL_POS_SAMPLE 3840	-51.627	-90.3469	14.4419
			*CONTROL_POS_SAMPLE 4032	-56.3711	-96.3405	11.4308
			*CONTROL_POS_SAMPLE 4224	-57.6123	-97.0753	10.9778
			*CONTROL_POS_SAMPLE 4416	-57.0717	-95.6599	11.4532
			*CONTROL_POS_SAMPLE 4608	-57.0376	-95.9128	11.4639
			*CONTROL_POS_SAMPLE 4800	-56.8789	-96.3581	11.4744
			*CONTROL_POS_SAMPLE 4992	-56.7201	-96.8034	11.4849
		}
		*CONTROL_ROT_TRACK {
			*CONTROL_ROT_SAMPLE 192	-0.75715	-0.10225	0.645189	3.25046
			*CONTROL_ROT_SAMPLE 384	-0.754699	-0.076648	0.651578	3.27662
			*CONTROL_ROT_SAMPLE 576	-0.745625	-0.0427108	0.664996	3.28126
			*CONTROL_ROT_SAMPLE 768	-0.732301	-0.00564885	0.680958	3.2732
			*CONTROL_ROT_SAMPLE 960	-0.717832	0.0293154	0.695599	3.26146
			*CONTROL_ROT_SAMPLE 1152	-0.706101	0.0570272	0.705811	3.25529
			*CONTROL_ROT_SAMPLE 1344	0.703893	-0.0617586	-0.707616	3.02969
			*CONTROL_ROT_SAMPLE 1536	-0.706196	0.0545565	0.705912	3.25037
			*CONTROL_ROT_SAMPLE 1728	-0.706268	0.0525966	0.705988	3.24646
			*CONTROL_ROT_SAMPLE 1920	-0.706304	0.0515761	0.706027	3.24443
			*CONTROL_ROT_SAMPLE 2112	-0.706334	0.0507336	0.706059	3.24275
			*CONTROL_ROT_SAMPLE 2304	-0.706361	0.0499192	0.706089	3.24113
			*CONTROL_ROT_SAMPLE 2496	-0.70639	0.0490752	0.706119	3.23944
			*CONTROL_ROT_SAMPLE 2688	-0.706418	0.0482415	0.706149	3.23778
			*CONTROL_ROT_SAMPLE 2880	-0.706445	0.0474148	0.706178	3.23613
			*CONTROL_ROT_SAMPLE 3072	-0.706471	0.0465919	0.706207	3.23449
			*CONTROL_ROT_SAMPLE 3264	-0.706497	0.0457697	0.706234	3.23285
			*CONTROL_ROT_SAMPLE 3456	-0.706523	0.0449447	0.706262	3.23121
			*CONTROL_ROT_SAMPLE 3648	-0.706547	0.0441199	0.706289	3.22956
			*CONTROL_ROT_SAMPLE 3840	-0.706572	0.0432974	0.706315	3.22792
			*CONTROL_ROT_SAMPLE 4032	-0.706596	0.0424733	0.706342	3.22628
			*CONTROL_ROT_SAMPLE 4224	-0.70662	0.0416432	0.706367	3.22463
			*CONTROL_ROT_SAMPLE 4416	-0.706643	0.0408137	0.706392	3.22297
			*CONTROL_ROT_SAMPLE 4608	-0.706665	0.0399903	0.706417	3.22133
			*CONTROL_ROT_SAMPLE 4800	-0.706687	0.039169	0.706441	3.21969
			*CONTROL_ROT_SAMPLE 4992	-0.706709	0.0383477	0.706464	3.21805
		}
	}
}
*HELPEROBJECT {
	*NODE_NAME "Bip01 L Toe0"
	*NODE_PARENT "Bip01 L Foot"
	*NODE_TM {
		*NODE_NAME "Bip01 L Toe0"
		*TM_ROW0 -0.108085	-0.994142	4.63444e-005
		*TM_ROW1 -0.000347825	8.44239e-005	1
		*TM_ROW2 -0.994142	0.108085	-0.000354912
		*TM_ROW3 -59.1633	-119.317	-1.13912
		*TM_POS -59.1633	-119.317	-1.13912
		*TM_ROTAXIS 0.53575	-0.597183	-0.596946
		*TM_ROTANGLE 4.12501
		*TM_SCALE 1	1	1
		*TM_SCALEAXIS 0	0	0
		*TM_SCALEAXISANG 0	0	0
	}
	*TM_ANIMATION {
		*NODE_NAME "Bip01 L Toe0"
		*CONTROL_POS_TRACK {
			*CONTROL_POS_SAMPLE 192	20.7321	-15.6578	-6.98728
			*CONTROL_POS_SAMPLE 384	20.0043	-15.8454	-6.89027
			*CONTROL_POS_SAMPLE 576	18.7484	-16.7133	-5.98246
			*CONTROL_POS_SAMPLE 768	17.2787	-17.8437	-4.55636
			*CONTROL_POS_SAMPLE 960	15.9062	-18.8729	-2.98633
			*CONTROL_POS_SAMPLE 1152	14.9075	-19.5126	-1.73282
			*CONTROL_POS_SAMPLE 1344	14.9917	-19.556	-1.38292
			*CONTROL_POS_SAMPLE 1536	15.5233	-19.5505	-1.43272
			*CONTROL_POS_SAMPLE 1728	15.4089	-20.3022	-1.33872
			*CONTROL_POS_SAMPLE 1920	10.0282	-27.5313	1.61461
			*CONTROL_POS_SAMPLE 2112	3.64952	-35.9879	5.02852
			*CONTROL_POS_SAMPLE 2304	-2.89656	-44.6525	7.23361
			*CONTROL_POS_SAMPLE 2496	-9.3207	-53.1764	8.14995
			*CONTROL_POS_SAMPLE 2688	-15.847	-61.8355	8.79198
			*CONTROL_POS_SAMPLE 2880	-22.4151	-70.5464	9.1318
			*CONTROL_POS_SAMPLE 3072	-28.9648	-79.2261	9.14154
			*CONTROL_POS_SAMPLE 3264	-35.4357	-87.7913	8.79328
			*CONTROL_POS_SAMPLE 3456	-41.7675	-96.1589	8.0592
			*CONTROL_POS_SAMPLE 3648	-48.2335	-104.72	5.65454
			*CONTROL_POS_SAMPLE 3840	-54.3845	-112.824	1.818
			*CONTROL_POS_SAMPLE 4032	-59.0763	-118.824	-1.19313
			*CONTROL_POS_SAMPLE 4224	-60.2648	-119.565	-1.64613
			*CONTROL_POS_SAMPLE 4416	-59.6716	-118.156	-1.17074
			*CONTROL_POS_SAMPLE 4608	-59.5852	-118.414	-1.16009
			*CONTROL_POS_SAMPLE 4800	-59.3742	-118.866	-1.14961
			*CONTROL_POS_SAMPLE 4992	-59.1633	-119.317	-1.13912
		}
		*CONTROL_ROT_TRACK {
			*CONTROL_ROT_SAMPLE 192	-0.66762	0.508765	0.543545	2.28114
			*CONTROL_ROT_SAMPLE 384	-0.643673	0.524988	0.556842	2.29233
			*CONTROL_ROT_SAMPLE 576	-0.612661	0.546267	0.571172	2.27529
			*CONTROL_ROT_SAMPLE 768	0.577947	-0.569074	-0.58492	4.03936
			*CONTROL_ROT_SAMPLE 960	0.543788	-0.590055	-0.596766	4.07201
			*CONTROL_ROT_SAMPLE 1152	0.515512	-0.606051	-0.605764	4.09326
			*CONTROL_ROT_SAMPLE 1344	0.5106	-0.60877	-0.607196	4.09761
			*CONTROL_ROT_SAMPLE 1536	0.518185	-0.604906	-0.604626	4.09749
			*CONTROL_ROT_SAMPLE 1728	0.520307	-0.603992	-0.603717	4.10083
			*CONTROL_ROT_SAMPLE 1920	0.521412	-0.603514	-0.603242	4.10257
			*CONTROL_ROT_SAMPLE 2112	0.522324	-0.603118	-0.602848	4.10401
			*CONTROL_ROT_SAMPLE 2304	0.523206	-0.602735	-0.602467	4.1054
			*CONTROL_ROT_SAMPLE 2496	0.52412	-0.602336	-0.602071	4.10683
			*CONTROL_ROT_SAMPLE 2688	0.525024	-0.601941	-0.601678	4.10825
			*CONTROL_ROT_SAMPLE 2880	0.525919	-0.601549	-0.601288	4.10966
			*CONTROL_ROT_SAMPLE 3072	0.526811	-0.601158	-0.600899	4.11106
			*CONTROL_ROT_SAMPLE 3264	0.527702	-0.600766	-0.600509	4.11245
			*CONTROL_ROT_SAMPLE 3456	0.528596	-0.600371	-0.600117	4.11385
			*CONTROL_ROT_SAMPLE 3648	0.52949	-0.599976	-0.599724	4.11525
			*CONTROL_ROT_SAMPLE 3840	0.530382	-0.599581	-0.599331	4.11664
			*CONTROL_ROT_SAMPLE 4032	0.531275	-0.599184	-0.598936	4.11804
			*CONTROL_ROT_SAMPLE 4224	0.532176	-0.598783	-0.598538	4.11945
			*CONTROL_ROT_SAMPLE 4416	0.533075	-0.598382	-0.598139	4.12085
			*CONTROL_ROT_SAMPLE 4608	0.533968	-0.597983	-0.597741	4.12224
			*CONTROL_ROT_SAMPLE 4800	0.534859	-0.597583	-0.597344	4.12363
			*CONTROL_ROT_SAMPLE 4992	0.53575	-0.597183	-0.596946	4.12501
		}
	}
}
*HELPEROBJECT {
	*NODE_NAME "Bip01 R Thigh"
	*NODE_PARENT "Bip01 Pelvis"
	*NODE_TM {
		*NODE_NAME "Bip01 R Thigh"
		*TM_ROW0 -0.74955	-0.321156	-0.578821
		*TM_ROW1 -0.353606	-0.544942	0.760264
		*TM_ROW2 -0.559587	0.77453	0.294899
		*TM_ROW3 -77.6874	-84.0465	75.8468
		*TM_POS -77.6874	-84.0465	75.8468
		*TM_ROTAXIS 0.353746	-0.476918	-0.80462
		*TM_ROTANGLE 3.12143
		*TM_SCALE 1	1	1
		*TM_SCALEAXIS 0	0	0
		*TM_SCALEAXISANG 0	0	0
	}
	*TM_ANIMATION {
		*NODE_NAME "Bip01 R Thigh"
		*CONTROL_POS_TRACK {
			*CONTROL_POS_SAMPLE 192	-2.6395	32.2831	74.9421
			*CONTROL_POS_SAMPLE 384	-4.26278	26.1238	76.3412
			*CONTROL_POS_SAMPLE 576	-5.69198	19.7524	76.8083
			*CONTROL_POS_SAMPLE 768	-7.04356	13.2961	76.1727
			*CONTROL_POS_SAMPLE 960	-8.43402	6.88219	74.9498
			*CONTROL_POS_SAMPLE 1152	-9.97982	0.637988	73.5901
			*CONTROL_POS_SAMPLE 1344	-11.7974	-5.30922	72.024
			*CONTROL_POS_SAMPLE 1536	-14.0034	-10.8322	70.5027
			*CONTROL_POS_SAMPLE 1728	-16.7141	-15.8036	69.2773
			*CONTROL_POS_SAMPLE 1920	-19.7827	-20.3838	68.5992
			*CONTROL_POS_SAMPLE 2112	-22.9769	-24.827	69.2234
			*CONTROL_POS_SAMPLE 2304	-26.2843	-29.1463	70.9024
			*CONTROL_POS_SAMPLE 2496	-29.693	-33.3552	72.3832
			*CONTROL_POS_SAMPLE 2688	-33.1906	-37.4667	73.3481
			*CONTROL_POS_SAMPLE 2880	-36.7652	-41.4943	74.1148
			*CONTROL_POS_SAMPLE 3072	-40.4045	-45.4511	74.3831
			*CONTROL_POS_SAMPLE 3264	-44.0964	-49.3504	74.0349
			*CONTROL_POS_SAMPLE 3456	-47.8288	-53.2056	73.3299
			*CONTROL_POS_SAMPLE 3648	-51.5895	-57.0297	72.5341
			*CONTROL_POS_SAMPLE 3840	-55.3663	-60.8362	71.9139
			*CONTROL_POS_SAMPLE 4032	-59.1472	-64.6383	71.7354
			*CONTROL_POS_SAMPLE 4224	-62.92	-68.4492	72.2531
			*CONTROL_POS_SAMPLE 4416	-66.6726	-72.2822	73.3038
			*CONTROL_POS_SAMPLE 4608	-70.3928	-76.1506	74.5273
			*CONTROL_POS_SAMPLE 4800	-74.0684	-80.0676	75.5634
			*CONTROL_POS_SAMPLE 4992	-77.6874	-84.0465	75.8468
		}
		*CONTROL_ROT_TRACK {
			*CONTROL_ROT_SAMPLE 192	0.392039	-0.371986	-0.841387	2.82283
			*CONTROL_ROT_SAMPLE 384	0.353555	-0.419994	-0.835825	2.97797
			*CONTROL_ROT_SAMPLE 576	0.312689	-0.5339	-0.785606	3.28227
			*CONTROL_ROT_SAMPLE 768	0.290973	-0.569672	-0.76864	3.38943
			*CONTROL_ROT_SAMPLE 960	0.274586	-0.590936	-0.758549	3.45668
			*CONTROL_ROT_SAMPLE 1152	0.267624	-0.608489	-0.747073	3.49707
			*CONTROL_ROT_SAMPLE 1344	0.275353	-0.62642	-0.729232	3.5069
			*CONTROL_ROT_SAMPLE 1536	0.297173	-0.638298	-0.710116	3.47893
			*CONTROL_ROT_SAMPLE 1728	0.321765	-0.643593	-0.694446	3.44192
			*CONTROL_ROT_SAMPLE 1920	0.311536	-0.63751	-0.704647	3.4505
			*CONTROL_ROT_SAMPLE 2112	0.317318	-0.624274	-0.713857	3.42733
			*CONTROL_ROT_SAMPLE 2304	0.334235	-0.604316	-0.723249	3.37086
			*CONTROL_ROT_SAMPLE 2496	0.353625	-0.582865	-0.731586	3.30859
			*CONTROL_ROT_SAMPLE 2688	0.372413	-0.561669	-0.738807	3.24512
			*CONTROL_ROT_SAMPLE 2880	0.391807	-0.539779	-0.745068	3.1744
			*CONTROL_ROT_SAMPLE 3072	0.4092	-0.518063	-0.75111	3.09972
			*CONTROL_ROT_SAMPLE 3264	0.424478	-0.496296	-0.757304	3.02325
			*CONTROL_ROT_SAMPLE 3456	0.439757	-0.473824	-0.762958	2.94438
			*CONTROL_ROT_SAMPLE 3648	0.456724	-0.450651	-0.767018	2.86389
			*CONTROL_ROT_SAMPLE 3840	0.485542	-0.422947	-0.765091	2.75644
			*CONTROL_ROT_SAMPLE 4032	0.497087	-0.410044	-0.764701	2.71075
			*CONTROL_ROT_SAMPLE 4224	0.475886	-0.421025	-0.772186	2.77014
			*CONTROL_ROT_SAMPLE 4416	0.448373	-0.436007	-0.780294	2.85089
			*CONTROL_ROT_SAMPLE 4608	0.41755	-0.45173	-0.788411	2.94195
			*CONTROL_ROT_SAMPLE 4800	0.385895	-0.46573	-0.796355	3.03338
			*CONTROL_ROT_SAMPLE 4992	0.353746	-0.476918	-0.80462	3.12143
		}
	}
}
*HELPEROBJECT {
	*NODE_NAME "Bip01 R Calf"
	*NODE_PARENT "Bip01 R Thigh"
	*NODE_TM {
		*NODE_NAME "Bip01 R Calf"
		*TM_ROW0 0.399711	0.563929	-0.722645
		*TM_ROW1 -0.726012	-0.286508	-0.625156
		*TM_ROW2 -0.559587	0.77453	0.294899
		*TM_ROW3 -107.178	-96.6823	53.0732
		*TM_POS -107.178	-96.6823	53.0732
		*TM_ROTAXIS 0.732663	-0.0853522	-0.675218
		*TM_ROTANGLE 1.87125
		*TM_SCALE 1	1	1
		*TM_SCALEAXIS 0	0	0
		*TM_SCALEAXISANG 0	0	0
	}
	*TM_ANIMATION {
		*NODE_NAME "Bip01 R Calf"
		*CONTROL_POS_TRACK {
			*CONTROL_POS_SAMPLE 192	-28.2128	31.4711	45.0529
			*CONTROL_POS_SAMPLE 384	-33.3115	19.8739	50.5512
			*CONTROL_POS_SAMPLE 576	-36.9923	2.34664	60.5189
			*CONTROL_POS_SAMPLE 768	-38.6257	-6.96671	64.3404
			*CONTROL_POS_SAMPLE 960	-40.0549	-14.8209	66.1684
			*CONTROL_POS_SAMPLE 1152	-41.4051	-22.0057	66.6814
			*CONTROL_POS_SAMPLE 1344	-42.7766	-28.6841	65.5494
			*CONTROL_POS_SAMPLE 1536	-44.3773	-34.585	62.677
			*CONTROL_POS_SAMPLE 1728	-46.3332	-39.8173	59.5789
			*CONTROL_POS_SAMPLE 1920	-49.8088	-44.0709	59.3594
			*CONTROL_POS_SAMPLE 2112	-52.9637	-48.0154	58.6831
			*CONTROL_POS_SAMPLE 2304	-55.924	-51.2995	57.5329
			*CONTROL_POS_SAMPLE 2496	-58.7187	-54.2461	55.9792
			*CONTROL_POS_SAMPLE 2688	-61.4404	-56.8864	54.039
			*CONTROL_POS_SAMPLE 2880	-64.0122	-59.0933	51.8463
			*CONTROL_POS_SAMPLE 3072	-66.5444	-60.8882	49.3548
			*CONTROL_POS_SAMPLE 3264	-69.0372	-62.3518	46.5224
			*CONTROL_POS_SAMPLE 3456	-71.3409	-63.5613	43.5313
			*CONTROL_POS_SAMPLE 3648	-73.3269	-64.6425	40.6351
			*CONTROL_POS_SAMPLE 3840	-73.9572	-65.0944	37.5007
			*CONTROL_POS_SAMPLE 4032	-76.3411	-67.3791	36.4526
			*CONTROL_POS_SAMPLE 4224	-82.3685	-72.6501	38.3102
			*CONTROL_POS_SAMPLE 4416	-88.8789	-78.5434	41.4339
			*CONTROL_POS_SAMPLE 4608	-95.3729	-84.6936	45.355
			*CONTROL_POS_SAMPLE 4800	-101.499	-90.7847	49.4731
			*CONTROL_POS_SAMPLE 4992	-107.178	-96.6823	53.0732
		}
		*CONTROL_ROT_TRACK {
			*CONTROL_ROT_SAMPLE 192	0.681609	-0.0757588	-0.727784	1.78307
			*CONTROL_ROT_SAMPLE 384	0.694468	-0.0891593	-0.713978	1.79403
			*CONTROL_ROT_SAMPLE 576	0.723858	-0.135697	-0.676474	1.98741
			*CONTROL_ROT_SAMPLE 768	0.715613	-0.166266	-0.67842	2.08642
			*CONTROL_ROT_SAMPLE 960	-0.702438	0.194032	0.684786	4.11837
			*CONTROL_ROT_SAMPLE 1152	-0.690316	0.223027	0.688275	4.03498
			*CONTROL_ROT_SAMPLE 1344	0.680907	-0.259176	-0.684978	2.35461
			*CONTROL_ROT_SAMPLE 1536	0.673076	-0.298586	-0.67662	2.46088
			*CONTROL_ROT_SAMPLE 1728	-0.668868	0.328265	0.666977	3.74479
			*CONTROL_ROT_SAMPLE 1920	-0.685615	0.292265	0.666718	3.83382
			*CONTROL_ROT_SAMPLE 2112	-0.700103	0.261143	0.664575	3.90707
			*CONTROL_ROT_SAMPLE 2304	-0.715501	0.230318	0.659554	3.98339
			*CONTROL_ROT_SAMPLE 2496	-0.73048	0.199109	0.653264	4.05595
			*CONTROL_ROT_SAMPLE 2688	-0.745279	0.167664	0.645328	4.12717
			*CONTROL_ROT_SAMPLE 2880	0.759182	-0.138036	-0.636073	2.08741
			*CONTROL_ROT_SAMPLE 3072	0.772509	-0.109521	-0.625488	2.01666
			*CONTROL_ROT_SAMPLE 3264	0.785419	-0.0806593	-0.613686	1.94283
			*CONTROL_ROT_SAMPLE 3456	0.797404	-0.052032	-0.601198	1.87149
			*CONTROL_ROT_SAMPLE 3648	0.808051	-0.0247392	-0.588592	1.80872
			*CONTROL_ROT_SAMPLE 3840	0.821403	0.00217758	-0.570344	1.75591
			*CONTROL_ROT_SAMPLE 4032	0.8262	0.0143779	-0.563193	1.73216
			*CONTROL_ROT_SAMPLE 4224	0.81778	0.00840704	-0.575469	1.73766
			*CONTROL_ROT_SAMPLE 4416	0.803035	-0.00830541	-0.595873	1.75943
			*CONTROL_ROT_SAMPLE 4608	0.782625	-0.0326651	-0.621636	1.79386
			*CONTROL_ROT_SAMPLE 4800	0.758193	-0.0603047	-0.649235	1.83489
