*3DSMAX_ASCIIEXPORT	110
*COMMENT "This file is part of Gothic Free Aim Copyright (C) 2016-2018  mud-freak (@szapp)"
*COMMENT "<http://github.com/szapp/GothicFreeAim>"
*COMMENT "Animations: first iteration"
*SCENE {
	*SCENE_FILENAME "magIK_FRZ_frontLeft.max"
	*SCENE_FIRSTFRAME 1
	*SCENE_LASTFRAME 27
	*SCENE_FRAMESPEED 25
	*SCENE_TICKSPERFRAME 192
	*SCENE_BACKGROUND_STATIC 0	0	0
	*SCENE_AMBIENT_STATIC 0.2	0.2	0.2
}
*HELPEROBJECT {
	*NODE_NAME "Bip01"
	*NODE_TM {
		*NODE_NAME "Bip01"
		*TM_ROW0 0.580801	-0.766062	-0.275353
		*TM_ROW1 0.792447	0.609465	-0.0240928
		*TM_ROW2 0.186274	-0.204209	0.961041
		*TM_ROW3 -20.6701	11.9132	92.551
		*TM_POS -20.6701	11.9132	92.551
		*TM_ROTAXIS -0.110137	-0.282274	0.952991
		*TM_ROTANGLE 0.957393
		*TM_SCALE 1	1	1
		*TM_SCALEAXIS 0	0	0
		*TM_SCALEAXISANG 0	0	0
	}
	*TM_ANIMATION {
		*NODE_NAME "Bip01"
		*CONTROL_POS_TRACK {
			*CONTROL_POS_SAMPLE 192	-20.6701	11.9132	92.551
			*CONTROL_POS_SAMPLE 384	-20.9419	10.6047	90.8254
			*CONTROL_POS_SAMPLE 576	-19.9715	8.08713	89.3704
			*CONTROL_POS_SAMPLE 768	-18.0884	4.65822	88.1392
			*CONTROL_POS_SAMPLE 960	-15.6223	0.615793	87.0848
			*CONTROL_POS_SAMPLE 1152	-12.9029	-3.74237	86.1602
			*CONTROL_POS_SAMPLE 1344	-10.2598	-8.11847	85.3183
			*CONTROL_POS_SAMPLE 1536	-8.02266	-12.2147	84.5122
			*CONTROL_POS_SAMPLE 1728	-6.1801	-16.5531	84.102
			*CONTROL_POS_SAMPLE 1920	-4.15473	-21.5295	84.2277
			*CONTROL_POS_SAMPLE 2112	-1.42719	-26.6573	84.5122
			*CONTROL_POS_SAMPLE 2304	2.30777	-32.0178	84.7444
			*CONTROL_POS_SAMPLE 2496	6.62816	-37.6481	84.9688
			*CONTROL_POS_SAMPLE 2688	10.9626	-42.9943	85.1912
			*CONTROL_POS_SAMPLE 2880	14.7397	-47.5027	85.4177
			*CONTROL_POS_SAMPLE 3072	17.2169	-49.9538	85.6541
			*CONTROL_POS_SAMPLE 3264	19.0419	-51.2437	85.9063
			*CONTROL_POS_SAMPLE 3456	21.7288	-53.9917	86.1802
			*CONTROL_POS_SAMPLE 3648	25.9826	-59.3427	86.4819
			*CONTROL_POS_SAMPLE 3840	30.9804	-65.9079	86.8171
			*CONTROL_POS_SAMPLE 4032	35.9449	-72.5054	87.1919
			*CONTROL_POS_SAMPLE 4224	40.0987	-77.9538	87.612
			*CONTROL_POS_SAMPLE 4416	41.4555	-79.9369	88.0835
			*CONTROL_POS_SAMPLE 4608	42.6659	-80.8714	88.8473
			*CONTROL_POS_SAMPLE 4800	46.5715	-83.5969	89.9889
			*CONTROL_POS_SAMPLE 4992	51.3275	-86.7331	91.2816
			*CONTROL_POS_SAMPLE 5184	56.0834	-89.8694	92.4988
		}
		*CONTROL_ROT_TRACK {
			*CONTROL_ROT_SAMPLE 192	-0.110137	-0.282274	0.952991	0.957393
			*CONTROL_ROT_SAMPLE 384	-0.110137	-0.282274	0.952991	0.957393
			*CONTROL_ROT_SAMPLE 576	-0.110137	-0.282274	0.952991	0.957393
			*CONTROL_ROT_SAMPLE 768	-0.110137	-0.282274	0.952991	0.957393
			*CONTROL_ROT_SAMPLE 960	-0.110137	-0.282274	0.952991	0.957393
			*CONTROL_ROT_SAMPLE 1152	-0.110137	-0.282274	0.952991	0.957393
			*CONTROL_ROT_SAMPLE 1344	-0.110137	-0.282274	0.952991	0.957393
			*CONTROL_ROT_SAMPLE 1536	-0.110137	-0.282274	0.952991	0.957393
			*CONTROL_ROT_SAMPLE 1728	-0.110137	-0.282274	0.952991	0.957393
			*CONTROL_ROT_SAMPLE 1920	-0.110137	-0.282274	0.952991	0.957393
			*CONTROL_ROT_SAMPLE 2112	-0.110137	-0.282274	0.952991	0.957393
			*CONTROL_ROT_SAMPLE 2304	-0.110137	-0.282274	0.952991	0.957393
			*CONTROL_ROT_SAMPLE 2496	-0.110137	-0.282274	0.952991	0.957393
			*CONTROL_ROT_SAMPLE 2688	-0.110137	-0.282274	0.952991	0.957393
			*CONTROL_ROT_SAMPLE 2880	-0.110137	-0.282274	0.952991	0.957393
			*CONTROL_ROT_SAMPLE 3072	-0.110137	-0.282274	0.952991	0.957393
			*CONTROL_ROT_SAMPLE 3264	-0.110137	-0.282274	0.952991	0.957393
			*CONTROL_ROT_SAMPLE 3456	-0.110137	-0.282274	0.952991	0.957393
			*CONTROL_ROT_SAMPLE 3648	-0.110137	-0.282274	0.952991	0.957393
			*CONTROL_ROT_SAMPLE 3840	-0.110137	-0.282274	0.952991	0.957393
			*CONTROL_ROT_SAMPLE 4032	-0.110137	-0.282274	0.952991	0.957393
			*CONTROL_ROT_SAMPLE 4224	-0.110137	-0.282274	0.952991	0.957393
			*CONTROL_ROT_SAMPLE 4416	-0.110137	-0.282274	0.952991	0.957393
			*CONTROL_ROT_SAMPLE 4608	-0.110137	-0.282274	0.952991	0.957393
			*CONTROL_ROT_SAMPLE 4800	-0.110137	-0.282274	0.952991	0.957393
			*CONTROL_ROT_SAMPLE 4992	-0.110137	-0.282274	0.952991	0.957393
			*CONTROL_ROT_SAMPLE 5184	-0.110137	-0.282274	0.952991	0.957393
		}
	}
}
*HELPEROBJECT {
	*NODE_NAME "Bip01 Footsteps"
	*NODE_PARENT "Bip01"
	*NODE_TM {
		*NODE_NAME "Bip01 Footsteps"
		*TM_ROW0 1	0	0
		*TM_ROW1 0	1	0
		*TM_ROW2 0	0	1
		*TM_ROW3 -20.6701	11.9132	-1.02797
		*TM_POS -20.6701	11.9132	-1.02797
		*TM_ROTAXIS 0	0	0
		*TM_ROTANGLE 0
		*TM_SCALE 1	1	1
		*TM_SCALEAXIS 0	0	0
		*TM_SCALEAXISANG 0	0	0
	}
}
*HELPEROBJECT {
	*NODE_NAME "Bip01 Pelvis"
	*NODE_PARENT "Bip01"
	*NODE_TM {
		*NODE_NAME "Bip01 Pelvis"
		*TM_ROW0 0.182966	-0.206751	0.961133
		*TM_ROW1 0.580802	-0.766061	-0.275353
		*TM_ROW2 0.793217	0.608608	-0.0200816
		*TM_ROW3 -22.5845	12.1598	92.9745
		*TM_POS -22.5845	12.1598	92.9745
		*TM_ROTAXIS -0.739251	-0.140428	-0.658626
		*TM_ROTANGLE 3.78244
		*TM_SCALE 1	1	1
		*TM_SCALEAXIS 0	0	0
		*TM_SCALEAXISANG 0	0	0
	}
	*TM_ANIMATION {
		*NODE_NAME "Bip01 Pelvis"
		*CONTROL_POS_TRACK {
			*CONTROL_POS_SAMPLE 192	-22.5845	12.1598	92.9745
			*CONTROL_POS_SAMPLE 384	-22.8563	10.8513	91.2488
			*CONTROL_POS_SAMPLE 576	-21.8858	8.33372	89.7939
			*CONTROL_POS_SAMPLE 768	-20.0028	4.90481	88.5627
			*CONTROL_POS_SAMPLE 960	-17.5367	0.862384	87.5083
			*CONTROL_POS_SAMPLE 1152	-14.8173	-3.49578	86.5836
			*CONTROL_POS_SAMPLE 1344	-12.1742	-7.87188	85.7418
			*CONTROL_POS_SAMPLE 1536	-9.93705	-11.9681	84.9357
			*CONTROL_POS_SAMPLE 1728	-8.09449	-16.3065	84.5255
			*CONTROL_POS_SAMPLE 1920	-6.06912	-21.2829	84.6512
			*CONTROL_POS_SAMPLE 2112	-3.34157	-26.4107	84.9357
			*CONTROL_POS_SAMPLE 2304	0.393378	-31.7712	85.1679
			*CONTROL_POS_SAMPLE 2496	4.71377	-37.4015	85.3922
			*CONTROL_POS_SAMPLE 2688	9.04822	-42.7477	85.6147
			*CONTROL_POS_SAMPLE 2880	12.8253	-47.2561	85.8411
			*CONTROL_POS_SAMPLE 3072	15.3025	-49.7072	86.0775
			*CONTROL_POS_SAMPLE 3264	17.1275	-50.9971	86.3297
			*CONTROL_POS_SAMPLE 3456	19.8144	-53.7451	86.6037
			*CONTROL_POS_SAMPLE 3648	24.0682	-59.0961	86.9053
			*CONTROL_POS_SAMPLE 3840	29.066	-65.6613	87.2406
			*CONTROL_POS_SAMPLE 4032	34.0305	-72.2588	87.6153
			*CONTROL_POS_SAMPLE 4224	38.1844	-77.7072	88.0355
			*CONTROL_POS_SAMPLE 4416	39.5411	-79.6903	88.507
			*CONTROL_POS_SAMPLE 4608	40.7515	-80.6249	89.2707
			*CONTROL_POS_SAMPLE 4800	44.6571	-83.3503	90.4123
			*CONTROL_POS_SAMPLE 4992	49.4131	-86.4865	91.7051
			*CONTROL_POS_SAMPLE 5184	54.169	-89.6228	92.9223
		}
		*CONTROL_ROT_TRACK {
			*CONTROL_ROT_SAMPLE 192	-0.739251	-0.140428	-0.658626	3.78244
			*CONTROL_ROT_SAMPLE 384	-0.739251	-0.140428	-0.658626	3.78244
			*CONTROL_ROT_SAMPLE 576	-0.739251	-0.140428	-0.658626	3.78244
			*CONTROL_ROT_SAMPLE 768	-0.739251	-0.140428	-0.658626	3.78244
			*CONTROL_ROT_SAMPLE 960	-0.739251	-0.140428	-0.658626	3.78244
			*CONTROL_ROT_SAMPLE 1152	-0.739251	-0.140428	-0.658626	3.78244
			*CONTROL_ROT_SAMPLE 1344	-0.739251	-0.140428	-0.658626	3.78244
			*CONTROL_ROT_SAMPLE 1536	-0.739251	-0.140428	-0.658626	3.78244
			*CONTROL_ROT_SAMPLE 1728	-0.739251	-0.140428	-0.658626	3.78244
			*CONTROL_ROT_SAMPLE 1920	-0.739251	-0.140428	-0.658626	3.78244
			*CONTROL_ROT_SAMPLE 2112	-0.739251	-0.140428	-0.658626	3.78244
			*CONTROL_ROT_SAMPLE 2304	-0.739251	-0.140428	-0.658626	3.78244
			*CONTROL_ROT_SAMPLE 2496	-0.739251	-0.140428	-0.658626	3.78244
			*CONTROL_ROT_SAMPLE 2688	-0.739251	-0.140428	-0.658626	3.78244
			*CONTROL_ROT_SAMPLE 2880	-0.739251	-0.140428	-0.658626	3.78244
			*CONTROL_ROT_SAMPLE 3072	-0.739251	-0.140428	-0.658626	3.78244
			*CONTROL_ROT_SAMPLE 3264	-0.739251	-0.140428	-0.658626	3.78244
			*CONTROL_ROT_SAMPLE 3456	-0.739251	-0.140428	-0.658626	3.78244
			*CONTROL_ROT_SAMPLE 3648	-0.739251	-0.140428	-0.658626	3.78244
			*CONTROL_ROT_SAMPLE 3840	-0.739251	-0.140428	-0.658626	3.78244
			*CONTROL_ROT_SAMPLE 4032	-0.739251	-0.140428	-0.658626	3.78244
			*CONTROL_ROT_SAMPLE 4224	-0.739251	-0.140428	-0.658626	3.78244
			*CONTROL_ROT_SAMPLE 4416	-0.739251	-0.140428	-0.658626	3.78244
			*CONTROL_ROT_SAMPLE 4608	-0.739251	-0.140428	-0.658626	3.78244
			*CONTROL_ROT_SAMPLE 4800	-0.739251	-0.140428	-0.658626	3.78244
			*CONTROL_ROT_SAMPLE 4992	-0.739251	-0.140428	-0.658626	3.78244
			*CONTROL_ROT_SAMPLE 5184	-0.739251	-0.140428	-0.658626	3.78244
		}
	}
}
*HELPEROBJECT {
	*NODE_NAME "Bip01 Spine"
	*NODE_PARENT "Bip01 Pelvis"
	*NODE_TM {
		*NODE_NAME "Bip01 Spine"
		*TM_ROW0 0.231575	-0.253137	0.939306
		*TM_ROW1 0.564508	-0.751394	-0.341669
		*TM_ROW2 0.792278	0.609367	-0.0311062
		*TM_ROW3 -22.189	11.7378	95.3064
		*TM_POS -22.189	11.7378	95.3064
		*TM_ROTAXIS -0.753125	-0.116431	-0.647492
		*TM_ROTANGLE 3.82494
		*TM_SCALE 1	1	1
		*TM_SCALEAXIS 0	0	0
		*TM_SCALEAXISANG 0	0	0
	}
}
*HELPEROBJECT {
	*NODE_NAME "Bip01 Spine1"
	*NODE_PARENT "Bip01 Spine"
	*NODE_TM {
		*NODE_NAME "Bip01 Spine1"
		*TM_ROW0 0.229911	-0.278673	0.932461
		*TM_ROW1 0.545545	-0.756534	-0.360607
		*TM_ROW2 0.805929	0.591606	-0.0219069
		*TM_ROW3 -19.9188	9.25787	104.541
		*TM_POS -19.9188	9.25787	104.541
		*TM_ROTAXIS -0.752308	-0.0999677	-0.651183
		*TM_ROTANGLE 3.82684
		*TM_SCALE 1	1	1
		*TM_SCALEAXIS 0	0	0
		*TM_SCALEAXISANG 0	0	0
	}
}
*HELPEROBJECT {
	*NODE_NAME "Bip01 Spine2"
	*NODE_PARENT "Bip01 Spine1"
	*NODE_TM {
		*NODE_NAME "Bip01 Spine2"
		*TM_ROW0 0.334234	-0.071275	0.939791
		*TM_ROW1 0.422821	-0.879823	-0.217102
		*TM_ROW2 0.842324	0.469927	-0.26393
		*TM_ROW3 -16.9884	5.71471	116.472
		*TM_POS -16.9884	5.71471	116.472
		*TM_ROTAXIS -0.806519	-0.114419	-0.580031
		*TM_ROTANGLE 3.58157
		*TM_SCALE 1	1	1
		*TM_SCALEAXIS 0	0	0
		*TM_SCALEAXISANG 0	0	0
	}
}
*HELPEROBJECT {
	*NODE_NAME "Bip01 Neck"
	*NODE_PARENT "Bip01 Spine2"
	*NODE_TM {
		*NODE_NAME "Bip01 Neck"
		*TM_ROW0 0.423328	-0.273749	0.863629
		*TM_ROW1 0.333587	-0.839187	-0.429517
		*TM_ROW2 0.842326	0.469922	-0.263932
		*TM_ROW3 -6.96855	3.58217	144.653
		*TM_POS -6.96855	3.58217	144.653
		*TM_ROTAXIS -0.828597	-0.0196249	-0.559501
		*TM_ROTANGLE 3.7153
		*TM_SCALE 1	1	1
		*TM_SCALEAXIS 0	0	0
		*TM_SCALEAXISANG 0	0	0
	}
}
*HELPEROBJECT {
	*NODE_NAME "Bip01 Head"
	*NODE_PARENT "Bip01 Neck"
	*NODE_TM {
		*NODE_NAME "Bip01 Head"
		*TM_ROW0 0.157093	-0.123663	0.979811
		*TM_ROW1 0.320844	-0.931922	-0.16906
		*TM_ROW2 0.934013	0.340925	-0.106722
		*TM_ROW3 -4.07332	1.70994	150.56
		*TM_POS -4.07332	1.70994	150.56
		*TM_ROTAXIS -0.752121	-0.0675419	-0.655555
		*TM_ROTANGLE 3.48748
		*TM_SCALE 1	1	1
		*TM_SCALEAXIS 0	0	0
		*TM_SCALEAXISANG 0	0	0
	}
}
*HELPEROBJECT {
	*NODE_NAME "zs_Helmet"
	*NODE_PARENT "Bip01 Head"
	*NODE_TM {
		*NODE_NAME "zs_Helmet"
		*TM_ROW0 0.934013	0.340925	-0.106722
		*TM_ROW1 -0.332181	0.938751	0.0916643
		*TM_ROW2 0.131436	-0.0501647	0.990055
		*TM_ROW3 63.333	-100.374	414.377
		*TM_POS 63.333	-100.374	414.377
		*TM_ROTAXIS -0.194834	-0.327163	-0.924664
		*TM_ROTANGLE 0.372531
		*TM_SCALE 1	1	1
		*TM_SCALEAXIS 0	0	0
		*TM_SCALEAXISANG 0	0	0
	}
}
*HELPEROBJECT {
	*NODE_NAME "Bip01 L Clavicle"
	*NODE_PARENT "Bip01 Neck"
	*NODE_TM {
		*NODE_NAME "Bip01 L Clavicle"
		*TM_ROW0 0.836819	0.506282	-0.208354
		*TM_ROW1 -0.461711	0.85713	0.228366
		*TM_ROW2 0.294204	-0.0949015	0.951019
		*TM_ROW3 -3.09749	9.87736	138.041
		*TM_POS -3.09749	9.87736	138.041
		*TM_ROTAXIS -0.284172	-0.44178	-0.850927
		*TM_ROTANGLE 0.605031
		*TM_SCALE 1	1	1
		*TM_SCALEAXIS 0	0	0
		*TM_SCALEAXISANG 0	0	0
	}
}
*HELPEROBJECT {
	*NODE_NAME "Bip01 L UpperArm"
	*NODE_PARENT "Bip01 L Clavicle"
	*NODE_TM {
		*NODE_NAME "Bip01 L UpperArm"
		*TM_ROW0 0.193458	0.469144	-0.861672
		*TM_ROW1 -0.235014	0.874853	0.423557
		*TM_ROW2 0.952545	0.120564	0.279503
		*TM_ROW3 8.05397	16.6241	135.265
		*TM_POS 8.05397	16.6241	135.265
		*TM_ROTAXIS -0.15384	-0.921145	-0.357527
		*TM_ROTANGLE 1.396
		*TM_SCALE 1	1	1
		*TM_SCALEAXIS 0	0	0
		*TM_SCALEAXISANG 0	0	0
	}
}
*HELPEROBJECT {
	*NODE_NAME "Bip01 L Forearm"
	*NODE_PARENT "Bip01 L UpperArm"
	*NODE_TM {
		*NODE_NAME "Bip01 L Forearm"
		*TM_ROW0 0.300668	-0.229359	-0.925739
		*TM_ROW1 -0.0475045	0.965846	-0.254725
		*TM_ROW2 0.952545	0.120564	0.279503
		*TM_ROW3 13.4527	29.7161	111.219
		*TM_POS 13.4527	29.7161	111.219
		*TM_ROTAXIS 0.195054	-0.976227	0.094518
		*TM_ROTANGLE 1.29428
		*TM_SCALE 1	1	1
		*TM_SCALEAXIS 0	0	0
		*TM_SCALEAXISANG 0	0	0
	}
}
*HELPEROBJECT {
	*NODE_NAME "Bip01 L Hand"
	*NODE_PARENT "Bip01 L Forearm"
	*NODE_TM {
		*NODE_NAME "Bip01 L Hand"
		*TM_ROW0 0.212776	-0.43141	-0.876705
		*TM_ROW1 -0.97526	-0.148817	-0.163466
		*TM_ROW2 -0.0599479	0.889797	-0.452402
		*TM_ROW3 21.8161	23.3362	85.4682
		*TM_POS 21.8161	23.3362	85.4682
		*TM_ROTAXIS -0.731675	0.56738	0.377799
		*TM_ROTANGLE 3.94505
		*TM_SCALE 1	1	1
		*TM_SCALEAXIS 0	0	0
		*TM_SCALEAXISANG 0	0	0
	}
}
*HELPEROBJECT {
	*NODE_NAME "Bip01 L Finger0"
	*NODE_PARENT "Bip01 L Hand"
	*NODE_TM {
		*NODE_NAME "Bip01 L Finger0"
		*TM_ROW0 0.212775	-0.43141	-0.876705
		*TM_ROW1 -0.975214	-0.149497	-0.163119
		*TM_ROW2 -0.0606935	0.889683	-0.452526
		*TM_ROW3 24.5545	17.784	74.1851
		*TM_POS 24.5545	17.784	74.1851
		*TM_ROTAXIS -0.73175	0.567169	0.377971
		*TM_ROTANGLE 3.94449
		*TM_SCALE 1	1	1
		*TM_SCALEAXIS 0	0	0
		*TM_SCALEAXISANG 0	0	0
	}
}
*HELPEROBJECT {
	*NODE_NAME "zs_LeftHand"
	*NODE_PARENT "Bip01 L Hand"
	*NODE_TM {
		*NODE_NAME "zs_LeftHand"
		*TM_ROW0 -0.115498	0.92566	-0.360297
		*TM_ROW1 0.385764	-0.292452	-0.875019
		*TM_ROW2 -0.915339	-0.240053	-0.323309
		*TM_ROW3 -20.6548	-44.1682	-20.5823
		*TM_POS -20.6548	-44.1682	-20.5823
		*TM_ROTAXIS -0.634097	-0.554283	0.539157
		*TM_ROTANGLE 3.66598
		*TM_SCALE 1	1	1
		*TM_SCALEAXIS 0	0	0
		*TM_SCALEAXISANG 0	0	0
	}
}
*HELPEROBJECT {
	*NODE_NAME "zs_LeftArm"
	*NODE_PARENT "Bip01 L Forearm"
	*NODE_TM {
		*NODE_NAME "zs_LeftArm"
		*TM_ROW0 0.201448	-0.0207005	-0.97928
		*TM_ROW1 -0.0379074	0.998863	-0.0289124
		*TM_ROW2 0.978765	0.0429464	0.200435
		*TM_ROW3 147.795	-194.038	-72.9629
		*TM_POS 147.795	-194.038	-72.9629
		*TM_ROTAXIS 0.0366731	-0.999289	-0.00878157
		*TM_ROTANGLE 1.36906
		*TM_SCALE 1	1	1
		*TM_SCALEAXIS 0	0	0
		*TM_SCALEAXISANG 0	0	0
	}
}
*HELPEROBJECT {
	*NODE_NAME "Bip01 R Clavicle"
	*NODE_PARENT "Bip01 Neck"
	*NODE_TM {
		*NODE_NAME "Bip01 R Clavicle"
		*TM_ROW0 -0.923362	-0.37703	0.0724641
		*TM_ROW1 -0.357531	0.913195	0.195568
		*TM_ROW2 -0.139909	0.154672	-0.978009
		*TM_ROW3 -16.514	2.39234	142.245
		*TM_POS -16.514	2.39234	142.245
		*TM_ROTAXIS 0.18833	-0.977992	-0.0897958
		*TM_ROTANGLE 3.25038
		*TM_SCALE 1	1	1
		*TM_SCALEAXIS 0	0	0
		*TM_SCALEAXISANG 0	0	0
	}
}
*HELPEROBJECT {
	*NODE_NAME "Bip01 R UpperArm"
	*NODE_PARENT "Bip01 R Clavicle"
	*NODE_TM {
		*NODE_NAME "Bip01 R UpperArm"
		*TM_ROW0 -0.340296	-0.139705	-0.929882
		*TM_ROW1 -0.316921	0.948083	-0.0264605
		*TM_ROW2 0.885302	0.285694	-0.366904
		*TM_ROW3 -28.8187	-2.63197	143.211
		*TM_POS -28.8187	-2.63197	143.211
		*TM_ROTAXIS 0.168702	-0.981003	-0.0957748
		*TM_ROTANGLE 1.96012
		*TM_SCALE 1	1	1
		*TM_SCALEAXIS 0	0	0
		*TM_SCALEAXISANG 0	0	0
	}
}
*HELPEROBJECT {
	*NODE_NAME "Bip01 R Forearm"
	*NODE_PARENT "Bip01 R UpperArm"
	*NODE_TM {
		*NODE_NAME "Bip01 R Forearm"
		*TM_ROW0 0.293544	-0.955284	-0.0355515
		*TM_ROW1 -0.360655	-0.0762288	-0.929579
		*TM_ROW2 0.885302	0.285694	-0.366904
		*TM_ROW3 -38.3151	-6.53061	117.261
		*TM_POS -38.3151	-6.53061	117.261
		*TM_ROTAXIS -0.742562	0.562664	-0.363333
		*TM_ROTANGLE 4.10004
		*TM_SCALE 1	1	1
		*TM_SCALEAXIS 0	0	0
		*TM_SCALEAXISANG 0	0	0
	}
}
*HELPEROBJECT {
	*NODE_NAME "Bip01 R Hand"
	*NODE_PARENT "Bip01 R Forearm"
	*NODE_TM {
		*NODE_NAME "Bip01 R Hand"
		*TM_ROW0 0.291702	-0.955425	-0.045533
		*TM_ROW1 0.316652	0.0515395	0.94714
		*TM_ROW2 -0.902575	-0.290701	0.317572
		*TM_ROW3 -30.1498	-33.1031	116.272
		*TM_POS -30.1498	-33.1031	116.272
		*TM_ROTAXIS -0.628018	0.43482	0.645388
		*TM_ROTANGLE 1.74121
		*TM_SCALE 1	1	1
		*TM_SCALEAXIS 0	0	0
		*TM_SCALEAXISANG 0	0	0
	}
}
*HELPEROBJECT {
	*NODE_NAME "Bip01 R Finger0"
	*NODE_PARENT "Bip01 R Hand"
	*NODE_TM {
		*NODE_NAME "Bip01 R Finger0"
		*TM_ROW0 0.291709	-0.955423	-0.0455272
		*TM_ROW1 0.315965	0.0513261	0.947382
		*TM_ROW2 -0.902813	-0.290745	0.316852
		*TM_ROW3 -26.3956	-45.3993	115.686
		*TM_POS -26.3956	-45.3993	115.686
		*TM_ROTAXIS -0.628213	0.434979	0.64509
		*TM_ROTANGLE 1.74168
		*TM_SCALE 1	1	1
		*TM_SCALEAXIS 0	0	0
		*TM_SCALEAXISANG 0	0	0
	}
}
*HELPEROBJECT {
	*NODE_NAME "zs_RightHand"
	*NODE_PARENT "Bip01 R Hand"
	*NODE_TM {
		*NODE_NAME "zs_RightHand"
		*TM_ROW0 0.790234	0.259548	-0.555127
		*TM_ROW1 -0.239724	0.964617	0.109753
		*TM_ROW2 0.563971	0.0463466	0.824493
		*TM_ROW3 -108.029	-171.166	249.129
		*TM_POS -108.029	-171.166	249.129
		*TM_ROTAXIS -0.0516736	-0.912017	-0.406885
		*TM_ROTANGLE 0.660522
		*TM_SCALE 1	1	1
		*TM_SCALEAXIS 0	0	0
		*TM_SCALEAXISANG 0	0	0
	}
}
*HELPEROBJECT {
	*NODE_NAME "zs_Crossbow"
	*NODE_PARENT "Bip01 Spine2"
	*NODE_TM {
		*NODE_NAME "zs_Crossbow"
		*TM_ROW0 0.0727165	-0.48936	0.869045
		*TM_ROW1 -0.948568	-0.303117	-0.0913153
		*TM_ROW2 0.308108	-0.817708	-0.486233
		*TM_ROW3 23.3314	8.34799	1497.25
		*TM_POS 23.3314	8.34799	1497.25
		*TM_ROTAXIS -0.70782	0.546594	-0.447466
		*TM_ROTANGLE 2.60278
		*TM_SCALE 1	1	1
		*TM_SCALEAXIS 0	0	0
		*TM_SCALEAXISANG 0	0	0
	}
}
*HELPEROBJECT {
	*NODE_NAME "zs_Longsword"
	*NODE_PARENT "Bip01 Spine2"
	*NODE_TM {
		*NODE_NAME "zs_Longsword"
		*TM_ROW0 -0.0507307	-0.51191	0.85754
		*TM_ROW1 -0.958516	-0.216193	-0.185761
		*TM_ROW2 0.280488	-0.83139	-0.479706
		*TM_ROW3 -114.082	-60.4821	1258.09
		*TM_POS -114.082	-60.4821	1258.09
		*TM_ROTAXIS -0.662651	0.592267	-0.458381
		*TM_ROTANGLE 2.63276
		*TM_SCALE 1	1	1
		*TM_SCALEAXIS 0	0	0
		*TM_SCALEAXISANG 0	0	0
	}
}
*HELPEROBJECT {
	*NODE_NAME "zs_Shield"
	*NODE_PARENT "Bip01 Spine2"
	*NODE_TM {
		*NODE_NAME "zs_Shield"
		*TM_ROW0 -0.454591	0.327716	-0.82822
		*TM_ROW1 -0.887137	-0.0835038	0.453888
		*TM_ROW2 0.0795867	0.941079	0.328689
		*TM_ROW3 75.139	445.226	435.544
		*TM_POS 75.139	445.226	435.544
		*TM_ROTAXIS 0.305851	-0.569908	-0.762667
		*TM_ROTANGLE 2.22019
		*TM_SCALE 1	1	1
		*TM_SCALEAXIS 0	0	0
		*TM_SCALEAXISANG 0	0	0
	}
}
*HELPEROBJECT {
	*NODE_NAME "zs_Bow"
	*NODE_PARENT "Bip01 Spine2"
	*NODE_TM {
		*NODE_NAME "zs_Bow"
		*TM_ROW0 0.125765	-0.449728	0.884267
		*TM_ROW1 -0.299475	0.832551	0.466019
		*TM_ROW2 -0.945779	-0.323425	-0.0299764
		*TM_ROW3 -196.122	465.601	320.283
		*TM_POS -196.122	465.601	320.283
		*TM_ROTAXIS -0.394976	0.915611	0.0751747
		*TM_ROTANGLE 1.60663
		*TM_SCALE 1	1	1
		*TM_SCALEAXIS 0	0	0
		*TM_SCALEAXISANG 0	0	0
	}
}
*HELPEROBJECT {
	*NODE_NAME "zs_Sword"
	*NODE_PARENT "Bip01 Spine"
	*NODE_TM {
		*NODE_NAME "zs_Sword"
		*TM_ROW0 0.43368	-0.539437	0.721754
		*TM_ROW1 -0.427639	0.581827	0.691811
		*TM_ROW2 -0.793125	-0.608675	0.0216426
		*TM_ROW3 193.4	248.462	147.202
		*TM_POS 193.4	248.462	147.202
		*TM_ROTAXIS -0.650355	0.75757	0.055909
		*TM_ROTANGLE 1.55222
		*TM_SCALE 1	1	1
		*TM_SCALEAXIS 0	0	0
		*TM_SCALEAXISANG 0	0	0
	}
}
*HELPEROBJECT {
	*NODE_NAME "Bip01 L Thigh"
	*NODE_PARENT "Bip01 Pelvis"
	*NODE_TM {
		*NODE_NAME "Bip01 L Thigh"
		*TM_ROW0 0.342078	-0.413394	-0.843853
		*TM_ROW1 0.570765	-0.621975	0.536073
		*TM_ROW2 -0.746465	-0.665021	0.0231867
		*TM_ROW3 -15.4374	17.6435	92.7935
		*TM_POS -15.4374	17.6435	92.7935
		*TM_ROTAXIS -0.771984	-0.0625949	0.632552
		*TM_ROTANGLE 2.25023
		*TM_SCALE 1	1	1
		*TM_SCALEAXIS 0	0	0
		*TM_SCALEAXISANG 0	0	0
	}
	*TM_ANIMATION {
		*NODE_NAME "Bip01 L Thigh"
		*CONTROL_POS_TRACK {
			*CONTROL_POS_SAMPLE 192	-15.4374	17.6435	92.7935
			*CONTROL_POS_SAMPLE 384	-15.7092	16.335	91.0679
			*CONTROL_POS_SAMPLE 576	-14.7388	13.8174	89.6129
			*CONTROL_POS_SAMPLE 768	-12.8557	10.3885	88.3817
			*CONTROL_POS_SAMPLE 960	-10.3896	6.34607	87.3273
			*CONTROL_POS_SAMPLE 1152	-7.67023	1.9879	86.4027
			*CONTROL_POS_SAMPLE 1344	-5.02713	-2.3882	85.5608
			*CONTROL_POS_SAMPLE 1536	-2.78999	-6.48443	84.7547
			*CONTROL_POS_SAMPLE 1728	-0.947426	-10.8228	84.3445
			*CONTROL_POS_SAMPLE 1920	1.07794	-15.7992	84.4702
			*CONTROL_POS_SAMPLE 2112	3.80549	-20.927	84.7547
			*CONTROL_POS_SAMPLE 2304	7.54044	-26.2875	84.9869
			*CONTROL_POS_SAMPLE 2496	11.8608	-31.9178	85.2113
			*CONTROL_POS_SAMPLE 2688	16.1953	-37.264	85.4337
			*CONTROL_POS_SAMPLE 2880	19.9724	-41.7724	85.6602
			*CONTROL_POS_SAMPLE 3072	22.4496	-44.2236	85.8966
			*CONTROL_POS_SAMPLE 3264	24.2745	-45.5134	86.1488
			*CONTROL_POS_SAMPLE 3456	26.9615	-48.2614	86.4227
			*CONTROL_POS_SAMPLE 3648	31.2153	-53.6125	86.7244
			*CONTROL_POS_SAMPLE 3840	36.2131	-60.1776	87.0596
			*CONTROL_POS_SAMPLE 4032	41.1775	-66.7751	87.4344
			*CONTROL_POS_SAMPLE 4224	45.3314	-72.2236	87.8545
			*CONTROL_POS_SAMPLE 4416	46.6881	-74.2066	88.326
			*CONTROL_POS_SAMPLE 4608	47.8986	-75.1412	89.0898
			*CONTROL_POS_SAMPLE 4800	51.8042	-77.8666	90.2314
			*CONTROL_POS_SAMPLE 4992	56.5601	-81.0029	91.5241
			*CONTROL_POS_SAMPLE 5184	61.3161	-84.1391	92.7413
		}
		*CONTROL_ROT_TRACK {
			*CONTROL_ROT_SAMPLE 192	-0.771984	-0.0625949	0.632552	2.25023
			*CONTROL_ROT_SAMPLE 384	-0.794921	-0.000717702	0.606712	2.14585
			*CONTROL_ROT_SAMPLE 576	-0.820911	0.0644421	0.567409	2.06828
			*CONTROL_ROT_SAMPLE 768	-0.837647	0.109558	0.535111	2.02637
			*CONTROL_ROT_SAMPLE 960	-0.845142	0.130274	0.518424	2.01113
			*CONTROL_ROT_SAMPLE 1152	-0.849454	0.137584	0.50941	2.0139
			*CONTROL_ROT_SAMPLE 1344	-0.85204	0.136674	0.50532	2.02706
			*CONTROL_ROT_SAMPLE 1536	-0.852471	0.125575	0.507468	2.05381
			*CONTROL_ROT_SAMPLE 1728	-0.851197	0.100066	0.515219	2.09976
			*CONTROL_ROT_SAMPLE 1920	-0.849913	0.0717789	0.522011	2.14816
			*CONTROL_ROT_SAMPLE 2112	-0.855655	0.0787676	0.511517	2.1413
			*CONTROL_ROT_SAMPLE 2304	-0.857812	0.0688501	0.509332	2.1502
			*CONTROL_ROT_SAMPLE 2496	-0.85717	0.0481694	0.512776	2.17172
			*CONTROL_ROT_SAMPLE 2688	-0.853781	0.0193031	0.520274	2.20345
			*CONTROL_ROT_SAMPLE 2880	-0.848563	-0.0118347	0.528962	2.23884
			*CONTROL_ROT_SAMPLE 3072	-0.843492	-0.0340505	0.536062	2.26147
			*CONTROL_ROT_SAMPLE 3264	-0.83868	-0.0497676	0.542345	2.27475
			*CONTROL_ROT_SAMPLE 3456	-0.831326	-0.0751959	0.550675	2.30504
			*CONTROL_ROT_SAMPLE 3648	-0.817582	-0.120478	0.563068	2.37046
			*CONTROL_ROT_SAMPLE 3840	-0.790739	-0.187454	0.582746	2.48519
			*CONTROL_ROT_SAMPLE 4032	-0.753816	-0.258904	0.603929	2.62327
			*CONTROL_ROT_SAMPLE 4224	-0.737143	-0.284657	0.612854	2.6761
			*CONTROL_ROT_SAMPLE 4416	-0.776477	-0.206271	0.595429	2.52447
			*CONTROL_ROT_SAMPLE 4608	-0.817548	-0.0971687	0.567603	2.32277
			*CONTROL_ROT_SAMPLE 4800	-0.828482	-0.0268888	0.559369	2.1928
			*CONTROL_ROT_SAMPLE 4992	-0.813617	-0.011939	0.581279	2.15751
			*CONTROL_ROT_SAMPLE 5184	-0.781304	-0.0510424	0.622061	2.20881
		}
	}
}
*HELPEROBJECT {
	*NODE_NAME "Bip01 L Calf"
	*NODE_PARENT "Bip01 L Thigh"
	*NODE_TM {
		*NODE_NAME "Bip01 L Calf"
		*TM_ROW0 -0.036432	0.00605146	-0.999318
		*TM_ROW1 0.664427	-0.7468	-0.0287453
		*TM_ROW2 -0.746465	-0.665021	0.0231867
		*TM_ROW3 -1.97841	1.37856	59.5923
		*TM_POS -1.97841	1.37856	59.5923
		*TM_ROTAXIS 0.66986	0.2662	-0.693127
		*TM_ROTANGLE 3.63648
		*TM_SCALE 1	1	1
		*TM_SCALEAXIS 0	0	0
		*TM_SCALEAXISANG 0	0	0
	}
	*TM_ANIMATION {
		*NODE_NAME "Bip01 L Calf"
		*CONTROL_POS_TRACK {
			*CONTROL_POS_SAMPLE 192	-1.97841	1.37856	59.5923
			*CONTROL_POS_SAMPLE 384	1.27589	-3.66204	61.7482
			*CONTROL_POS_SAMPLE 576	5.65258	-8.87586	64.7689
			*CONTROL_POS_SAMPLE 768	9.58608	-13.7174	66.8576
			*CONTROL_POS_SAMPLE 960	12.9212	-18.2838	67.3776
			*CONTROL_POS_SAMPLE 1152	16.0232	-22.6889	66.9684
			*CONTROL_POS_SAMPLE 1344	18.7857	-26.8366	65.9844
			*CONTROL_POS_SAMPLE 1536	20.8081	-30.3345	64.2043
			*CONTROL_POS_SAMPLE 1728	22.09	-33.3659	61.7813
			*CONTROL_POS_SAMPLE 1920	23.5362	-36.7188	59.853
			*CONTROL_POS_SAMPLE 2112	26.9202	-41.9491	60.8425
			*CONTROL_POS_SAMPLE 2304	30.8014	-46.6525	60.6515
			*CONTROL_POS_SAMPLE 2496	34.8682	-51.1016	59.7032
			*CONTROL_POS_SAMPLE 2688	38.5695	-54.8042	58.2353
			*CONTROL_POS_SAMPLE 2880	41.4803	-57.4706	56.6948
			*CONTROL_POS_SAMPLE 3072	43.2108	-58.6311	55.7401
			*CONTROL_POS_SAMPLE 3264	44.3956	-59.0744	55.1769
			*CONTROL_POS_SAMPLE 3456	46.0097	-60.2375	54.1465
			*CONTROL_POS_SAMPLE 3648	48.1599	-62.3977	52.3192
			*CONTROL_POS_SAMPLE 3840	49.1343	-63.7179	50.066
			*CONTROL_POS_SAMPLE 4032	48.7785	-64.1982	48.9168
			*CONTROL_POS_SAMPLE 4224	50.6565	-67.4134	49.1696
			*CONTROL_POS_SAMPLE 4416	57.6684	-76.3227	50.6037
			*CONTROL_POS_SAMPLE 4608	65.2837	-86.1908	55.5685
			*CONTROL_POS_SAMPLE 4800	71.6202	-94.3658	60.5141
			*CONTROL_POS_SAMPLE 4992	75.2422	-99.4546	62.2235
			*CONTROL_POS_SAMPLE 5184	76.2046	-101.296	60.6166
		}
		*CONTROL_ROT_TRACK {
			*CONTROL_ROT_SAMPLE 192	0.66986	0.2662	-0.693127	3.63648
			*CONTROL_ROT_SAMPLE 384	0.664658	0.274621	-0.694847	3.62307
			*CONTROL_ROT_SAMPLE 576	0.677979	0.269733	-0.683805	3.63381
			*CONTROL_ROT_SAMPLE 768	-0.693036	-0.261731	0.671713	2.63116
			*CONTROL_ROT_SAMPLE 960	-0.703143	-0.254618	0.663897	2.61571
			*CONTROL_ROT_SAMPLE 1152	-0.714017	-0.245207	0.655785	2.59884
			*CONTROL_ROT_SAMPLE 1344	-0.723849	-0.236655	0.648103	2.58617
			*CONTROL_ROT_SAMPLE 1536	-0.734296	-0.225634	0.640234	2.57289
			*CONTROL_ROT_SAMPLE 1728	-0.746264	-0.213107	0.630615	2.55883
			*CONTROL_ROT_SAMPLE 1920	-0.754145	-0.209801	0.622294	2.5595
			*CONTROL_ROT_SAMPLE 2112	-0.734058	-0.258926	0.627787	2.63988
			*CONTROL_ROT_SAMPLE 2304	-0.711979	-0.305084	0.632463	2.71442
			*CONTROL_ROT_SAMPLE 2496	-0.687846	-0.349368	0.636247	2.78915
			*CONTROL_ROT_SAMPLE 2688	-0.664948	-0.387522	0.638492	2.85531
			*CONTROL_ROT_SAMPLE 2880	-0.646341	-0.416638	0.639262	2.90583
			*CONTROL_ROT_SAMPLE 3072	0.635167	0.431778	-0.640414	3.35282
			*CONTROL_ROT_SAMPLE 3264	0.627448	0.439855	-0.642524	3.34074
			*CONTROL_ROT_SAMPLE 3456	0.616396	0.454153	-0.643274	3.31503
			*CONTROL_ROT_SAMPLE 3648	0.600807	0.47728	-0.641276	3.26954
			*CONTROL_ROT_SAMPLE 3840	0.585981	0.499172	-0.638321	3.21314
			*CONTROL_ROT_SAMPLE 4032	0.58007	0.50718	-0.637407	3.1748
			*CONTROL_ROT_SAMPLE 4224	0.57631	0.509025	-0.639343	3.15962
			*CONTROL_ROT_SAMPLE 4416	0.563848	0.517713	-0.643466	3.15238
			*CONTROL_ROT_SAMPLE 4608	0.568004	0.498419	-0.654943	3.20814
			*CONTROL_ROT_SAMPLE 4800	0.584115	0.453665	-0.673051	3.29646
			*CONTROL_ROT_SAMPLE 4992	0.617528	0.379401	-0.688995	3.43131
			*CONTROL_ROT_SAMPLE 5184	0.664232	0.280173	-0.693035	3.63194
		}
	}
}
*HELPEROBJECT {
	*NODE_NAME "Bip01 L Foot"
	*NODE_PARENT "Bip01 L Calf"
	*NODE_TM {
		*NODE_NAME "Bip01 L Foot"
		*TM_ROW0 0.0195879	0.00534476	-0.999794
		*TM_ROW1 0.448578	-0.893735	0.00401072
		*TM_ROW2 -0.893529	-0.448564	-0.0199039
		*TM_ROW3 -3.76714	1.67568	10.5281
		*TM_POS -3.76714	1.67568	10.5281
		*TM_ROTAXIS -0.704597	-0.16544	0.690053
		*TM_ROTANGLE 2.81464
		*TM_SCALE 1	1	1
		*TM_SCALEAXIS 0	0	0
		*TM_SCALEAXISANG 0	0	0
	}
	*TM_ANIMATION {
		*NODE_NAME "Bip01 L Foot"
		*CONTROL_POS_TRACK {
			*CONTROL_POS_SAMPLE 192	-3.76714	1.67568	10.5281
			*CONTROL_POS_SAMPLE 384	-1.32598	-2.55589	12.732
			*CONTROL_POS_SAMPLE 576	4.84034	-7.85046	15.6887
			*CONTROL_POS_SAMPLE 768	10.9041	-13.1535	17.7809
			*CONTROL_POS_SAMPLE 960	15.7264	-18.2535	18.3602
			*CONTROL_POS_SAMPLE 1152	20.4461	-23.362	18.075
			*CONTROL_POS_SAMPLE 1344	24.6517	-28.0588	17.2537
			*CONTROL_POS_SAMPLE 1536	28.2174	-32.2741	15.7077
			*CONTROL_POS_SAMPLE 1728	31.2691	-36.0777	13.6256
			*CONTROL_POS_SAMPLE 1920	33.7727	-39.259	11.9015
			*CONTROL_POS_SAMPLE 2112	33.5246	-39.259	12.2655
			*CONTROL_POS_SAMPLE 2304	33.6557	-39.1463	12.215
			*CONTROL_POS_SAMPLE 2496	33.8199	-39.0125	12.1287
			*CONTROL_POS_SAMPLE 2688	34.0041	-38.8683	12.0208
			*CONTROL_POS_SAMPLE 2880	34.1951	-38.7247	11.9053
			*CONTROL_POS_SAMPLE 3072	34.3798	-38.5925	11.7964
			*CONTROL_POS_SAMPLE 3264	34.545	-38.4824	11.7083
			*CONTROL_POS_SAMPLE 3456	34.6775	-38.4054	11.6551
			*CONTROL_POS_SAMPLE 3648	34.7642	-38.3723	11.6509
			*CONTROL_POS_SAMPLE 3840	33.8368	-37.2724	11.6315
			*CONTROL_POS_SAMPLE 4032	32.7396	-36.3561	11.7933
			*CONTROL_POS_SAMPLE 4224	34.1781	-39.1753	12.541
			*CONTROL_POS_SAMPLE 4416	39.7914	-48.0001	14.7035
			*CONTROL_POS_SAMPLE 4608	47.9403	-60.5604	17.4519
			*CONTROL_POS_SAMPLE 4800	56.4129	-73.5976	18.705
			*CONTROL_POS_SAMPLE 4992	64.8563	-86.5917	15.993
			*CONTROL_POS_SAMPLE 5184	73.6639	-100.122	11.5988
		}
		*CONTROL_ROT_TRACK {
			*CONTROL_ROT_SAMPLE 192	-0.704597	-0.16544	0.690053	2.81464
			*CONTROL_ROT_SAMPLE 384	-0.703733	-0.181193	0.686971	2.78419
			*CONTROL_ROT_SAMPLE 576	-0.703795	-0.180155	0.68718	2.78619
			*CONTROL_ROT_SAMPLE 768	-0.704002	-0.176629	0.687883	2.793
			*CONTROL_ROT_SAMPLE 960	-0.704142	-0.174141	0.688374	2.7978
			*CONTROL_ROT_SAMPLE 1152	-0.704409	-0.169167	0.689341	2.80742
			*CONTROL_ROT_SAMPLE 1344	-0.704597	-0.16544	0.690053	2.81464
			*CONTROL_ROT_SAMPLE 1536	-0.704637	-0.164612	0.69021	2.81624
			*CONTROL_ROT_SAMPLE 1728	-0.704617	-0.165026	0.690132	2.81544
			*CONTROL_ROT_SAMPLE 1920	-0.704597	-0.16544	0.690053	2.81464
			*CONTROL_ROT_SAMPLE 2112	-0.704597	-0.16544	0.690053	2.81464
			*CONTROL_ROT_SAMPLE 2304	-0.704597	-0.16544	0.690053	2.81464
			*CONTROL_ROT_SAMPLE 2496	-0.704597	-0.16544	0.690053	2.81464
			*CONTROL_ROT_SAMPLE 2688	-0.704597	-0.16544	0.690053	2.81464
			*CONTROL_ROT_SAMPLE 2880	-0.704597	-0.16544	0.690053	2.81464
			*CONTROL_ROT_SAMPLE 3072	-0.704597	-0.16544	0.690053	2.81464
			*CONTROL_ROT_SAMPLE 3264	-0.704597	-0.16544	0.690053	2.81464
			*CONTROL_ROT_SAMPLE 3456	-0.704597	-0.16544	0.690053	2.81464
			*CONTROL_ROT_SAMPLE 3648	-0.704597	-0.16544	0.690053	2.81464
			*CONTROL_ROT_SAMPLE 3840	-0.704597	-0.16544	0.690053	2.81464
			*CONTROL_ROT_SAMPLE 4032	-0.704597	-0.16544	0.690053	2.81464
			*CONTROL_ROT_SAMPLE 4224	-0.704597	-0.16544	0.690053	2.81464
			*CONTROL_ROT_SAMPLE 4416	-0.704597	-0.16544	0.690053	2.81464
			*CONTROL_ROT_SAMPLE 4608	-0.704597	-0.16544	0.690053	2.81464
			*CONTROL_ROT_SAMPLE 4800	-0.704597	-0.16544	0.690053	2.81464
			*CONTROL_ROT_SAMPLE 4992	-0.704597	-0.16544	0.690053	2.81464
			*CONTROL_ROT_SAMPLE 5184	-0.704597	-0.16544	0.690053	2.81464
		}
	}
}
*HELPEROBJECT {
	*NODE_NAME "Bip01 L Toe0"
	*NODE_PARENT "Bip01 L Foot"
	*NODE_TM {
		*NODE_NAME "Bip01 L Toe0"
		*TM_ROW0 0.448584	-0.893732	0.0039395
		*TM_ROW1 -0.0195529	-0.00540699	0.999794
		*TM_ROW2 -0.893527	-0.448569	-0.0199005
		*TM_ROW3 6.63771	-18.4944	-2.00519
		*TM_POS 6.63771	-18.4944	-2.00519
		*TM_ROTAXIS -0.756308	0.46864	0.45648
		*TM_ROTANGLE 1.86331
		*TM_SCALE 1	1	1
		*TM_SCALEAXIS 0	0	0
		*TM_SCALEAXISANG 0	0	0
	}
	*TM_ANIMATION {
		*NODE_NAME "Bip01 L Toe0"
		*CONTROL_POS_TRACK {
			*CONTROL_POS_SAMPLE 192	6.63771	-18.4944	-2.00519
			*CONTROL_POS_SAMPLE 384	9.99076	-22.2452	0.22446
			*CONTROL_POS_SAMPLE 576	16.0978	-27.5726	3.17933
			*CONTROL_POS_SAMPLE 768	21.959	-32.9861	5.26556
			*CONTROL_POS_SAMPLE 960	26.6378	-38.1629	5.8407
			*CONTROL_POS_SAMPLE 1152	31.0688	-43.4219	5.54748
			*CONTROL_POS_SAMPLE 1344	35.0565	-48.2289	4.72038
			*CONTROL_POS_SAMPLE 1536	38.5737	-52.4684	3.17311
			*CONTROL_POS_SAMPLE 1728	41.6497	-56.2599	1.09165
			*CONTROL_POS_SAMPLE 1920	44.1776	-59.4291	-0.631811
			*CONTROL_POS_SAMPLE 2112	43.9295	-59.4291	-0.267846
			*CONTROL_POS_SAMPLE 2304	44.0606	-59.3164	-0.318307
			*CONTROL_POS_SAMPLE 2496	44.2248	-59.1826	-0.404603
			*CONTROL_POS_SAMPLE 2688	44.409	-59.0384	-0.512559
			*CONTROL_POS_SAMPLE 2880	44.6	-58.8948	-0.628038
			*CONTROL_POS_SAMPLE 3072	44.7847	-58.7626	-0.73691
			*CONTROL_POS_SAMPLE 3264	44.9498	-58.6525	-0.825036
			*CONTROL_POS_SAMPLE 3456	45.0823	-58.5755	-0.878247
			*CONTROL_POS_SAMPLE 3648	45.169	-58.5424	-0.882423
			*CONTROL_POS_SAMPLE 3840	44.2417	-57.4425	-0.901767
			*CONTROL_POS_SAMPLE 4032	43.1445	-56.5262	-0.740006
			*CONTROL_POS_SAMPLE 4224	44.583	-59.3454	0.00772902
			*CONTROL_POS_SAMPLE 4416	50.1962	-68.1702	2.1702
			*CONTROL_POS_SAMPLE 4608	58.3452	-80.7305	4.91863
			*CONTROL_POS_SAMPLE 4800	66.8178	-93.7677	6.17166
			*CONTROL_POS_SAMPLE 4992	75.2612	-106.762	3.45971
			*CONTROL_POS_SAMPLE 5184	84.0688	-120.292	-0.934557
		}
		*CONTROL_ROT_TRACK {
			*CONTROL_ROT_SAMPLE 192	-0.756308	0.46864	0.45648	1.86331
			*CONTROL_ROT_SAMPLE 384	-0.772427	0.456071	0.441991	1.84531
			*CONTROL_ROT_SAMPLE 576	-0.771375	0.456912	0.442959	1.84648
			*CONTROL_ROT_SAMPLE 768	-0.767788	0.459756	0.446234	1.85046
			*CONTROL_ROT_SAMPLE 960	-0.765249	0.461751	0.448532	1.85329
			*CONTROL_ROT_SAMPLE 1152	-0.76015	0.465705	0.453091	1.85899
			*CONTROL_ROT_SAMPLE 1344	-0.756308	0.46864	0.45648	1.86331
			*CONTROL_ROT_SAMPLE 1536	-0.755453	0.469289	0.457229	1.86428
			*CONTROL_ROT_SAMPLE 1728	-0.755881	0.468965	0.456855	1.86379
			*CONTROL_ROT_SAMPLE 1920	-0.756308	0.46864	0.45648	1.86331
			*CONTROL_ROT_SAMPLE 2112	-0.756308	0.46864	0.45648	1.86331
			*CONTROL_ROT_SAMPLE 2304	-0.756308	0.46864	0.45648	1.86331
			*CONTROL_ROT_SAMPLE 2496	-0.756308	0.46864	0.45648	1.86331
			*CONTROL_ROT_SAMPLE 2688	-0.756308	0.46864	0.45648	1.86331
			*CONTROL_ROT_SAMPLE 2880	-0.756308	0.46864	0.45648	1.86331
			*CONTROL_ROT_SAMPLE 3072	-0.756308	0.46864	0.45648	1.86331
			*CONTROL_ROT_SAMPLE 3264	-0.756308	0.46864	0.45648	1.86331
			*CONTROL_ROT_SAMPLE 3456	-0.756308	0.46864	0.45648	1.86331
			*CONTROL_ROT_SAMPLE 3648	-0.756308	0.46864	0.45648	1.86331
			*CONTROL_ROT_SAMPLE 3840	-0.756308	0.46864	0.45648	1.86331
			*CONTROL_ROT_SAMPLE 4032	-0.756308	0.46864	0.45648	1.86331
			*CONTROL_ROT_SAMPLE 4224	-0.756308	0.46864	0.45648	1.86331
			*CONTROL_ROT_SAMPLE 4416	-0.756308	0.46864	0.45648	1.86331
			*CONTROL_ROT_SAMPLE 4608	-0.756308	0.46864	0.45648	1.86331
			*CONTROL_ROT_SAMPLE 4800	-0.756308	0.46864	0.45648	1.86331
			*CONTROL_ROT_SAMPLE 4992	-0.756308	0.46864	0.45648	1.86331
			*CONTROL_ROT_SAMPLE 5184	-0.756308	0.46864	0.45648	1.86331
		}
	}
}
*HELPEROBJECT {
	*NODE_NAME "Bip01 R Thigh"
	*NODE_PARENT "Bip01 Pelvis"
	*NODE_TM {
		*NODE_NAME "Bip01 R Thigh"
		*TM_ROW0 -0.152363	-0.193514	-0.969194
		*TM_ROW1 0.0033049	-0.980738	0.195299
		*TM_ROW2 -0.988319	0.0265532	0.150067
		*TM_ROW3 -29.7315	6.6761	93.1555
		*TM_POS -29.7315	6.6761	93.1555
		*TM_ROTAXIS 0.649126	-0.0735679	-0.757115
		*TM_ROTANGLE 3.27194
		*TM_SCALE 1	1	1
		*TM_SCALEAXIS 0	0	0
		*TM_SCALEAXISANG 0	0	0
	}
	*TM_ANIMATION {
		*NODE_NAME "Bip01 R Thigh"
		*CONTROL_POS_TRACK {
			*CONTROL_POS_SAMPLE 192	-29.7315	6.6761	93.1555
			*CONTROL_POS_SAMPLE 384	-30.0034	5.36762	91.4298
			*CONTROL_POS_SAMPLE 576	-29.0329	2.85003	89.9748
			*CONTROL_POS_SAMPLE 768	-27.1498	-0.578876	88.7437
			*CONTROL_POS_SAMPLE 960	-24.6838	-4.62131	87.6892
			*CONTROL_POS_SAMPLE 1152	-21.9644	-8.97947	86.7646
			*CONTROL_POS_SAMPLE 1344	-19.3213	-13.3556	85.9227
			*CONTROL_POS_SAMPLE 1536	-17.0841	-17.4518	85.1166
			*CONTROL_POS_SAMPLE 1728	-15.2415	-21.7902	84.7064
			*CONTROL_POS_SAMPLE 1920	-13.2162	-26.7666	84.8322
			*CONTROL_POS_SAMPLE 2112	-10.4886	-31.8944	85.1166
			*CONTROL_POS_SAMPLE 2304	-6.75368	-37.2549	85.3488
			*CONTROL_POS_SAMPLE 2496	-2.43329	-42.8852	85.5732
			*CONTROL_POS_SAMPLE 2688	1.90116	-48.2314	85.7956
			*CONTROL_POS_SAMPLE 2880	5.67829	-52.7398	86.0221
			*CONTROL_POS_SAMPLE 3072	8.15545	-55.1909	86.2585
			*CONTROL_POS_SAMPLE 3264	9.98041	-56.4808	86.5107
			*CONTROL_POS_SAMPLE 3456	12.6674	-59.2288	86.7846
			*CONTROL_POS_SAMPLE 3648	16.9212	-64.5798	87.0863
			*CONTROL_POS_SAMPLE 3840	21.9189	-71.145	87.4215
			*CONTROL_POS_SAMPLE 4032	26.8834	-77.7425	87.7963
			*CONTROL_POS_SAMPLE 4224	31.0373	-83.1909	88.2164
			*CONTROL_POS_SAMPLE 4416	32.394	-85.174	88.688
			*CONTROL_POS_SAMPLE 4608	33.6045	-86.1086	89.4517
			*CONTROL_POS_SAMPLE 4800	37.51	-88.834	90.5933
			*CONTROL_POS_SAMPLE 4992	42.266	-91.9702	91.886
			*CONTROL_POS_SAMPLE 5184	47.022	-95.1065	93.1032
		}
		*CONTROL_ROT_TRACK {
			*CONTROL_ROT_SAMPLE 192	0.649126	-0.0735679	-0.757115	3.27194
			*CONTROL_ROT_SAMPLE 384	0.634023	-0.114946	-0.764724	3.2381
			*CONTROL_ROT_SAMPLE 576	0.626241	-0.116687	-0.770848	3.22895
			*CONTROL_ROT_SAMPLE 768	0.6176	-0.103095	-0.779707	3.20381
			*CONTROL_ROT_SAMPLE 960	0.607791	-0.0782286	-0.790234	3.16184
			*CONTROL_ROT_SAMPLE 1152	0.59633	-0.0455864	-0.801444	3.10087
			*CONTROL_ROT_SAMPLE 1344	0.581195	-0.00292384	-0.813759	3.02047
			*CONTROL_ROT_SAMPLE 1536	0.570191	0.0467095	-0.820183	2.92317
			*CONTROL_ROT_SAMPLE 1728	0.568027	0.135513	-0.811777	2.71037
			*CONTROL_ROT_SAMPLE 1920	0.574242	0.153458	-0.804174	2.68405
			*CONTROL_ROT_SAMPLE 2112	0.582419	0.154923	-0.797989	2.69032
			*CONTROL_ROT_SAMPLE 2304	0.591854	0.0758476	-0.802469	2.91419
			*CONTROL_ROT_SAMPLE 2496	0.596913	0.0352585	-0.801531	3.04098
			*CONTROL_ROT_SAMPLE 2688	0.603043	-0.000768595	-0.797708	3.15522
			*CONTROL_ROT_SAMPLE 2880	0.613107	-0.0399546	-0.788989	3.26944
			*CONTROL_ROT_SAMPLE 3072	0.629976	-0.0923724	-0.771101	3.39671
			*CONTROL_ROT_SAMPLE 3264	0.65092	-0.148892	-0.744402	3.51758
			*CONTROL_ROT_SAMPLE 3456	0.669921	-0.187101	-0.71847	3.60046
			*CONTROL_ROT_SAMPLE 3648	0.68395	-0.198724	-0.701941	3.63921
			*CONTROL_ROT_SAMPLE 3840	-0.695221	0.196823	0.691324	2.62672
			*CONTROL_ROT_SAMPLE 4032	-0.705737	0.190948	0.682257	2.6159
			*CONTROL_ROT_SAMPLE 4224	-0.717374	0.188327	0.670751	2.60007
			*CONTROL_ROT_SAMPLE 4416	-0.713661	0.172833	0.678834	2.62227
			*CONTROL_ROT_SAMPLE 4608	-0.709727	0.159032	0.686291	2.64182
			*CONTROL_ROT_SAMPLE 4800	0.695841	-0.126906	-0.706895	3.60024
			*CONTROL_ROT_SAMPLE 4992	0.678132	-0.0856882	-0.729928	3.5435
			*CONTROL_ROT_SAMPLE 5184	0.659411	-0.0403135	-0.750701	3.47375
		}
	}
}
*HELPEROBJECT {
	*NODE_NAME "Bip01 R Calf"
	*NODE_PARENT "Bip01 R Thigh"
	*NODE_TM {
		*NODE_NAME "Bip01 R Calf"
		*TM_ROW0 -0.124811	0.424023	-0.89701
		*TM_ROW1 -0.0874505	-0.905262	-0.415756
		*TM_ROW2 -0.988319	0.0265533	0.150067
		*TM_ROW3 -35.7262	-0.937673	55.0227
		*TM_POS -35.7262	-0.937673	55.0227
		*TM_ROTAXIS 0.64823	0.133819	-0.749594
		*TM_ROTANGLE 2.79343
		*TM_SCALE 1	1	1
		*TM_SCALEAXIS 0	0	0
		*TM_SCALEAXISANG 0	0	0
	}
	*TM_ANIMATION {
		*NODE_NAME "Bip01 R Calf"
		*CONTROL_POS_TRACK {
			*CONTROL_POS_SAMPLE 192	-35.7262	-0.937673	55.0227
			*CONTROL_POS_SAMPLE 384	-37.6067	-3.25287	53.8014
			*CONTROL_POS_SAMPLE 576	-37.4262	-5.53515	52.4614
			*CONTROL_POS_SAMPLE 768	-36.433	-7.49185	51.1398
			*CONTROL_POS_SAMPLE 960	-34.9547	-8.99198	49.961
			*CONTROL_POS_SAMPLE 1152	-33.3054	-9.83384	49.0994
			*CONTROL_POS_SAMPLE 1344	-31.8948	-9.62014	48.8287
			*CONTROL_POS_SAMPLE 1536	-30.2147	-8.38849	49.1519
			*CONTROL_POS_SAMPLE 1728	-26.7572	-2.66035	52.3111
			*CONTROL_POS_SAMPLE 1920	-23.9003	-6.21204	53.03
			*CONTROL_POS_SAMPLE 2112	-20.5383	-11.457	53.0334
			*CONTROL_POS_SAMPLE 2304	-17.8762	-26.65	49.1295
			*CONTROL_POS_SAMPLE 2496	-13.6126	-38.0657	48.1591
			*CONTROL_POS_SAMPLE 2688	-8.82497	-48.6956	47.9439
			*CONTROL_POS_SAMPLE 2880	-3.88663	-58.6175	48.3129
			*CONTROL_POS_SAMPLE 3072	0.80825	-67.3522	49.5687
			*CONTROL_POS_SAMPLE 3264	5.56007	-74.5953	51.8647
			*CONTROL_POS_SAMPLE 3456	10.8815	-81.1028	54.1296
			*CONTROL_POS_SAMPLE 3648	16.9259	-87.8094	55.3309
			*CONTROL_POS_SAMPLE 3840	23.2427	-94.6084	55.8664
			*CONTROL_POS_SAMPLE 4032	29.3976	-101.101	56.2355
			*CONTROL_POS_SAMPLE 4224	34.9205	-106.664	56.8805
			*CONTROL_POS_SAMPLE 4416	35.6722	-107.495	56.4541
			*CONTROL_POS_SAMPLE 4608	36.2849	-107.387	56.466
			*CONTROL_POS_SAMPLE 4800	38.3636	-107.737	56.0976
			*CONTROL_POS_SAMPLE 4992	40.801	-107.595	55.8063
			*CONTROL_POS_SAMPLE 5184	43.1086	-106.772	55.732
		}
		*CONTROL_ROT_TRACK {
			*CONTROL_ROT_SAMPLE 192	0.64823	0.133819	-0.749594	2.79343
			*CONTROL_ROT_SAMPLE 384	0.649591	0.122462	-0.750356	2.68135
			*CONTROL_ROT_SAMPLE 576	0.643832	0.134198	-0.753307	2.6317
			*CONTROL_ROT_SAMPLE 768	0.633174	0.146349	-0.760048	2.59607
			*CONTROL_ROT_SAMPLE 960	0.618923	0.156507	-0.769701	2.57294
			*CONTROL_ROT_SAMPLE 1152	0.602544	0.161887	-0.781494	2.56255
			*CONTROL_ROT_SAMPLE 1344	0.582232	0.160643	-0.796994	2.57767
			*CONTROL_ROT_SAMPLE 1536	0.567522	0.157676	-0.80812	2.61466
			*CONTROL_ROT_SAMPLE 1728	0.568008	0.135836	-0.811736	2.70949
			*CONTROL_ROT_SAMPLE 1920	0.574217	0.153787	-0.804129	2.68317
			*CONTROL_ROT_SAMPLE 2112	0.582393	0.155257	-0.797943	2.68944
			*CONTROL_ROT_SAMPLE 2304	0.580133	0.221599	-0.783798	2.53684
			*CONTROL_ROT_SAMPLE 2496	0.577935	0.255862	-0.774936	2.47441
